Date/Time,Electricity:Facility [kW](Hourly),Fans:Electricity [kW](Hourly),Cooling:Electricity [kW](Hourly),Heating:Electricity [kW](Hourly),InteriorLights:Electricity [kW](Hourly),InteriorEquipment:Electricity [kW](Hourly),Gas:Facility [kW](Hourly),Heating:Gas [kW](Hourly),Water Heater:WaterSystems:Gas [kW](Hourly),Electricity:Facility [kW](Monthly)
 01/01  01:00:00,272.033878419,1.88938349203,2.18621953509,0.0,24.9203635341,149.522181205,18.7302353629,18.7102353629,0.02
 01/01  02:00:00,265.722618257,1.64294216698,1.3612396645,0.0,24.9203635341,149.522181205,21.4169720541,19.2276278542,2.18934419981
 01/01  03:00:00,268.453415324,2.05367770873,1.08555095937,0.0,24.9203635341,149.522181205,29.5920665868,27.4026812634,2.18938532337
 01/01  04:00:00,264.17650512,1.64294216698,1.1249131773,0.0,24.9203635341,149.522181205,23.399243521,21.2100438825,2.18919963845
 01/01  05:00:00,286.599037251,2.05367770873,1.77668864361,0.0,24.9203635341,149.522181205,28.272895523,26.0834869191,2.18940860389
 01/01  06:00:00,303.861743486,1.64294216698,1.522743568,0.0,24.9203635341,149.522181205,25.9063546895,21.5425105243,4.36384416525
 01/01  07:00:00,355.471350663,2.05367770873,1.23781754847,0.0,24.9203635341,149.522181205,32.6537011013,30.4643034682,2.18939763304
 01/01  08:00:00,365.552473645,1.64294216698,1.04541263623,0.0,24.9203635341,149.522181205,27.0672089608,24.8778281403,2.18938082051
 01/01  09:00:00,325.581663008,2.05367770873,0.785106546479,0.0,24.9203635341,149.522181205,35.4932500198,33.3038838467,2.18936617305
 01/01  10:00:00,286.077132269,1.64294216698,0.965094528939,0.0,24.9203635341,149.522181205,19.89622108,17.7068429675,2.18937811247
 01/01  11:00:00,245.980764335,2.05367770873,1.82811359909,0.0,24.9203635341,149.522181205,20.2032807701,18.0139039257,2.18937684436
 01/01  12:00:00,255.648622406,2.22752608411,9.08973177393,0.0,24.9203635341,149.522181205,15.4322174973,13.2409552761,2.1912622212
 01/01  13:00:00,475.00824354,21.6209711398,162.088360409,0.0,24.9203635341,149.522181205,15.6202136277,13.4289721306,2.19124149703
 01/01  14:00:00,439.80535173,16.8011710248,134.536933878,0.0,24.9203635341,149.522181205,11.145634891,6.77798032871,4.36765456233
 01/01  15:00:00,513.431933506,22.2820915558,194.341795511,0.0,24.9203635341,149.522181205,4.36255783043,0.0,4.36255783043
 01/01  16:00:00,458.422721182,17.3221848054,161.633594212,0.0,24.9203635341,149.522181205,2.18939612701,0.0,2.18939612701
 01/01  17:00:00,436.699164741,12.1332484571,121.226425685,0.0,24.9203635341,149.522181205,2.18940810283,0.0,2.18940810283
 01/01  18:00:00,391.07280858,1.43757439611,7.6257644278,0.0,24.9203635341,149.522181205,5.5321467836,3.34276345728,2.18938332632
 01/01  19:00:00,393.909474412,2.05367770873,8.73812468555,0.0,24.9203635341,149.522181205,9.68566826352,7.49626405911,2.18940420441
 01/01  20:00:00,356.796507886,1.64294216698,5.40771490743,0.0,24.9203635341,149.522181205,10.7513560939,8.56195258061,2.18940351327
 01/01  21:00:00,364.337817973,2.05367770873,6.00466912008,0.0,24.9203635341,149.522181205,13.8261662528,11.6369058738,2.18926037901
 01/01  22:00:00,330.705173852,1.64294216698,3.82674696578,0.0,24.9203635341,149.522181205,13.168953173,10.9769564704,2.19199670261
 01/01  23:00:00,313.547875129,2.05367770873,4.18169300935,0.0,24.9203635341,149.522181205,17.3212716522,15.1318915095,2.18938014267
 01/01  24:00:00,280.595327627,1.64294216698,2.65774520586,0.0,24.9203635341,149.522181205,15.6598117885,13.470504624,2.1893071645
 01/02  01:00:00,325.980300081,2.05367770873,3.47140148676,0.0,24.9203635341,199.362908273,17.5588938395,15.3685910742,2.1903027653
 01/02  02:00:00,321.800644283,1.64294216698,2.72521680096,0.0,24.9203635341,199.362908273,14.2161923842,12.0258467956,2.19034558866
 01/02  03:00:00,330.571612754,2.05367770873,3.72940526684,0.0,24.9203635341,199.362908273,21.039492351,16.6791048488,4.36038750217
 01/02  04:00:00,319.501353595,1.64294216698,2.38165552625,0.0,24.9203635341,199.362908273,16.7684388664,14.5781360592,2.19030280717
 01/02  05:00:00,339.326309791,2.05367770873,3.35188331228,0.0,24.9203635341,199.362908273,21.3171922175,19.1268463702,2.19034584729
 01/02  06:00:00,379.518234327,1.64294216698,2.22549014503,0.0,49.8407270682,199.362908273,20.21329116,15.8472147354,4.36607642461
 01/02  07:00:00,720.553927034,30.3148174886,204.316346916,0.0,49.8407270682,199.362908273,1256.54875591,1254.35669989,2.19205601703
 01/02  08:00:00,661.531168698,30.3148174886,68.0208325083,0.0,149.522181205,199.362908273,969.89400982,961.141857039,8.75215278143
 01/02  09:00:00,1140.54546736,30.3148174886,33.2335336689,0.0,448.566543614,448.566543614,474.246527158,456.640954922,17.6055722363
 01/02  10:00:00,1136.23541039,30.3148174886,56.9149477985,0.0,448.566543614,448.566543614,276.445589026,258.814984978,17.6306040481
 01/02  11:00:00,1167.44132287,30.3263923385,116.925473816,0.0,448.566543614,448.566543614,213.525151417,195.888503264,17.6366481522
 01/02  12:00:00,1247.70647199,30.3148174886,194.441649177,0.0,448.566543614,448.566543614,196.395497344,174.279128525,22.1163688188
 01/02  13:00:00,1251.42336579,31.3468912473,246.057980199,0.0,448.566543614,398.725816546,196.403371863,169.755005236,26.6483666265
 01/02  14:00:00,1325.3028712,34.1186365152,266.461084085,0.0,448.566543614,448.566543614,135.25095381,110.847851964,24.4031018457
 01/02  15:00:00,1332.85785031,31.6344812147,276.12281058,0.0,448.566543614,448.566543614,103.745294621,88.3446849354,15.4006096861
 01/02  16:00:00,1332.7730584,30.7528862077,276.936161957,0.0,448.566543614,448.566543614,90.7437227461,75.350176189,15.3935465571
 01/02  17:00:00,1377.56491505,30.4568450262,273.373852519,0.0,448.566543614,448.566543614,88.0058433753,68.1251880468,19.8806553285
 01/02  18:00:00,1295.24118104,30.3148174886,261.827260657,0.0,348.885089477,398.725816546,146.281883834,133.12447165,13.157412184
 01/02  19:00:00,1093.61491661,30.3148174886,251.344648154,0.0,249.203635341,299.044362409,200.281691265,191.522398991,8.75929227413
 01/02  20:00:00,1023.58507103,30.3148174886,206.602199156,0.0,249.203635341,299.044362409,218.067815306,209.330757065,8.73705824059
 01/02  21:00:00,799.693449619,30.3148174886,132.770852911,0.0,149.522181205,249.203635341,291.486647585,284.922964792,6.56368279248
 01/02  22:00:00,738.024529521,30.3148174886,101.660958588,0.0,149.522181205,249.203635341,349.30137628,344.935439785,4.36593649542
 01/02  23:00:00,349.356879348,0.0,0.0,0.0,49.8407270682,199.362908273,2.19030171983,0.0,2.19030171983
 01/02  24:00:00,299.992120416,0.0,0.0,0.0,24.9203635341,199.362908273,2.19025887679,0.0,2.19025887679
 01/03  01:00:00,287.769924312,0.0,0.0,0.0,24.9203635341,199.362908273,4.36039851898,0.0,4.36039851898
 01/03  02:00:00,287.769924245,0.0,0.0,0.0,24.9203635341,199.362908273,2.19013928804,0.0,2.19013928804
 01/03  03:00:00,287.769924109,0.0,0.0,0.0,24.9203635341,199.362908273,2.19009944284,0.0,2.19009944284
 01/03  04:00:00,287.7699241,0.0,0.0,0.0,24.9203635341,199.362908273,2.19005967987,0.0,2.19005967987
 01/03  05:00:00,299.992121989,0.0,0.0,0.0,24.9203635341,199.362908273,2.19036446066,0.0,2.19036446066
 01/03  06:00:00,356.771896633,0.410735541745,0.216159866271,0.0,49.8407270682,199.362908273,6.41758071388,2.05160442187,4.36597629201
 01/03  07:00:00,698.124894475,30.3148174886,199.923482407,0.0,49.8407270682,199.362908273,955.405803723,951.041484095,4.3643196276
 01/03  08:00:00,545.304556473,30.3148174886,0.0,0.0,149.522181205,199.362908273,1316.93053631,1308.17792445,8.75261185581
 01/03  09:00:00,1050.66702295,30.3148174886,0.0,0.0,448.566543614,448.566543614,979.53815573,964.129429518,15.4087262122
 01/03  10:00:00,1013.9732323,30.3148174886,0.0,0.0,448.566543614,448.566543614,853.970052382,836.342854417,17.6271979652
 01/03  11:00:00,964.987207311,30.3148174886,0.0,0.0,448.566543614,448.566543614,718.29210089,700.655800101,17.6363007886
 01/03  12:00:00,964.923251216,30.3148174886,0.0,0.0,448.566543614,448.566543614,648.688604647,626.569236192,22.1193684552
 01/03  13:00:00,915.108917735,30.3148174886,0.0,0.0,448.566543614,398.725816546,661.72922684,635.069679588,26.6595472526
 01/03  14:00:00,964.841167556,30.3148174886,0.0,0.0,448.566543614,448.566543614,572.092050994,547.691137249,24.4009137455
 01/03  15:00:00,964.765801819,30.3148174886,0.0,0.0,448.566543614,448.566543614,519.130387652,501.531287128,17.599100524
 01/03  16:00:00,964.74910687,30.3148174886,0.0,0.0,448.566543614,448.566543614,509.410029276,494.016087602,15.3939416738
 01/03  17:00:00,1013.66516505,30.3148174886,0.0,0.0,448.566543614,448.566543614,531.84354138,511.961709575,19.8818318046
 01/03  18:00:00,943.66727515,30.3148174886,0.0,0.0,348.885089477,398.725816546,632.625066741,621.659236093,10.9658306485
 01/03  19:00:00,753.052238611,30.3148174886,0.0,0.0,249.203635341,299.044362409,774.487071798,763.54229063,10.9447811683
 01/03  20:00:00,728.889407888,30.3148174886,0.0,0.0,249.203635341,299.044362409,924.687158545,918.129535613,6.55762293241
 01/03  21:00:00,579.772730663,30.3148174886,0.0,0.0,149.522181205,249.203635341,1073.88386695,1065.13920745,8.74465949497
 01/03  22:00:00,555.529168567,30.3148174886,0.0,0.0,149.522181205,249.203635341,1044.49482159,1040.12884233,4.36597925977
 01/03  23:00:00,349.35688118,0.0,0.0,0.0,49.8407270682,199.362908273,2.1902163143,0.0,2.1902163143
 01/03  24:00:00,299.992121943,0.0,0.0,0.0,24.9203635341,199.362908273,2.19017664101,0.0,2.19017664101
 01/04  01:00:00,326.498453125,2.05367770873,3.21876294612,0.0,24.9203635341,199.362908273,8.2516110184,6.06146985142,2.19014116698
 01/04  02:00:00,317.649611092,1.64294216698,2.12001204561,0.0,24.9203635341,199.362908273,8.84387335321,6.65358362556,2.19028972765
 01/04  03:00:00,318.568541738,2.05367770873,1.35194850183,0.0,24.9203635341,199.362908273,13.8478734029,11.6575283726,2.19034503029
 01/04  04:00:00,312.28539857,1.64294216698,0.712582119592,0.0,24.9203635341,199.362908273,15.1325962946,10.7718803804,4.36071591419
 01/04  05:00:00,315.138914348,2.05367770873,0.0475661761296,0.0,24.9203635341,199.362908273,22.9331558744,20.7427832911,2.19037258328
 01/04  06:00:00,591.240619712,21.8650229289,170.083732246,0.0,49.8407270682,199.362908273,70.5721527933,66.2058463818,4.36630641152
 01/04  07:00:00,699.474986871,30.3148174886,204.595566572,0.0,49.8407270682,199.362908273,871.093698318,868.901512245,2.19218607344
 01/04  08:00:00,549.429035203,30.3148174886,0.0,0.0,149.522181205,199.362908273,2397.53323146,2388.78125227,8.75197919261
 01/04  09:00:00,1054.73148722,30.3148174886,0.0,0.0,448.566543614,448.566543614,1340.83723584,1323.23190964,17.6053261971
 01/04  10:00:00,1017.24624408,30.3148174886,0.0,0.0,448.566543614,448.566543614,1050.47475601,1032.84308903,17.6316669757
 01/04  11:00:00,967.835929541,30.3148174886,0.0,0.0,448.566543614,448.566543614,1016.35192814,998.715715816,17.636212328
 01/04  12:00:00,967.398939477,30.3148174886,0.0,0.0,448.566543614,448.566543614,954.891411529,932.7719041,22.1195074292
 01/04  13:00:00,917.079710455,30.3148174886,0.0,0.0,448.566543614,398.725816546,919.387954336,892.734795857,26.6531584784
 01/04  14:00:00,966.469938989,30.3148174886,0.0,0.0,448.566543614,448.566543614,850.177201935,825.772384982,24.4048169525
 01/04  15:00:00,966.401406685,30.3148174886,0.0,0.0,448.566543614,448.566543614,858.619744496,843.217581494,15.4021630022
 01/04  16:00:00,966.453444772,30.3148174886,0.0,0.0,448.566543614,448.566543614,847.800806091,832.405933484,15.3948726068
 01/04  17:00:00,1015.52472182,30.3148174886,0.0,0.0,448.566543614,448.566543614,871.844767714,849.751830466,22.092937248
 01/04  18:00:00,937.120067246,30.3148174886,0.0,0.0,348.885089477,398.725816546,916.808049899,905.837760495,10.9702894044
 01/04  19:00:00,755.069651574,30.3148174886,0.0,0.0,249.203635341,299.044362409,996.6380214,985.69338319,10.9446382095
 01/04  20:00:00,731.531010896,30.3148174886,0.0,0.0,249.203635341,299.044362409,1172.43545118,1165.87718279,6.5582683855
 01/04  21:00:00,583.120350958,30.3148174886,0.0,0.0,149.522181205,249.203635341,1217.23066844,1208.48662368,8.74404476576
 01/04  22:00:00,558.752917704,30.3148174886,0.0,0.0,149.522181205,249.203635341,1222.13036083,1219.93717453,2.19318630815
 01/04  23:00:00,357.528361514,0.616103312618,0.563398036214,0.0,49.8407270682,199.362908273,5.3064035462,0.946125474574,4.36027807163
 01/04  24:00:00,326.673106269,1.64294216698,1.54603167982,0.0,24.9203635341,199.362908273,5.83827233194,3.64816655348,2.19010577846
 01/05  01:00:00,422.611266994,13.3780429354,95.3481597658,0.0,24.9203635341,199.362908273,28.3492577821,26.1589058729,2.19035190919
 01/05  02:00:00,480.490812818,17.8206067765,136.395320397,0.0,24.9203635341,199.362908273,56.3025109624,54.1121255963,2.19038536606
 01/05  03:00:00,528.25981892,22.2757584706,170.496295719,0.0,24.9203635341,199.362908273,118.176227632,115.985874668,2.19035296358
 01/05  04:00:00,482.682398667,18.2882739102,137.176841218,0.0,24.9203635341,199.362908273,141.265054442,139.074666293,2.19038814895
 01/05  05:00:00,552.364975479,23.8346489163,174.699589493,0.0,24.9203635341,199.362908273,251.082634452,246.721942129,4.36069232296
 01/05  06:00:00,564.552095892,19.7692198336,144.578102267,0.0,49.8407270682,199.362908273,259.591760526,257.398592083,2.1931684423
 01/05  07:00:00,694.064427765,30.3148174886,204.591890753,0.0,49.8407270682,199.362908273,1327.42955429,1323.06502994,4.36452435464
 01/05  08:00:00,550.281776977,30.3148174886,0.0,0.0,149.522181205,199.362908273,2987.3012689,2978.54826365,8.75300524426
 01/05  09:00:00,1055.19727515,30.3148174886,0.0,0.0,448.566543614,448.566543614,1867.34934518,1849.74131889,17.608026286
 01/05  10:00:00,1018.24176463,30.3148174886,0.0,0.0,448.566543614,448.566543614,1503.89052414,1486.26113435,17.6293897965
 01/05  11:00:00,969.24588297,30.3148174886,0.0,0.0,448.566543614,448.566543614,1339.17213392,1321.53290569,17.6392282234
 01/05  12:00:00,969.092398078,30.3148174886,0.0,0.0,448.566543614,448.566543614,1169.16609598,1147.0466552,22.1194407768
 01/05  13:00:00,919.248591017,30.3148174886,0.0,0.0,448.566543614,398.725816546,1106.27255114,1079.62120366,26.6513474825
 01/05  14:00:00,969.031939545,30.3188838484,0.0,0.0,448.566543614,448.566543614,1048.41603303,1024.00934331,24.4066897236
 01/05  15:00:00,968.996500533,30.3148174886,0.0,0.0,448.566543614,448.566543614,1006.35578573,990.955225883,15.4005598443
 01/05  16:00:00,968.963073637,30.3148174886,0.0,0.0,448.566543614,448.566543614,964.820076139,949.425899672,15.3941764673
 01/05  17:00:00,1017.85696818,30.3148174886,0.0,0.0,448.566543614,448.566543614,951.011553723,931.126453554,19.8851001693
 01/05  18:00:00,939.321599984,30.3148174886,0.0,0.0,348.885089477,398.725816546,1072.26806499,1059.10756998,13.16049501
 01/05  19:00:00,757.273054489,30.3148174886,0.0,0.0,249.203635341,299.044362409,1338.71631542,1327.7718466,10.9444688174
 01/05  20:00:00,732.915327723,30.3148174886,0.0,0.0,249.203635341,299.044362409,1510.92943238,1504.37126012,6.55817226505
 01/05  21:00:00,583.561421797,30.3148174886,0.0,0.0,149.522181205,249.203635341,1694.19755854,1685.45243663,8.74512191096
 01/05  22:00:00,559.159189225,30.3148174886,0.0,0.0,149.522181205,249.203635341,1785.38297612,1783.18981444,2.19316167886
 01/05  23:00:00,388.227688299,3.52194446941,20.2991883062,0.0,49.8407270682,199.362908273,12.4204613868,8.06018322089,4.36027816595
 01/05  24:00:00,538.714617175,22.2757584706,170.289283493,0.0,24.9203635341,199.362908273,67.6378166994,65.4474538219,2.19036287756
 01/06  01:00:00,479.393964127,17.8206067765,136.396969348,0.0,24.9203635341,199.362908273,95.1167247,92.9266693316,2.19005536835
 01/06  02:00:00,539.600615048,24.0684824831,174.487126587,0.0,24.9203635341,199.362908273,196.879395912,194.689023703,2.19037220906
 01/06  03:00:00,501.067748539,19.3794972222,144.002078838,0.0,24.9203635341,199.362908273,225.26472986,223.074388548,2.19034131263
 01/06  04:00:00,539.086786588,24.2243715277,174.223173607,0.0,24.9203635341,199.362908273,334.925034339,332.734725714,2.19030862479
 01/06  05:00:00,512.946081789,19.3794972222,143.761714307,0.0,24.9203635341,199.362908273,327.964809734,323.604074511,4.36073522368
 01/06  06:00:00,600.317215999,24.2243715277,174.116463421,0.0,49.8407270682,199.362908273,403.357949672,401.164775954,2.19317371795
 01/06  07:00:00,693.482415281,30.3148174886,204.59523701,0.0,49.8407270682,199.362908273,1500.47667733,1496.11213494,4.36454239084
 01/06  08:00:00,550.431695357,30.3148174886,0.0,0.0,149.522181205,199.362908273,3124.70930614,3115.95614721,8.75315893173
 01/06  09:00:00,1055.28288261,30.3148174886,0.0,0.0,448.566543614,448.566543614,1984.68133986,1967.072628,17.6087118621
 01/06  10:00:00,1018.21458589,30.3148174886,0.0,0.0,448.566543614,448.566543614,1514.61492304,1496.98459919,17.6303238484
 01/06  11:00:00,969.117368812,30.3148174886,0.0,0.0,448.566543614,448.566543614,1212.37562423,1194.73649982,17.6391244178
 01/06  12:00:00,968.548178063,30.3216458055,0.0,0.0,448.566543614,448.566543614,947.52837154,925.407365553,22.1210059873
 01/06  13:00:00,917.026952352,31.0797459857,0.0,0.0,448.566543614,398.725816546,574.997394111,548.343179403,26.6542147082
 01/06  14:00:00,967.6143374,32.7148248808,0.0,0.0,448.566543614,448.566543614,447.388890145,422.982469343,24.406420802
 01/06  15:00:00,967.382840457,32.9311455907,0.0,0.0,448.566543614,448.566543614,327.347674109,311.94449893,15.403175179
 01/06  16:00:00,966.350420901,32.0568541374,0.0,0.0,448.566543614,448.566543614,287.946379777,272.550199988,15.3961797889
 01/06  17:00:00,1013.82191551,30.5522034418,0.0,0.0,448.566543614,448.566543614,368.50008818,346.406613618,22.0934745624
 01/06  18:00:00,935.768810485,30.3148174886,0.0,0.0,348.885089477,398.725816546,870.185319262,859.214499715,10.9708195465
 01/06  19:00:00,755.404282891,30.3148174886,0.0,0.0,249.203635341,299.044362409,1381.46063472,1370.51526039,10.9453743328
 01/06  20:00:00,732.526168698,30.3148174886,0.0,0.0,249.203635341,299.044362409,1226.045106,1219.48597604,6.55912995755
 01/06  21:00:00,583.065295136,30.3148174886,0.0,0.0,149.522181205,249.203635341,1146.3290577,1137.58371428,8.74534341798
 01/06  22:00:00,558.336126944,30.3148174886,0.0,0.0,149.522181205,249.203635341,1155.97828931,1151.612557,4.36573231123
 01/06  23:00:00,349.356885849,0.0,0.0,0.0,49.8407270682,199.362908273,2.19026593285,0.0,2.19026593285
 01/06  24:00:00,326.539764921,1.64294216698,2.12547588722,0.0,24.9203635341,199.362908273,4.45023107247,2.26017028453,2.19006078793
 01/07  01:00:00,270.352590405,2.05367770873,1.66631787725,0.0,24.9203635341,149.522181205,6.89096618369,4.7005838169,2.19038236679
 01/07  02:00:00,340.728151325,8.92289124126,61.5041310278,0.0,24.9203635341,149.522181205,15.0198187542,12.8294662752,2.19035247903
 01/07  03:00:00,434.502675886,18.2313423182,132.342963579,0.0,24.9203635341,149.522181205,27.6688930713,25.4788361604,2.19005691089
 01/07  04:00:00,480.649750261,21.8650229289,170.496294603,0.0,24.9203635341,149.522181205,49.7250760827,45.3643010275,4.36077505523
 01/07  05:00:00,444.86984177,18.2313423182,136.397038862,0.0,24.9203635341,149.522181205,55.3699279418,53.1796882729,2.19023966889
 01/07  06:00:00,517.024696313,21.8650229289,170.496298579,0.0,24.9203635341,149.522181205,91.1360428274,86.7697002119,4.36634261545
 01/07  07:00:00,698.267075134,30.3148174886,204.595615983,0.0,49.8407270682,199.362908273,973.31129998,971.11913906,2.19216091972
 01/07  08:00:00,448.351185083,30.3148174886,0.0,0.0,49.8407270682,199.362908273,2225.46234864,2218.91501777,6.54733087016
 01/07  09:00:00,654.067720575,30.3148174886,0.0,0.0,249.203635341,249.203635341,1465.51116043,1458.95232518,6.55883525668
 01/07  10:00:00,616.586098776,30.3148174886,0.0,0.0,249.203635341,249.203635341,1131.33403854,1120.54042211,10.7936164242
 01/07  11:00:00,567.096769287,30.3148174886,0.0,0.0,249.203635341,249.203635341,954.599440859,945.696390658,8.90305020147
 01/07  12:00:00,566.816012583,30.3148174886,0.0,0.0,249.203635341,249.203635341,917.073508758,906.118759881,10.9547488778
 01/07  13:00:00,566.441485991,30.3148174886,0.0,0.0,249.203635341,249.203635341,757.075058545,748.317719458,8.75733908763
 01/07  14:00:00,566.082011694,30.3148174886,0.0,0.0,249.203635341,249.203635341,563.32944844,554.576747907,8.75270053369
 01/07  15:00:00,316.88045953,30.3148174886,0.0,0.0,74.7610906023,174.442544739,633.037713663,626.479663067,6.5580505964
 01/07  16:00:00,316.864523957,30.3148174886,0.0,0.0,74.7610906023,174.442544739,684.040746724,677.487623873,6.55312285111
 01/07  17:00:00,365.796801628,30.3148174886,0.0,0.0,74.7610906023,174.442544739,780.205513103,773.649841589,6.55567151404
 01/07  18:00:00,362.031711493,30.3148174886,0.0,0.0,24.9203635341,149.522181205,987.449681847,983.085600765,4.36408108187
 01/07  19:00:00,347.929967606,0.0,0.0,0.0,24.9203635341,149.522181205,4.36410216481,0.0,4.36410216481
 01/07  20:00:00,323.485571823,0.0,0.0,0.0,24.9203635341,149.522181205,2.19199854344,0.0,2.19199854344
 01/07  21:00:00,348.491630561,1.23220662524,2.88439035825,0.0,24.9203635341,149.522181205,10.8560144104,6.49164496157,4.36436944883
 01/07  22:00:00,337.622262919,2.05367770873,3.83124397969,0.0,24.9203635341,149.522181205,18.5524325194,14.184311545,4.36812097449
 01/07  23:00:00,304.846475474,1.64294216698,2.47438435381,0.0,24.9203635341,149.522181205,15.8414090891,13.6512695047,2.19013958442
 01/07  24:00:00,283.957968248,2.05367770873,1.74375537668,0.0,24.9203635341,149.522181205,24.4791712639,22.2890597067,2.19011155716
 01/08  01:00:00,264.128627587,1.64294216698,1.08295147422,0.0,24.9203635341,149.522181205,21.2298068629,19.040389622,2.18941724092
 01/08  02:00:00,396.286262543,14.1869261659,99.5150817325,0.0,24.9203635341,149.522181205,89.6376009527,87.4481793778,2.18942157487
 01/08  03:00:00,472.333208612,21.8650229289,162.038902584,0.0,24.9203635341,149.522181205,145.735580042,143.546154079,2.18942596331
 01/08  04:00:00,433.753627334,18.2313423182,136.397038769,0.0,24.9203635341,149.522181205,166.577667796,164.388275426,2.18939237026
 01/08  05:00:00,493.217179903,21.8650229289,170.496298578,0.0,24.9203635341,149.522181205,221.289860552,219.100425576,2.18943497605
 01/08  06:00:00,469.584621134,18.2313423182,136.397038863,0.0,24.9203635341,149.522181205,243.307974651,238.943585218,4.36438943348
 01/08  07:00:00,566.265124882,21.8650229289,170.496298579,0.0,24.9203635341,149.522181205,264.992878463,262.803448186,2.18943027733
 01/08  08:00:00,535.070842095,18.2313423182,136.397038863,0.0,24.9203635341,149.522181205,257.486897047,255.297462074,2.18943497301
 01/08  09:00:00,541.426203831,21.8650229289,170.496298579,0.0,24.9203635341,149.522181205,228.85892238,228.83892238,0.02
 01/08  10:00:00,457.932240194,18.2313423182,136.397038863,0.0,24.9203635341,149.522181205,141.8580594,139.668619722,2.18943967858
 01/08  11:00:00,361.51525545,13.7761906241,102.297779147,0.0,24.9203635341,149.522181205,67.483899772,65.2944412816,2.18945849035
 01/08  12:00:00,235.260756792,2.05367770873,0.271692872612,0.0,24.9203635341,149.522181205,34.0282092315,29.6655271716,4.36268205984
 01/08  13:00:00,263.690584575,2.22752608411,8.35006402845,0.0,24.9203635341,149.522181205,14.7115273397,12.5202074685,2.19131987117
 01/08  14:00:00,431.025506101,16.4247923049,121.892535005,0.0,24.9203635341,149.522181205,15.8800942268,11.511935757,4.36815846975
 01/08  15:00:00,501.967211375,21.0119826869,186.158902488,0.0,24.9203635341,149.522181205,11.1755268056,6.81293766259,4.36258914297
 01/08  16:00:00,284.07077599,2.05367770873,7.84492592218,0.0,24.9203635341,149.522181205,8.28397968319,6.09460466162,2.18937502158
 01/08  17:00:00,303.161278451,1.64294216698,5.64918242728,0.0,24.9203635341,149.522181205,7.50056398741,5.31109801839,2.18946596903
 01/08  18:00:00,370.754152249,2.05367770873,5.10823377256,0.0,24.9203635341,149.522181205,14.8017527737,12.6123392635,2.18941351017
 01/08  19:00:00,558.68622804,17.8206067765,137.252486636,0.0,24.9203635341,149.522181205,62.165418173,59.975971053,2.18944712006
 01/08  20:00:00,574.501465904,22.2757584706,169.058190727,0.0,24.9203635341,149.522181205,103.807532689,103.787532689,0.02
 01/08  21:00:00,524.604039202,17.8206067765,129.434532441,0.0,24.9203635341,149.522181205,110.445749369,108.256297558,2.18945181081
 01/08  22:00:00,542.887879664,22.2757584706,170.496298579,0.0,24.9203635341,149.522181205,162.403795605,158.039251361,4.36454424401
 01/08  23:00:00,469.595894556,17.8206067765,136.397038863,0.0,24.9203635341,149.522181205,159.103625881,156.91417903,2.18944685063
 01/08  24:00:00,492.991738109,22.2757584706,170.178989537,0.0,24.9203635341,149.522181205,221.744589375,219.555137774,2.189451601
 01/09  01:00:00,480.668888168,17.8206067765,135.602353017,0.0,24.9203635341,199.362908273,210.875746192,208.685355339,2.19039085294
 01/09  02:00:00,525.488575995,22.2757584706,166.904888282,0.0,24.9203635341,199.362908273,311.610034392,309.419807209,2.19022718265
 01/09  03:00:00,476.512079755,17.8206067765,132.440889014,0.0,24.9203635341,199.362908273,288.498737206,284.137930985,4.36080622118
 01/09  04:00:00,532.449341098,23.3669817826,167.995327584,0.0,24.9203635341,199.362908273,384.152555696,381.962186653,2.19036904304
 01/09  05:00:00,504.228996102,19.4574417444,138.165761836,0.0,24.9203635341,199.362908273,331.771377334,329.580979084,2.19039825005
 01/09  06:00:00,590.309937376,23.6008153494,166.278839735,0.0,49.8407270682,199.362908273,403.252973728,398.886556983,4.36641674548
 01/09  07:00:00,698.429034822,30.3148174886,204.595558294,0.0,49.8407270682,199.362908273,2087.76257228,2085.57029843,2.19227384638
 01/09  08:00:00,549.679633502,30.3148174886,0.0,0.0,149.522181205,199.362908273,3118.79788657,3109.28930149,9.50858508035
 01/09  09:00:00,1053.9499435,30.3148174886,0.0,0.0,448.566543614,448.566543614,1600.67022546,1583.82111323,16.8491122273
 01/09  10:00:00,1015.87321342,30.3148174886,0.0,0.0,448.566543614,448.566543614,1000.9810346,983.348111901,17.6329226976
 01/09  11:00:00,966.06506952,30.3148174886,0.0,0.0,448.566543614,448.566543614,785.875319514,768.234344922,17.6409745917
 01/09  12:00:00,965.50306079,30.3148174886,0.0,0.0,448.566543614,448.566543614,655.807293046,633.682848293,22.1244447522
 01/09  13:00:00,915.370294656,30.4634573973,0.0,0.0,448.566543614,398.725816546,529.489198307,502.820550055,26.6686482523
 01/09  14:00:00,966.961605549,32.7545499628,0.0,0.0,448.566543614,448.566543614,269.596092346,242.968150444,26.6279419022
 01/09  15:00:00,1093.64812345,33.3747025095,72.8089712438,0.0,448.566543614,448.566543614,159.506354223,144.104312438,15.4020417851
 01/09  16:00:00,1050.68341487,32.6919821029,30.0726374503,0.0,448.566543614,448.566543614,118.195612418,102.799799363,15.3958130549
 01/09  17:00:00,1050.70430413,30.8737265112,10.7547513654,0.0,448.566543614,448.566543614,133.091124548,113.204180773,19.886943775
 01/09  18:00:00,934.789118993,30.3148174886,0.0,0.0,348.885089477,398.725816546,390.269494341,377.108877946,13.1606163956
 01/09  19:00:00,753.10098007,30.3148174886,0.0,0.0,249.203635341,299.044362409,855.408212072,844.463486017,10.9447260554
 01/09  20:00:00,728.931577216,30.3148174886,0.0,0.0,249.203635341,299.044362409,977.404789372,970.846423618,6.55836575378
 01/09  21:00:00,579.765961085,30.3148174886,0.0,0.0,149.522181205,249.203635341,1143.03865081,1134.29304565,8.74560516109
 01/09  22:00:00,556.1770687,30.3148174886,0.0,0.0,149.522181205,249.203635341,1435.87421704,1433.68096299,2.19325405059
 01/09  23:00:00,349.356889969,0.0,0.0,0.0,49.8407270682,199.362908273,4.36058723429,0.0,4.36058723429
 01/09  24:00:00,299.992130692,0.0,0.0,0.0,24.9203635341,199.362908273,2.19018917615,0.0,2.19018917615
 01/10  01:00:00,315.724926957,1.64294216698,0.183270706445,0.0,24.9203635341,199.362908273,5.69758784922,3.50741733882,2.1901705104
 01/10  02:00:00,322.776638659,2.05367770873,0.304453104953,0.0,24.9203635341,199.362908273,8.28462692791,6.09419652128,2.19043040663
 01/10  03:00:00,309.10512362,1.64294216698,0.126024651341,0.0,24.9203635341,199.362908273,10.2811808681,8.09077065546,2.19041021263
 01/10  04:00:00,391.226896426,11.7602764744,57.0054687674,0.0,24.9203635341,199.362908273,31.507470919,27.1472719764,4.36019894264
 01/10  05:00:00,495.042850281,17.8206067765,136.390542056,0.0,24.9203635341,199.362908273,49.7942887847,47.6038693735,2.19041941116
 01/10  06:00:00,593.178934844,22.2757584706,170.496287769,0.0,49.8407270682,199.362908273,75.5596821195,71.1936258363,4.36605628322
 01/10  07:00:00,699.539479319,30.3148174886,204.595609042,0.0,49.8407270682,199.362908273,1027.43869185,1025.24666626,2.19202558152
 01/10  08:00:00,548.969321834,30.3148174886,0.0,0.0,149.522181205,199.362908273,2511.84621868,2503.09423741,8.75198126368
 01/10  09:00:00,1052.77698287,30.3148174886,0.0,0.0,448.566543614,448.566543614,1098.04917366,1080.44165041,17.6075232567
 01/10  10:00:00,1014.18037138,30.3148174886,0.0,0.0,448.566543614,448.566543614,478.909242163,461.275639703,17.6336024597
 01/10  11:00:00,1040.84674908,30.4407644453,49.8455136455,0.0,448.566543614,448.566543614,179.315638462,161.674375903,17.6412625592
 01/10  12:00:00,1150.01522467,32.6634839606,103.3313711,0.0,448.566543614,448.566543614,129.40962619,107.287684862,22.1219413278
 01/10  13:00:00,1229.13565696,34.9249184519,220.731102045,0.0,448.566543614,398.725816546,135.604328916,108.93688787,26.6674410464
 01/10  14:00:00,1318.91753192,36.763001501,257.804470489,0.0,448.566543614,448.566543614,110.075776865,83.44964201,26.6261348554
 01/10  15:00:00,1333.56404847,36.7492707625,271.841264564,0.0,448.566543614,448.566543614,76.2707523856,60.8677025761,15.4030498095
 01/10  16:00:00,1337.26209937,35.4304922289,276.586743317,0.0,448.566543614,448.566543614,52.4319747623,37.0354881347,15.3964866276
 01/10  17:00:00,1379.69229359,32.8375725424,272.823129469,0.0,448.566543614,448.566543614,58.2737467372,38.3859679456,19.8877787916
 01/10  18:00:00,1282.5665677,30.3760783732,257.661317252,0.0,348.885089477,398.725816546,94.1157511277,80.9558291613,13.1599219664
 01/10  19:00:00,1039.00647182,30.3148174886,197.352474453,0.0,249.203635341,299.044362409,146.176007165,137.414821808,8.76118535706
 01/10  20:00:00,953.369032314,30.3148174886,136.858496552,0.0,249.203635341,299.044362409,169.129123625,160.391088042,8.73803558239
 01/10  21:00:00,752.552665831,30.3148174886,93.9933764412,0.0,149.522181205,249.203635341,224.073491238,215.328241161,8.74525007691
 01/10  22:00:00,688.077186084,30.3148174886,66.8391105858,0.0,149.522181205,249.203635341,275.418212933,273.225053013,2.19315992012
 01/10  23:00:00,349.356891286,0.0,0.0,0.0,49.8407270682,199.362908273,4.36053729063,0.0,4.36053729063
 01/10  24:00:00,299.992132116,0.0,0.0,0.0,24.9203635341,199.362908273,2.19009837641,0.0,2.19009837641
 01/11  01:00:00,287.769935311,0.0,0.0,0.0,24.9203635341,199.362908273,2.19043119337,0.0,2.19043119337
 01/11  02:00:00,287.769935192,0.0,0.0,0.0,24.9203635341,199.362908273,2.19041317257,0.0,2.19041317257
 01/11  03:00:00,287.769935242,0.0,0.0,0.0,24.9203635341,199.362908273,2.19039521844,0.0,2.19039521844
 01/11  04:00:00,287.769935448,0.0,0.0,0.0,24.9203635341,199.362908273,2.19037731922,0.0,2.19037731922
 01/11  05:00:00,299.992133281,0.0,0.0,0.0,24.9203635341,199.362908273,4.36070111753,0.0,4.36070111753
 01/11  06:00:00,371.109024808,1.23220662524,0.730108875054,0.0,49.8407270682,199.362908273,6.61475808821,4.42145068949,2.19330739872
 01/11  07:00:00,696.800882691,30.3148174886,198.565099608,0.0,49.8407270682,199.362908273,787.720568632,783.356304249,4.36426438285
 01/11  08:00:00,545.484461625,30.3148174886,0.0,0.0,149.522181205,199.362908273,1286.22459686,1277.47153767,8.75305918961
 01/11  09:00:00,1050.49279783,30.3148174886,0.0,0.0,448.566543614,448.566543614,699.427898095,681.815848893,17.6120492021
 01/11  10:00:00,1013.32558093,30.3205160141,0.0,0.0,448.566543614,448.566543614,263.081222208,245.445664137,17.635558071
 01/11  11:00:00,1169.4715103,31.6918884042,124.041353307,0.0,448.566543614,448.566543614,116.552716487,98.910484858,17.6422316294
 01/11  12:00:00,1263.77743202,34.9645894243,205.06284626,0.0,448.566543614,448.566543614,117.254793855,95.1317851461,22.1230087094
 01/11  13:00:00,1256.76530688,37.0134645688,244.835950786,0.0,448.566543614,398.725816546,126.507721306,99.8386919465,26.6690293592
 01/11  14:00:00,1327.32724186,37.6655776664,264.175845767,0.0,448.566543614,448.566543614,96.0527392143,69.4247304178,26.6280087966
 01/11  15:00:00,1333.28327705,37.6521832806,269.817638116,0.0,448.566543614,448.566543614,59.5327410396,44.1286108987,15.4041301409
 01/11  16:00:00,1330.86159019,37.052185742,267.901561889,0.0,448.566543614,448.566543614,41.2849515775,25.8872759951,15.3976755824
 01/11  17:00:00,1371.2605725,34.1128454575,262.63007846,0.0,448.566543614,448.566543614,50.4085953525,30.5217801712,19.8868151813
 01/11  18:00:00,1269.50774998,30.6318827248,243.718094536,0.0,348.885089477,398.725816546,85.3035659563,72.142421397,13.1611445593
 01/11  19:00:00,1028.37805678,30.3148174886,185.842389117,0.0,249.203635341,299.044362409,144.31010764,133.364854015,10.9452536246
 01/11  20:00:00,939.762657991,30.3148174886,123.172268255,0.0,249.203635341,299.044362409,162.062895596,155.504214898,6.55868069776
 01/11  21:00:00,710.440510107,30.3148174886,65.0624451079,0.0,149.522181205,249.203635341,209.174276066,200.429262776,8.74501328975
 01/11  22:00:00,661.743068527,30.3148174886,46.8796382504,0.0,149.522181205,249.203635341,226.328186285,224.135353881,2.19283240366
 01/11  23:00:00,349.356892541,0.0,0.0,0.0,49.8407270682,199.362908273,4.36074944983,0.0,4.36074944983
 01/11  24:00:00,299.992133146,0.0,0.0,0.0,24.9203635341,199.362908273,2.19031250726,0.0,2.19031250726
 01/12  01:00:00,287.76993641,0.0,0.0,0.0,24.9203635341,199.362908273,2.1902985748,0.0,2.1902985748
 01/12  02:00:00,287.769936422,0.0,0.0,0.0,24.9203635341,199.362908273,2.19028306792,0.0,2.19028306792
 01/12  03:00:00,287.769936589,0.0,0.0,0.0,24.9203635341,199.362908273,2.19026763119,0.0,2.19026763119
 01/12  04:00:00,287.769936727,0.0,0.0,0.0,24.9203635341,199.362908273,4.36048917015,0.0,4.36048917015
 01/12  05:00:00,299.992134428,0.0,0.0,0.0,24.9203635341,199.362908273,2.19022162516,0.0,2.19022162516
 01/12  06:00:00,378.172502539,1.64294216698,0.857572696297,0.0,49.8407270682,199.362908273,10.5920070748,6.22566552985,4.36634154498
 01/12  07:00:00,699.305299541,30.3148174886,200.687770652,0.0,49.8407270682,199.362908273,695.655279483,693.463080084,2.19219939812
 01/12  08:00:00,545.871317499,30.3148174886,0.0,0.0,149.522181205,199.362908273,1564.27232577,1555.51945364,8.7528721272
 01/12  09:00:00,1050.64254249,30.3148174886,0.0,0.0,448.566543614,448.566543614,694.741654679,677.130867993,17.6107866857
 01/12  10:00:00,1113.21519505,30.3299191296,62.1363730423,0.0,448.566543614,448.566543614,173.190434679,155.55588521,17.6345494687
 01/12  11:00:00,1131.84454964,32.2176353919,89.4184191161,0.0,448.566543614,448.566543614,91.5428024349,73.9020032153,17.6407992196
 01/12  12:00:00,1250.54891484,35.4571324376,191.032609241,0.0,448.566543614,448.566543614,98.4832788153,76.3563179068,22.1269609085
 01/12  13:00:00,1244.71718281,37.3116144134,232.623670195,0.0,448.566543614,398.725816546,111.1263132,84.4518151039,26.6744980965
 01/12  14:00:00,1306.06867828,37.6801312133,243.260290643,0.0,448.566543614,448.566543614,87.9730705665,61.3396363278,26.6334342387
 01/12  15:00:00,1316.98122233,37.6540664661,253.570605295,0.0,448.566543614,448.566543614,51.4724481933,36.0673442372,15.405103956
 01/12  16:00:00,1320.57667697,36.0443662088,258.639962695,0.0,448.566543614,448.566543614,35.1728288608,19.7760982521,15.3967306087
 01/12  17:00:00,1361.71086953,31.8274324982,255.339005035,0.0,448.566543614,448.566543614,59.9041180761,37.8050460929,22.0990719832
 01/12  18:00:00,1238.56965391,30.3285896509,212.982656309,0.0,348.885089477,398.725816546,95.6011186643,84.6288447883,10.972273876
 01/12  19:00:00,993.586177434,30.3148174886,150.821590943,0.0,249.203635341,299.044362409,137.451556159,126.505947474,10.9456086857
 01/12  20:00:00,951.739211305,30.3148174886,133.770844457,0.0,249.203635341,299.044362409,146.480741303,139.921583597,6.55915770572
 01/12  21:00:00,775.55996719,30.3148174886,109.117937872,0.0,149.522181205,249.203635341,184.978832103,176.232941802,8.74589030178
 01/12  22:00:00,636.708671893,30.3148174886,39.2443608434,0.0,149.522181205,249.203635341,250.027356658,245.66086541,4.3664912481
 01/12  23:00:00,349.356893417,0.0,0.0,0.0,49.8407270682,199.362908273,2.19011610115,0.0,2.19011610115
 01/12  24:00:00,299.992134241,0.0,0.0,0.0,24.9203635341,199.362908273,2.18992737464,0.0,2.18992737464
 01/13  01:00:00,287.769937662,0.0,0.0,0.0,24.9203635341,199.362908273,2.19043840426,0.0,2.19043840426
 01/13  02:00:00,287.769937874,0.0,0.0,0.0,24.9203635341,199.362908273,2.19042510237,0.0,2.19042510237
 01/13  03:00:00,287.769937865,0.0,0.0,0.0,24.9203635341,199.362908273,4.36081055204,0.0,4.36081055204
 01/13  04:00:00,294.771872689,0.410735541745,0.0597722875569,0.0,24.9203635341,199.362908273,3.76711066643,1.57672511907,2.19038554736
 01/13  05:00:00,335.439990939,2.05367770873,0.655679688418,0.0,24.9203635341,199.362908273,10.1419895422,7.95154554163,2.19044400055
 01/13  06:00:00,377.618893542,1.64294216698,0.480494534624,0.0,49.8407270682,199.362908273,13.0005468207,8.63407221444,4.36647460629
 01/13  07:00:00,698.227507006,30.3148174886,200.036220941,0.0,49.8407270682,199.362908273,699.846774917,697.654540254,2.19223466246
 01/13  08:00:00,546.084500878,30.3148174886,0.0,0.0,149.522181205,199.362908273,1654.08996388,1643.15316988,10.9367940022
 01/13  09:00:00,1051.07787625,30.3148174886,0.0,0.0,448.566543614,448.566543614,866.789785952,851.37663198,15.4131539715
 01/13  10:00:00,1090.8454018,30.3281529524,51.033669499,0.0,448.566543614,448.566543614,206.405680771,188.771152763,17.6345280072
 01/13  11:00:00,1126.65609316,32.1541925999,85.9099107668,0.0,448.566543614,448.566543614,91.0783784077,71.2318150094,19.8465633983
 01/13  12:00:00,1237.89956142,35.24592959,178.499824706,0.0,448.566543614,448.566543614,92.5426985164,70.4150233961,22.1276751203
 01/13  13:00:00,1240.00820455,37.1945796041,227.857841318,0.0,448.566543614,398.725816546,105.403870408,78.7428666908,26.6610037175
 01/13  14:00:00,1305.06149385,37.6300131048,242.028934647,0.0,448.566543614,448.566543614,80.5667731124,56.1543592796,24.4124138328
 01/13  15:00:00,1317.11471934,37.6268303556,253.47053277,0.0,448.566543614,448.566543614,51.479813695,33.875434396,17.604379299
 01/13  16:00:00,1323.52850287,37.1206904725,260.132877437,0.0,448.566543614,448.566543614,34.2691920925,18.8711063558,15.3980857366
 01/13  17:00:00,1369.1888854,34.31204078,259.761304371,0.0,448.566543614,448.566543614,41.4272200484,21.5361778577,19.8910421907
 01/13  18:00:00,1237.16333299,30.7025701286,211.011661563,0.0,348.885089477,398.725816546,73.0058377701,59.8459854105,13.1598523596
 01/13  19:00:00,916.221596789,30.3148174886,84.7816424371,0.0,249.203635341,299.044362409,130.020058835,121.259291363,8.76076747123
 01/13  20:00:00,813.799177822,30.3148174886,29.7883749699,0.0,249.203635341,299.044362409,166.048583107,157.30964321,8.73893989691
 01/13  21:00:00,578.408057017,30.3148174886,0.0,0.0,149.522181205,249.203635341,294.475057579,287.910242091,6.56481548751
 01/13  22:00:00,576.370568604,30.3148174886,5.03394298859,0.0,149.522181205,249.203635341,281.095946431,276.729956711,4.3659897198
 01/13  23:00:00,349.356894602,0.0,0.0,0.0,49.8407270682,199.362908273,2.19036206966,0.0,2.19036206966
 01/13  24:00:00,299.99213559,0.0,0.0,0.0,24.9203635341,199.362908273,4.36044932928,0.0,4.36044932928
 01/14  01:00:00,237.929211795,0.0,0.0,0.0,24.9203635341,149.522181205,2.19020925138,0.0,2.19020925138
 01/14  02:00:00,237.929211605,0.0,0.0,0.0,24.9203635341,149.522181205,2.19019842967,0.0,2.19019842967
 01/14  03:00:00,237.929211582,0.0,0.0,0.0,24.9203635341,149.522181205,2.19018767061,0.0,2.19018767061
 01/14  04:00:00,237.929211718,0.0,0.0,0.0,24.9203635341,149.522181205,2.19017696178,0.0,2.19017696178
 01/14  05:00:00,257.171974048,0.410735541745,0.0644930879481,0.0,24.9203635341,149.522181205,5.67880146065,1.31819750684,4.36060395382
 01/14  06:00:00,303.029544028,1.64294216698,0.551653971076,0.0,24.9203635341,149.522181205,7.47942515109,5.28617920531,2.19324594578
 01/14  07:00:00,705.739798188,30.3148174886,199.450470708,0.0,49.8407270682,199.362908273,576.159172459,571.79456025,4.36461220893
 01/14  08:00:00,444.985116399,30.3148174886,0.0,0.0,49.8407270682,199.362908273,531.144474351,526.772684581,4.37178977015
 01/14  09:00:00,787.428338281,30.3148174886,79.5196838563,0.0,249.203635341,249.203635341,375.018476215,366.280168401,8.73830781397
 01/14  10:00:00,775.771760253,30.3148174886,85.5147265199,0.0,249.203635341,249.203635341,207.633383351,198.871789492,8.76159385852
 01/14  11:00:00,845.681402011,31.2491313388,188.906497874,0.0,249.203635341,249.203635341,174.076307775,163.137873668,10.9384341075
 01/14  12:00:00,904.076218992,34.2417852974,243.528055913,0.0,249.203635341,249.203635341,180.47708796,169.521595246,10.9554927136
 01/14  13:00:00,923.025691889,36.5636814186,259.458535295,0.0,249.203635341,249.203635341,164.138007561,155.37992728,8.75808028018
 01/14  14:00:00,934.353403508,37.4732871023,269.406256788,0.0,249.203635341,249.203635341,150.716959848,141.963171427,8.7537884209
 01/14  15:00:00,687.563757778,36.5176484063,272.748765632,0.0,74.7610906023,174.442544739,165.564669072,159.005233376,6.55943569526
 01/14  16:00:00,683.453830171,34.1391186903,271.379773731,0.0,74.7610906023,174.442544739,136.465122838,129.911001204,6.55412163449
 01/14  17:00:00,718.843015705,30.9657834697,261.779849115,0.0,74.7610906023,174.442544739,166.391046797,159.834177935,6.55686886172
 01/14  18:00:00,682.185466562,30.3148174886,238.995154693,0.0,24.9203635341,149.522181205,283.975864495,279.611519285,4.36434520981
 01/14  19:00:00,347.929979897,0.0,0.0,0.0,24.9203635341,149.522181205,4.36447548206,0.0,4.36447548206
 01/14  20:00:00,323.485583758,0.0,0.0,0.0,24.9203635341,149.522181205,2.19195404757,0.0,2.19195404757
 01/14  21:00:00,323.48558407,0.0,0.0,0.0,24.9203635341,149.522181205,4.364336189,0.0,4.364336189
 01/14  22:00:00,299.04217592,0.0,0.0,0.0,24.9203635341,149.522181205,4.36795313109,0.0,4.36795313109
 01/14  23:00:00,274.595804989,0.0,0.0,0.0,24.9203635341,149.522181205,2.19029263193,0.0,2.19029263193
 01/14  24:00:00,250.151409568,0.0,0.0,0.0,24.9203635341,149.522181205,2.19028194631,0.0,2.19028194631
 01/15  01:00:00,237.928718776,0.0,0.0,0.0,24.9203635341,149.522181205,2.18931331887,0.0,2.18931331887
 01/15  02:00:00,260.833324065,0.821471083491,1.25276038352,0.0,24.9203635341,149.522181205,5.47353144466,3.2842545619,2.18927688276
 01/15  03:00:00,268.809031485,1.64294216698,2.54274884737,0.0,24.9203635341,149.522181205,9.4485351926,7.25929464142,2.18924055118
 01/15  04:00:00,275.047807585,2.05367770873,2.35949611812,0.0,24.9203635341,149.522181205,14.973276122,12.7837845456,2.18949157641
 01/15  05:00:00,279.426776176,1.64294216698,1.49936481872,0.0,24.9203635341,149.522181205,14.9588092965,12.7693528401,2.18945645639
 01/15  06:00:00,310.563071072,2.05367770873,1.2885622368,0.0,24.9203635341,149.522181205,24.4718564879,20.107210166,4.36464632189
 01/15  07:00:00,349.439375461,1.64294216698,0.828368894318,0.0,24.9203635341,149.522181205,20.3472795973,18.1579502822,2.18932931516
 01/15  08:00:00,366.6506073,2.05367770873,0.446224446498,0.0,24.9203635341,149.522181205,31.4897079524,29.300241238,2.18946671441
 01/15  09:00:00,322.317523773,1.64294216698,0.545122070507,0.0,24.9203635341,149.522181205,20.0976737258,17.9082721468,2.18940157906
 01/15  10:00:00,291.803831371,2.05367770873,1.05486945009,0.0,24.9203635341,149.522181205,14.2067198177,12.0173320113,2.18938780646
 01/15  11:00:00,240.753087563,1.64294216698,1.85641017321,0.0,24.9203635341,149.522181205,7.90915132797,5.7196783603,2.18947296767
 01/15  12:00:00,286.355070058,2.32342993721,12.0461735253,0.0,24.9203635341,149.522181205,5.26508051523,3.07383502311,2.19124549212
 01/15  13:00:00,378.005245715,12.1332484571,109.946880345,0.0,24.9203635341,149.522181205,4.36258126614,0.0,4.36258126614
 01/15  14:00:00,388.505189231,12.1332484571,120.499274212,0.0,24.9203635341,149.522181205,4.36832049573,0.0,4.36832049573
 01/15  15:00:00,211.112102124,0.0,0.0,0.0,24.9203635341,149.522181205,2.19121879148,0.0,2.19121879148
 01/15  16:00:00,211.111114338,0.0,0.0,0.0,24.9203635341,149.522181205,2.18934967384,0.0,2.18934967384
 01/15  17:00:00,259.999905567,0.0,0.0,0.0,24.9203635341,149.522181205,2.18931363477,0.0,2.18931363477
 01/15  18:00:00,322.297498998,0.0,0.0,0.0,24.9203635341,149.522181205,2.18927762284,0.0,2.18927762284
 01/15  19:00:00,347.928499024,0.0,0.0,0.0,24.9203635341,149.522181205,2.18924163876,0.0,2.18924163876
 01/15  20:00:00,323.484103417,0.0,0.0,0.0,24.9203635341,149.522181205,2.18949303349,0.0,2.18949303349
 01/15  21:00:00,368.686383439,1.23220662524,6.08488708018,0.0,24.9203635341,149.522181205,5.81682421979,3.62736730963,2.18945691016
 01/15  22:00:00,343.40500115,1.23220662524,5.26093178417,0.0,24.9203635341,149.522181205,8.43802745124,4.07403259321,4.36399485803
 01/15  23:00:00,318.458200163,1.23220662524,4.77200607591,0.0,24.9203635341,149.522181205,6.47953205811,4.29020049937,2.18933155874
 01/15  24:00:00,315.988193919,2.05367770873,7.28512735214,0.0,24.9203635341,149.522181205,9.90687824253,7.71758273966,2.18929550286
 01/16  01:00:00,292.352211165,1.64294216698,5.57500181878,0.0,24.9203635341,149.522181205,8.51600603692,6.32659896049,2.18940707643
 01/16  02:00:00,309.572752237,2.05367770873,6.54921063248,0.0,24.9203635341,149.522181205,10.5156712794,8.32644312593,2.18922815347
 01/16  03:00:00,277.267424361,1.64294216698,5.39822340011,0.0,24.9203635341,149.522181205,6.96583116486,6.94583116486,0.02
 01/16  04:00:00,279.374655475,2.05367770873,6.59045922465,0.0,24.9203635341,149.522181205,11.2033237901,9.01384148495,2.18948230512
 01/16  05:00:00,289.611401458,1.64294216698,5.52369096928,0.0,24.9203635341,149.522181205,9.75306977011,7.56362233078,2.18944743933
 01/16  06:00:00,315.974241552,2.05367770873,6.53441104804,0.0,24.9203635341,149.522181205,14.4866872805,10.122171735,4.36451554557
 01/16  07:00:00,356.923464592,1.64294216698,5.55605226112,0.0,24.9203635341,149.522181205,10.3046235347,8.11515194095,2.18947159377
 01/16  08:00:00,380.868884341,2.05367770873,6.64671471408,0.0,24.9203635341,149.522181205,12.9961368775,10.8068438741,2.18929300341
 01/16  09:00:00,342.042450433,1.64294216698,5.41362202208,0.0,24.9203635341,149.522181205,11.262060131,9.07265658897,2.18940354202
 01/16  10:00:00,319.270422422,2.05367770873,6.31516344516,0.0,24.9203635341,149.522181205,13.4920972919,11.3025841421,2.18951314982
 01/16  11:00:00,245.328741617,1.64294216698,6.31895198304,0.0,24.9203635341,149.522181205,11.0481975401,8.85871813747,2.1894794026
 01/16  12:00:00,211.112103566,0.0,0.0,0.0,24.9203635341,149.522181205,2.19133536287,0.0,2.19133536287
 01/16  13:00:00,211.112103943,0.0,0.0,0.0,24.9203635341,149.522181205,4.36235411376,0.0,4.36235411376
 01/16  14:00:00,211.113586846,0.0,0.0,0.0,24.9203635341,149.522181205,4.36799484093,0.0,4.36799484093
 01/16  15:00:00,211.112103334,0.0,0.0,0.0,24.9203635341,149.522181205,2.19111359225,0.0,2.19111359225
 01/16  16:00:00,211.111115117,0.0,0.0,0.0,24.9203635341,149.522181205,2.18937105598,0.0,2.18937105598
 01/16  17:00:00,259.999906351,0.0,0.0,0.0,24.9203635341,149.522181205,2.18933699491,0.0,2.18933699491
 01/16  18:00:00,322.297499784,0.0,0.0,0.0,24.9203635341,149.522181205,2.18930296163,0.0,2.18930296163
 01/16  19:00:00,347.928499812,0.0,0.0,0.0,24.9203635341,149.522181205,2.1892689564,0.0,2.1892689564
 01/16  20:00:00,323.484104236,0.0,0.0,0.0,24.9203635341,149.522181205,2.18923497941,0.0,2.18923497941
 01/16  21:00:00,372.577435408,1.23220662524,9.8347709312,0.0,24.9203635341,149.522181205,7.35616328498,5.16667454734,2.18948873764
 01/16  22:00:00,347.246399044,1.23220662524,8.9640877244,0.0,24.9203635341,149.522181205,9.94554082722,5.580899072,4.36464175521
 01/16  23:00:00,336.689939403,1.64294216698,9.83691269726,0.0,24.9203635341,149.522181205,10.5586733844,8.3693044401,2.1893689443
 01/16  24:00:00,326.672340581,2.05367770873,11.2069264752,0.0,24.9203635341,149.522181205,13.9237213031,11.7343864472,2.18933485597
 01/17  01:00:00,347.312584565,1.64294216698,7.33347350515,0.0,24.9203635341,199.362908273,11.7532803735,9.56311229089,2.19016808262
 01/17  02:00:00,361.658192193,2.05367770873,8.6169805561,0.0,24.9203635341,199.362908273,15.1885041519,12.9981046827,2.1903994692
 01/17  03:00:00,345.142838036,1.64294216698,5.21657814907,0.0,24.9203635341,199.362908273,14.4872294742,12.2968344761,2.19039499811
 01/17  04:00:00,339.692825637,2.05367770873,3.00969682987,0.0,24.9203635341,199.362908273,22.0140956325,17.6537909248,4.36030470768
 01/17  05:00:00,329.613043086,1.64294216698,1.82578741438,0.0,24.9203635341,199.362908273,18.6039886658,16.4135774319,2.19041123392
 01/17  06:00:00,386.446196356,2.05367770873,2.3582611462,0.0,49.8407270682,199.362908273,25.6741682132,21.3079043753,4.36626383791
 01/17  07:00:00,724.502313695,30.3148174886,206.324360196,0.0,49.8407270682,199.362908273,923.654575938,921.462404823,2.19217111516
 01/17  08:00:00,647.324612633,30.3148174886,61.9169275081,0.0,149.522181205,199.362908273,715.029320401,706.27613872,8.75318168044
 01/17  09:00:00,1090.5755634,30.3148174886,11.5090780343,0.0,448.566543614,448.566543614,420.611152882,402.998741687,17.6124111953
 01/17  10:00:00,1079.1233552,30.3148174886,12.9067650306,0.0,448.566543614,448.566543614,385.236686401,367.600433888,17.6362525122
 01/17  11:00:00,1031.06113986,30.3148174886,13.7672338863,0.0,448.566543614,448.566543614,365.78963585,345.943363188,19.8462726615
 01/17  12:00:00,1042.64320478,30.3148174886,22.3411544133,0.0,448.566543614,448.566543614,323.303758295,301.17634329,22.1274150051
 01/17  13:00:00,1021.41255209,30.3148174886,42.2549489524,0.0,448.566543614,398.725816546,336.712332064,310.049720902,26.662611162
 01/17  14:00:00,1098.55532412,30.3148174886,60.4341271165,0.0,448.566543614,448.566543614,274.642804725,250.225211963,24.4175927616
 01/17  15:00:00,1113.42567271,30.3148174886,70.2946423125,0.0,448.566543614,448.566543614,248.526977429,230.920887927,17.6060895022
 01/17  16:00:00,1127.42616136,30.3148174886,77.7916488993,0.0,448.566543614,448.566543614,238.067901305,222.670032142,15.3978691627
 01/17  17:00:00,1171.26565601,30.3148174886,75.4195786198,0.0,448.566543614,448.566543614,239.132291206,219.240387445,19.8919037614
 01/17  18:00:00,1053.47019963,30.3148174886,57.1867315307,0.0,348.885089477,398.725816546,291.200332303,278.03985533,13.1604769729
 01/17  19:00:00,854.710520216,30.3148174886,39.5471972116,0.0,249.203635341,299.044362409,365.831800259,357.070069443,8.76173081687
 01/17  20:00:00,804.621173976,30.3148174886,21.0595556897,0.0,249.203635341,299.044362409,396.17175296,387.433130415,8.73862254513
 01/17  21:00:00,642.241331293,30.3148174886,11.7473674417,0.0,149.522181205,249.203635341,460.987206629,452.241021376,8.74618525294
 01/17  22:00:00,554.060076422,30.3148174886,0.0,0.0,149.522181205,249.203635341,536.907501774,534.714149265,2.1933525089
 01/17  23:00:00,349.356899088,0.0,0.0,0.0,49.8407270682,199.362908273,4.36077140618,0.0,4.36077140618
 01/17  24:00:00,299.992139738,0.0,0.0,0.0,24.9203635341,199.362908273,2.19030791628,0.0,2.19030791628
 01/18  01:00:00,287.76994272,0.0,0.0,0.0,24.9203635341,199.362908273,2.19030646598,0.0,2.19030646598
 01/18  02:00:00,287.769942726,0.0,0.0,0.0,24.9203635341,199.362908273,2.19030376455,0.0,2.19030376455
 01/18  03:00:00,308.780784683,1.23220662524,0.141629714804,0.0,24.9203635341,199.362908273,9.83883151509,7.64853040396,2.19030111112
 01/18  04:00:00,315.861217445,1.64294216698,0.289255291226,0.0,24.9203635341,199.362908273,17.3781602661,13.0172458387,4.36091442737
 01/18  05:00:00,335.223538806,2.05367770873,0.491548524311,0.0,24.9203635341,199.362908273,20.8540817239,18.6637883312,2.1902933927
 01/18  06:00:00,377.393066316,1.64294216698,0.290505010499,0.0,49.8407270682,199.362908273,23.5627919178,19.1962729868,4.36651893099
 01/18  07:00:00,695.765878396,30.3148174886,197.974251238,0.0,49.8407270682,199.362908273,1061.78375616,1059.59142911,2.1923270562
 01/18  08:00:00,546.289700293,30.3148174886,0.0,0.0,149.522181205,199.362908273,1995.87659259,1987.12270707,8.7538855267
 01/18  09:00:00,1051.26023985,30.3148174886,0.0,0.0,448.566543614,448.566543614,1034.77050082,1017.15796092,17.6125399015
 01/18  10:00:00,1013.6997985,30.3148174886,0.0,0.0,448.566543614,448.566543614,429.202555859,411.564424068,17.638131791
 01/18  11:00:00,964.660695964,30.4795951876,0.0,0.0,448.566543614,448.566543614,253.034923111,233.186867312,19.8480557994
 01/18  12:00:00,1096.50483556,32.5114278796,77.9828207707,0.0,448.566543614,448.566543614,165.408084484,143.276956375,22.1311281084
 01/18  13:00:00,1039.08467621,34.5149189931,62.8981721742,0.0,448.566543614,398.725816546,169.027687417,142.361381669,26.6663057478
 01/18  14:00:00,1119.76672671,36.1530141345,88.5811505185,0.0,448.566543614,448.566543614,142.371721386,117.957514029,24.4142073576
 01/18  15:00:00,1126.82624395,36.0078022153,94.9450824712,0.0,448.566543614,448.566543614,117.68465727,100.080448834,17.604208436
 01/18  16:00:00,1108.6875411,34.6569935214,80.200276331,0.0,448.566543614,448.566543614,89.2848978133,73.886802207,15.3980956062
 01/18  17:00:00,1097.31410757,32.1396649339,36.4479868986,0.0,448.566543614,448.566543614,116.409371041,96.5169696313,19.8924014094
 01/18  18:00:00,926.186484865,30.3148174886,0.0,0.0,348.885089477,398.725816546,362.844997342,349.682275363,13.1627219793
 01/18  19:00:00,753.091192772,30.3148174886,0.0,0.0,249.203635341,299.044362409,856.524979049,845.578209813,10.9467692364
 01/18  20:00:00,729.424094669,30.3148174886,0.0,0.0,249.203635341,299.044362409,1151.24301035,1144.6833801,6.55963025835
 01/18  21:00:00,580.729928005,30.3148174886,0.0,0.0,149.522181205,249.203635341,1192.28719345,1183.54174758,8.74544586756
 01/18  22:00:00,557.526841284,30.3148174886,0.0,0.0,149.522181205,249.203635341,1209.3405953,1204.97437526,4.36622003727
 01/18  23:00:00,349.356899909,0.0,0.0,0.0,49.8407270682,199.362908273,2.19032920315,0.0,2.19032920315
 01/18  24:00:00,305.636474659,0.410735541745,0.0174367177123,0.0,24.9203635341,199.362908273,2.82085021533,0.630524602034,2.19032561329
 01/19  01:00:00,320.067815264,2.05367770873,0.212542406005,0.0,24.9203635341,199.362908273,5.12826468612,2.93779655725,2.19046812888
 01/19  02:00:00,305.101758958,1.64294216698,0.0420295284999,0.0,24.9203635341,199.362908273,8.37270983047,6.18224249208,2.19046733839
 01/19  03:00:00,289.858946142,2.05367770873,0.0,0.0,24.9203635341,199.362908273,14.0205741645,9.65992703438,4.36064713014
 01/19  04:00:00,289.477862095,1.64294216698,0.0,0.0,24.9203635341,199.362908273,20.4664095529,18.2759446322,2.19046492069
 01/19  05:00:00,334.617015899,6.0980938611,19.699362185,0.0,24.9203635341,199.362908273,29.7676847245,27.5772204826,2.19046424191
 01/19  06:00:00,589.798895513,21.8650229289,169.895229433,0.0,49.8407270682,199.362908273,64.615486184,60.2487317874,4.36675439661
 01/19  07:00:00,696.360338008,30.3148174886,204.595715475,0.0,49.8407270682,199.362908273,582.284940808,580.092702408,2.1922383999
 01/19  08:00:00,549.587492467,30.3148174886,0.0,0.0,149.522181205,199.362908273,2202.14608859,2191.2086499,10.9374386908
 01/19  09:00:00,1054.74579621,30.3148174886,0.0,0.0,448.566543614,448.566543614,1363.05188029,1347.63704211,15.4148381784
 01/19  10:00:00,1017.94405221,30.3148174886,0.0,0.0,448.566543614,448.566543614,1108.24296377,1090.60604292,17.6369208447
 01/19  11:00:00,968.185061317,30.3148174886,0.0,0.0,448.566543614,448.566543614,900.35313633,880.502761837,19.8503744927
 01/19  12:00:00,966.704163752,30.3148174886,0.0,0.0,448.566543614,448.566543614,750.430390891,728.301158918,22.1292319734
 01/19  13:00:00,916.047966064,30.3148174886,0.0,0.0,448.566543614,398.725816546,658.336200016,631.663156527,26.6730434893
 01/19  14:00:00,965.251598033,30.3148174886,0.0,0.0,448.566543614,448.566543614,516.45926699,489.824857437,26.6344095533
 01/19  15:00:00,964.919797679,30.3148174886,0.0,0.0,448.566543614,448.566543614,429.212253158,413.806858262,15.4053948956
 01/19  16:00:00,964.749188656,30.3148174886,0.0,0.0,448.566543614,448.566543614,383.068417275,367.668533003,15.399884272
 01/19  17:00:00,1013.53010916,30.3148174886,0.0,0.0,448.566543614,448.566543614,357.097059049,334.996277364,22.100781685
 01/19  18:00:00,926.311670125,30.3148174886,0.0,0.0,348.885089477,398.725816546,391.038930882,380.068564411,10.9703664707
 01/19  19:00:00,752.689082105,30.3148174886,0.0,0.0,249.203635341,299.044362409,510.748718496,499.801180126,10.9475383699
 01/19  20:00:00,728.291160678,30.3148174886,0.0,0.0,249.203635341,299.044362409,571.937469988,565.379113883,6.55835610493
 01/19  21:00:00,578.827664828,30.3148174886,0.0,0.0,149.522181205,249.203635341,642.532548525,633.785891017,8.74665750763
 01/19  22:00:00,554.449020166,30.3148174886,0.0,0.0,149.522181205,249.203635341,710.479923764,706.113643389,4.36628037548
 01/19  23:00:00,349.356900464,0.0,0.0,0.0,49.8407270682,199.362908273,2.19037307179,0.0,2.19037307179
 01/19  24:00:00,299.992141477,0.0,0.0,0.0,24.9203635341,199.362908273,2.19019508336,0.0,2.19019508336
 01/20  01:00:00,296.260642514,0.410735541745,0.489297364671,0.0,24.9203635341,199.362908273,6.08082682675,1.72014939578,4.36067743097
 01/20  02:00:00,326.874502242,2.05367770873,4.33732326893,0.0,24.9203635341,199.362908273,11.2978878224,9.10768957418,2.19019824821
 01/20  03:00:00,317.907014522,1.64294216698,2.36770599598,0.0,24.9203635341,199.362908273,11.8175147035,9.62731544435,2.19019925917
 01/20  04:00:00,325.485731126,2.05367770873,3.00175189395,0.0,24.9203635341,199.362908273,15.4807763992,13.2902922373,2.19048416197
 01/20  05:00:00,329.13500189,1.64294216698,1.41202344524,0.0,24.9203635341,199.362908273,15.5643977401,13.373930241,2.19046749911
 01/20  06:00:00,384.392749634,2.05367770873,1.98735185156,0.0,49.8407270682,199.362908273,20.2586346146,15.8921433738,4.36649124081
 01/20  07:00:00,700.375125324,30.3148174886,202.601543905,0.0,49.8407270682,199.362908273,852.930238742,848.565863771,4.36437497099
 01/20  08:00:00,545.487657624,30.3148174886,0.0,0.0,149.522181205,199.362908273,1191.44767153,1182.69429358,8.75337795631
 01/20  09:00:00,1050.56842092,30.3148174886,0.0,0.0,448.566543614,448.566543614,757.677210491,740.063057914,17.6141525766
 01/20  10:00:00,1013.59686325,30.3148174886,0.0,0.0,448.566543614,448.566543614,502.19434379,484.557168731,17.6371750592
 01/20  11:00:00,964.482615014,30.3148174886,0.0,0.0,448.566543614,448.566543614,316.022973905,298.377003863,17.6459700422
 01/20  12:00:00,1040.75067587,30.3148174886,52.1177391487,0.0,448.566543614,448.566543614,213.169592764,191.039186618,22.1304061461
 01/20  13:00:00,1002.07956121,30.3148174886,31.8662580378,0.0,448.566543614,398.725816546,210.395780002,181.492576579,28.9032034234
 01/20  14:00:00,1072.62797226,31.3902117677,48.781923365,0.0,448.566543614,448.566543614,159.528432954,135.105867399,24.4225655547
 01/20  15:00:00,1127.92129988,31.7528054398,91.2458871219,0.0,448.566543614,448.566543614,118.081152868,102.674843633,15.4063092356
 01/20  16:00:00,1161.11206899,31.7904955439,116.14104443,0.0,448.566543614,448.566543614,83.9659395006,66.3671429672,17.5987965334
 01/20  17:00:00,1192.10831099,30.3798435764,101.818762322,0.0,448.566543614,448.566543614,102.294732735,82.4031227416,19.8916099929
 01/20  18:00:00,1075.5125025,30.3148174886,80.0780044126,0.0,348.885089477,398.725816546,148.648107969,135.487986951,13.1601210181
 01/20  19:00:00,865.217400634,30.3148174886,51.8392627495,0.0,249.203635341,299.044362409,204.523501976,195.761949984,8.76155199161
 01/20  20:00:00,815.071345686,30.3148174886,31.5423464731,0.0,249.203635341,299.044362409,240.169084674,231.430621357,8.73846331659
 01/20  21:00:00,637.429105184,30.3148174886,15.269358988,0.0,149.522181205,249.203635341,319.859899593,311.113750193,8.74614939959
 01/20  22:00:00,593.680545092,30.3148174886,5.62264516875,0.0,149.522181205,249.203635341,341.588441214,339.395111008,2.19333020571
 01/20  23:00:00,349.356901806,0.0,0.0,0.0,49.8407270682,199.362908273,4.36031715876,0.0,4.36031715876
 01/20  24:00:00,299.992142483,0.0,0.0,0.0,24.9203635341,199.362908273,2.19029201979,0.0,2.19029201979
 01/21  01:00:00,237.929218247,0.0,0.0,0.0,24.9203635341,149.522181205,2.19029570227,0.0,2.19029570227
 01/21  02:00:00,237.929218244,0.0,0.0,0.0,24.9203635341,149.522181205,2.19029829753,0.0,2.19029829753
 01/21  03:00:00,265.875804434,1.64294216698,0.157700672055,0.0,24.9203635341,149.522181205,11.24534209,9.05489816774,2.19044392229
 01/21  04:00:00,272.958878375,2.05367770873,0.308427873869,0.0,24.9203635341,149.522181205,19.6416778449,15.2810679196,4.36060992532
 01/21  05:00:00,271.500152201,1.64294216698,0.132831496033,0.0,24.9203635341,149.522181205,22.2929299913,20.1024780929,2.19045189848
 01/21  06:00:00,304.121109476,2.05367770873,0.103049607317,0.0,24.9203635341,149.522181205,30.9039008276,26.537423526,4.36647730165
 01/21  07:00:00,690.841065499,30.3148174886,195.929750418,0.0,49.8407270682,199.362908273,1042.42463538,1040.23226946,2.19236592108
 01/21  08:00:00,446.762886191,30.3148174886,0.0,0.0,49.8407270682,199.362908273,1968.38852867,1961.84090701,6.54762165897
 01/21  09:00:00,652.664117073,30.3148174886,0.0,0.0,249.203635341,249.203635341,1096.63332107,1090.07391865,6.55940242326
 01/21  10:00:00,614.889067883,30.3148174886,0.0,0.0,249.203635341,249.203635341,389.242148464,378.294219071,10.9479293925
 01/21  11:00:00,746.119668659,30.3416852904,101.445909235,0.0,249.203635341,249.203635341,170.616340097,161.861356495,8.7549836026
 01/21  12:00:00,813.114386781,32.1113871986,156.544994738,0.0,249.203635341,249.203635341,171.797616327,160.838783301,10.9588330258
 01/21  13:00:00,893.727675971,34.3611536504,234.180239722,0.0,249.203635341,249.203635341,165.256292587,156.498497156,8.75779543114
 01/21  14:00:00,905.865542386,35.626361756,244.656536022,0.0,249.203635341,249.203635341,165.441871301,154.504466117,10.9374051838
 01/21  15:00:00,660.581797919,34.8745325398,249.134638443,0.0,74.7610906023,174.442544739,215.808814661,209.249027385,6.5597872762
 01/21  16:00:00,659.332320002,33.4616924282,249.436203997,0.0,74.7610906023,174.442544739,209.20874015,202.654066469,6.55467368113
 01/21  17:00:00,701.328373835,31.2482903414,245.005197769,0.0,74.7610906023,174.442544739,209.073984441,202.517816913,6.55616752766
 01/21  18:00:00,622.73415917,30.3148174886,180.612402677,0.0,24.9203635341,149.522181205,327.15626976,322.791544591,4.36472516873
 01/21  19:00:00,347.929988477,0.0,0.0,0.0,24.9203635341,149.522181205,2.19199600525,0.0,2.19199600525
 01/21  20:00:00,323.485593282,0.0,0.0,0.0,24.9203635341,149.522181205,4.3644653319,0.0,4.3644653319
 01/21  21:00:00,323.485593376,0.0,0.0,0.0,24.9203635341,149.522181205,4.36413276245,0.0,4.36413276245
 01/21  22:00:00,299.042187845,0.0,0.0,0.0,24.9203635341,149.522181205,4.3680922449,0.0,4.3680922449
 01/21  23:00:00,274.595811796,0.0,0.0,0.0,24.9203635341,149.522181205,2.19045020236,0.0,2.19045020236
 01/21  24:00:00,250.151416064,0.0,0.0,0.0,24.9203635341,149.522181205,2.19045280949,0.0,2.19045280949
 01/22  01:00:00,248.924672262,0.410735541745,0.382776246824,0.0,24.9203635341,149.522181205,3.64654946462,1.45718768693,2.18936177769
 01/22  02:00:00,276.318866752,2.05367770873,2.51640586724,0.0,24.9203635341,149.522181205,9.75449784718,7.56501434405,2.18948350313
 01/22  03:00:00,267.308020626,1.64294216698,1.56331294059,0.0,24.9203635341,149.522181205,10.9223633846,8.73304954937,2.18931383525
 01/22  04:00:00,274.319218417,2.05367770873,1.65545927243,0.0,24.9203635341,149.522181205,16.9599620929,14.7704395407,2.1895225522
 01/22  05:00:00,275.836489623,1.64294216698,0.56435146266,0.0,24.9203635341,149.522181205,20.7686560544,18.5793899711,2.18926608337
 01/22  06:00:00,305.81967354,2.05367770873,0.492060611478,0.0,24.9203635341,149.522181205,28.4610795826,24.0968160309,4.36426355166
 01/22  07:00:00,331.662313173,1.64294216698,0.0,0.0,24.9203635341,149.522181205,36.9764306461,34.7869040204,2.18952662563
 01/22  08:00:00,483.085780208,14.1869261659,99.9948535321,0.0,24.9203635341,149.522181205,82.5179137042,80.328468998,2.18944470624
 01/22  09:00:00,298.355547627,1.64294216698,0.0,0.0,24.9203635341,149.522181205,51.0256070502,48.8360700511,2.18953699902
 01/22  10:00:00,262.085372977,2.05367770873,0.0,0.0,24.9203635341,149.522181205,35.5377122267,33.3486768192,2.18903540752
 01/22  11:00:00,212.780180254,1.64294216698,0.0,0.0,24.9203635341,149.522181205,29.3933115044,27.2038218962,2.18948960825
 01/22  12:00:00,228.903636112,2.05367770873,0.155225560618,0.0,24.9203635341,149.522181205,19.5834361004,17.3920095652,2.19142653515
 01/22  13:00:00,349.512700871,12.9231503822,82.2961560868,0.0,24.9203635341,149.522181205,13.6514558915,11.4600420087,2.19141388282
 01/22  14:00:00,480.451188011,23.7316758554,175.590340284,0.0,24.9203635341,149.522181205,13.8921443377,9.52349169031,4.36865264735
 01/22  15:00:00,451.526983516,19.7342009226,147.469358998,0.0,24.9203635341,149.522181205,10.2157337471,5.85287010992,4.36286363716
 01/22  16:00:00,399.146826895,14.2417248767,106.811998948,0.0,24.9203635341,149.522181205,6.65024214353,4.46072628681,2.18951585672
 01/22  17:00:00,295.167635744,1.64294216698,6.23318192765,0.0,24.9203635341,149.522181205,6.44371544807,4.25425262776,2.18946282031
 01/22  18:00:00,364.981860142,2.05367770873,7.59830485116,0.0,24.9203635341,149.522181205,9.91841433616,7.72890258341,2.18951175275
 01/22  19:00:00,380.42109716,1.64294216698,4.62150802908,0.0,24.9203635341,149.522181205,11.9889641919,9.79969428484,2.18926990705
 01/22  20:00:00,363.042064468,2.05367770873,4.76347505559,0.0,24.9203635341,149.522181205,15.603237314,13.4137017224,2.18953559157
 01/22  21:00:00,353.43880239,1.64294216698,2.18796533833,0.0,24.9203635341,149.522181205,16.0626173652,13.8731044503,2.18951291487
 01/22  22:00:00,335.609984867,2.05367770873,1.89681058395,0.0,24.9203635341,149.522181205,21.7784013242,19.5860051774,2.19239614677
 01/22  23:00:00,296.315508114,1.64294216698,0.523759077001,0.0,24.9203635341,149.522181205,24.9713157656,22.781806221,2.18950954464
 01/22  24:00:00,278.485689339,2.05367770873,0.230912665108,0.0,24.9203635341,149.522181205,32.4866195494,30.297192689,2.18942686041
 01/23  01:00:00,523.48054439,21.8650229289,161.854421409,0.0,24.9203635341,199.362908273,98.242686856,93.8817891591,4.36089769686
 01/23  02:00:00,485.442558147,18.2313423182,136.397018609,0.0,24.9203635341,199.362908273,102.390614159,100.200229229,2.19038492961
 01/23  03:00:00,534.794977418,21.8650229289,170.496298545,0.0,24.9203635341,199.362908273,122.315132117,120.124651647,2.19048047054
 01/23  04:00:00,486.121190699,18.2313423182,136.397038863,0.0,24.9203635341,199.362908273,114.606826285,112.416357578,2.19046870618
 01/23  05:00:00,547.244783901,21.8650229289,170.496298579,0.0,24.9203635341,199.362908273,144.821336608,142.630862128,2.19047447949
 01/23  06:00:00,548.197423105,18.2313423182,136.397038863,0.0,49.8407270682,199.362908273,131.956789004,127.590054123,4.3667348815
 01/23  07:00:00,705.317942564,30.3148174886,204.595652686,0.0,49.8407270682,199.362908273,1558.69585765,1554.33122676,4.3646308904
 01/23  08:00:00,545.839779099,30.3148174886,0.0,0.0,149.522181205,199.362908273,1625.47169948,1616.71721961,8.75447987175
 01/23  09:00:00,1050.63754802,30.3148174886,0.0,0.0,448.566543614,448.566543614,869.520527774,851.904320651,17.6162071231
 01/23  10:00:00,1013.46415289,30.3148174886,0.0,0.0,448.566543614,448.566543614,411.604776262,393.9674514,17.6373248623
 01/23  11:00:00,1121.59438866,30.3741816835,89.8071407944,0.0,448.566543614,448.566543614,215.019666332,197.373227059,17.6464392729
 01/23  12:00:00,1186.71937063,32.3903268977,137.325409362,0.0,448.566543614,448.566543614,195.609356995,171.26519603,24.3441609652
 01/23  13:00:00,1240.56241785,35.0088111661,231.250053023,0.0,448.566543614,398.725816546,189.972728845,163.305193774,26.6675350705
 01/23  14:00:00,1320.99928882,37.1884342856,258.528269429,0.0,448.566543614,448.566543614,136.983599144,112.566925234,24.4166739094
 01/23  15:00:00,1337.54083878,37.4695825853,274.198380643,0.0,448.566543614,448.566543614,92.9287249093,75.3230738952,17.6056510141
 01/23  16:00:00,1339.21795264,36.4904945316,276.768967932,0.0,448.566543614,448.566543614,57.8828711356,42.4819661304,15.4009050053
 01/23  17:00:00,1385.28387905,33.9118175789,276.435523776,0.0,448.566543614,448.566543614,58.0105436425,38.1176260751,19.8929175674
 01/23  18:00:00,1279.40250052,30.8321771274,269.862220198,0.0,348.885089477,398.725816546,79.3975556047,66.2326906196,13.1648649851
 01/23  19:00:00,1097.7572794,30.3148174886,254.774826768,0.0,249.203635341,299.044362409,156.564895359,145.617506737,10.9473886219
 01/23  20:00:00,1029.95355543,30.3148174886,212.455601136,0.0,249.203635341,299.044362409,182.046543374,175.487057609,6.55948576527
 01/23  21:00:00,828.170073861,30.3148174886,160.535945962,0.0,149.522181205,249.203635341,226.393422913,217.646290419,8.74713249334
 01/23  22:00:00,744.52593058,30.3148174886,112.172813922,0.0,149.522181205,249.203635341,261.525039622,257.159111383,4.36592823933
 01/23  23:00:00,349.356903653,0.0,0.0,0.0,49.8407270682,199.362908273,2.19037221334,0.0,2.19037221334
 01/23  24:00:00,299.992144597,0.0,0.0,0.0,24.9203635341,199.362908273,2.19037796588,0.0,2.19037796588
 01/24  01:00:00,287.769947726,0.0,0.0,0.0,24.9203635341,199.362908273,2.19038540413,0.0,2.19038540413
 01/24  02:00:00,287.769947831,0.0,0.0,0.0,24.9203635341,199.362908273,4.36079183882,0.0,4.36079183882
 01/24  03:00:00,287.769947648,0.0,0.0,0.0,24.9203635341,199.362908273,2.19040648718,0.0,2.19040648718
 01/24  04:00:00,287.769947507,0.0,0.0,0.0,24.9203635341,199.362908273,2.19041355431,0.0,2.19041355431
 01/24  05:00:00,299.992145364,0.0,0.0,0.0,24.9203635341,199.362908273,2.19042063088,0.0,2.19042063088
 01/24  06:00:00,378.221591957,1.64294216698,0.801455632157,0.0,49.8407270682,199.362908273,10.8271534515,6.4607531433,4.36640030817
 01/24  07:00:00,700.243682602,30.3148174886,199.346177659,0.0,49.8407270682,199.362908273,815.578150289,811.21350234,4.36464794947
 01/24  08:00:00,545.323238724,30.3148174886,0.0,0.0,149.522181205,199.362908273,1242.38041088,1233.62594356,8.7544673216
 01/24  09:00:00,1050.43520982,30.3148174886,0.0,0.0,448.566543614,448.566543614,715.401071169,697.786467969,17.6146032001
 01/24  10:00:00,1013.36312881,30.3148174886,0.0,0.0,448.566543614,448.566543614,324.440749851,306.800054209,17.6406956414
 01/24  11:00:00,1088.4230527,30.3320246503,74.3095942133,0.0,448.566543614,448.566543614,150.286171289,132.639490747,17.6466805424
 01/24  12:00:00,1088.02706944,30.3148174886,57.9272160178,0.0,448.566543614,448.566543614,139.397558581,117.264417314,22.1331412675
 01/24  13:00:00,1064.00251193,30.6519293425,77.1629111406,0.0,448.566543614,398.725816546,157.87460116,128.977425723,28.8971754372
 01/24  14:00:00,1187.98114353,34.1454957193,134.087501935,0.0,448.566543614,448.566543614,124.5102757,100.088149836,24.4221258641
 01/24  15:00:00,1237.34788918,35.0211900034,178.551654781,0.0,448.566543614,448.566543614,95.7098012567,78.1014491259,17.6083521308
 01/24  16:00:00,1228.34778938,32.9815821224,171.440915621,0.0,448.566543614,448.566543614,68.1618579717,52.7614028197,15.400455152
 01/24  17:00:00,1229.963714,30.8124572268,126.441415577,0.0,448.566543614,448.566543614,85.1163820318,65.2223738801,19.8940081517
 01/24  18:00:00,1069.94859115,30.3148174886,79.6030195175,0.0,348.885089477,398.725816546,139.459996062,126.296365973,13.1636300891
 01/24  19:00:00,857.569719498,30.3148174886,45.0521156964,0.0,249.203635341,299.044362409,199.340823588,188.39316093,10.947662658
 01/24  20:00:00,806.606231992,30.3148174886,24.3598231296,0.0,249.203635341,299.044362409,224.108299792,217.549174363,6.55912542909
 01/24  21:00:00,632.812764476,30.3148174886,11.1972330606,0.0,149.522181205,249.203635341,297.322356514,288.575981209,8.74637530543
 01/24  22:00:00,553.95293457,30.3148174886,0.0,0.0,149.522181205,249.203635341,359.097991734,354.731349515,4.36664221853
 01/24  23:00:00,349.356904601,0.0,0.0,0.0,49.8407270682,199.362908273,2.19018169882,0.0,2.19018169882
 01/24  24:00:00,299.992145378,0.0,0.0,0.0,24.9203635341,199.362908273,2.19018908872,0.0,2.19018908872
 01/25  01:00:00,287.769948321,0.0,0.0,0.0,24.9203635341,199.362908273,2.19019805115,0.0,2.19019805115
 01/25  02:00:00,287.769948544,0.0,0.0,0.0,24.9203635341,199.362908273,4.36042176198,0.0,4.36042176198
 01/25  03:00:00,287.769948472,0.0,0.0,0.0,24.9203635341,199.362908273,2.19022374967,0.0,2.19022374967
 01/25  04:00:00,287.769948207,0.0,0.0,0.0,24.9203635341,199.362908273,2.19023234362,0.0,2.19023234362
 01/25  05:00:00,321.04438795,1.23220662524,0.168476981571,0.0,24.9203635341,199.362908273,7.21043873769,5.02019779497,2.19024094272
 01/25  06:00:00,377.594154418,1.64294216698,0.402331649011,0.0,49.8407270682,199.362908273,12.4952037644,8.1284662112,4.3667375532
 01/25  07:00:00,701.190657847,30.3148174886,197.449153368,0.0,49.8407270682,199.362908273,751.892638278,747.528095983,4.3645422953
 01/25  08:00:00,545.07220996,30.3148174886,0.0,0.0,149.522181205,199.362908273,996.343499895,987.588414746,8.75508514864
 01/25  09:00:00,1050.43436036,30.3148174886,0.0,0.0,448.566543614,448.566543614,756.227702991,740.811490806,15.4162121852
 01/25  10:00:00,1013.67409002,30.3148174886,0.0,0.0,448.566543614,448.566543614,637.727959994,617.885342847,19.8426171461
 01/25  11:00:00,964.75584138,30.3148174886,0.0,0.0,448.566543614,448.566543614,592.063683236,574.417953845,17.6457293906
 01/25  12:00:00,964.729793609,30.3148174886,0.0,0.0,448.566543614,448.566543614,557.895793111,535.763618492,22.1321746187
 01/25  13:00:00,914.879025153,30.3148174886,0.0,0.0,448.566543614,398.725816546,547.406999822,518.504451203,28.9025486194
 01/25  14:00:00,964.62703221,30.3148174886,0.0,0.0,448.566543614,448.566543614,462.543046742,438.118966169,24.4240805735
 01/25  15:00:00,964.57072671,30.3148174886,0.0,0.0,448.566543614,448.566543614,420.136570104,402.528716976,17.6078531273
 01/25  16:00:00,964.539050246,30.3148174886,0.0,0.0,448.566543614,448.566543614,393.676738804,378.276654056,15.4000847485
 01/25  17:00:00,1013.431056,30.3148174886,0.0,0.0,448.566543614,448.566543614,396.949002928,377.055285482,19.893717446
 01/25  18:00:00,917.702199602,30.3148174886,0.0,0.0,348.885089477,398.725816546,434.50725381,421.343839144,13.1634146656
 01/25  19:00:00,752.564107089,30.3148174886,0.0,0.0,249.203635341,299.044362409,488.492782237,477.545273738,10.9475084983
 01/25  20:00:00,728.18235506,30.3148174886,0.0,0.0,249.203635341,299.044362409,552.65459126,546.094490003,6.56010125757
 01/25  21:00:00,578.778863284,30.3148174886,0.0,0.0,149.522181205,249.203635341,663.874352939,655.128072625,8.74628031405
 01/25  22:00:00,554.396597239,30.3148174886,0.0,0.0,149.522181205,249.203635341,711.083988648,706.717398885,4.36658976326
 01/25  23:00:00,349.356905282,0.0,0.0,0.0,49.8407270682,199.362908273,2.19050933496,0.0,2.19050933496
 01/25  24:00:00,299.992146061,0.0,0.0,0.0,24.9203635341,199.362908273,2.19051770028,0.0,2.19051770028
 01/26  01:00:00,287.769948945,0.0,0.0,0.0,24.9203635341,199.362908273,2.19017323348,0.0,2.19017323348
 01/26  02:00:00,327.536794755,2.05367770873,3.95696102633,0.0,24.9203635341,199.362908273,14.6129485935,10.2522872643,4.36066132915
 01/26  03:00:00,318.352852173,1.64294216698,2.7937975432,0.0,24.9203635341,199.362908273,12.5641156708,10.3739130614,2.19020260948
 01/26  04:00:00,321.815836081,2.05367770873,1.97258601615,0.0,24.9203635341,199.362908273,20.5049948048,18.3144970322,2.19049777261
 01/26  05:00:00,324.844554191,1.64294216698,1.03526411804,0.0,24.9203635341,199.362908273,20.2982954006,18.1077878874,2.19050751322
 01/26  06:00:00,365.92621931,2.05367770873,0.164644763543,0.0,49.8407270682,199.362908273,38.6085479261,34.2417612543,4.36678667177
 01/26  07:00:00,697.330349666,30.3148174886,204.167934247,0.0,49.8407270682,199.362908273,1035.93686597,1031.57234993,4.36451604682
 01/26  08:00:00,549.440890306,30.3148174886,0.0,0.0,149.522181205,199.362908273,2649.01043181,2640.25534831,8.75508349634
 01/26  09:00:00,1054.7479249,30.3148174886,0.0,0.0,448.566543614,448.566543614,1357.4574727,1342.04101652,15.4164561766
 01/26  10:00:00,1018.0096435,30.3148174886,0.0,0.0,448.566543614,448.566543614,1162.7320137,1142.88910979,19.84290391
 01/26  11:00:00,968.961002455,30.3148174886,0.0,0.0,448.566543614,448.566543614,995.448305214,977.801487193,17.6468180212
 01/26  12:00:00,968.924856155,30.3148174886,0.0,0.0,448.566543614,448.566543614,907.843030871,885.709243925,22.133786946
 01/26  13:00:00,919.151506859,30.3148174886,0.0,0.0,448.566543614,398.725816546,943.079086499,914.177417841,28.9016686584
 01/26  14:00:00,968.987383541,30.3148174886,0.0,0.0,448.566543614,448.566543614,984.149409423,959.724495103,24.4249143202
 01/26  15:00:00,968.888517018,30.3148174886,0.0,0.0,448.566543614,448.566543614,886.791272733,869.182211069,17.6090616645
 01/26  16:00:00,968.833343297,30.3148174886,0.0,0.0,448.566543614,448.566543614,799.719450362,784.318612548,15.4008378135
 01/26  17:00:00,1017.72166313,30.3148174886,0.0,0.0,448.566543614,448.566543614,766.947182306,747.051236967,19.8959453389
 01/26  18:00:00,922.059688802,30.3148174886,0.0,0.0,348.885089477,398.725816546,853.702841965,840.538688342,13.1641536238
 01/26  19:00:00,756.995049699,30.3148174886,0.0,0.0,249.203635341,299.044362409,1013.07230707,1002.12417538,10.9481316919
 01/26  20:00:00,732.60657367,30.3148174886,0.0,0.0,249.203635341,299.044362409,1109.35169203,1102.79221889,6.5594731453
 01/26  21:00:00,583.156833603,30.3148174886,0.0,0.0,149.522181205,249.203635341,1196.65921543,1187.91240684,8.74680859341
 01/26  22:00:00,558.783583783,30.3148174886,0.0,0.0,149.522181205,249.203635341,1273.115184,1268.7488855,4.3662984932
 01/26  23:00:00,361.539381217,0.821471083491,0.588933626422,0.0,49.8407270682,199.362908273,3.72546412065,1.53500315149,2.19046096916
 01/26  24:00:00,315.179673268,1.64294216698,0.49827520564,0.0,24.9203635341,199.362908273,7.23608890458,5.04558209888,2.1905068057
 01/27  01:00:00,374.59729415,9.333626783,61.0385731859,0.0,24.9203635341,199.362908273,27.0793169012,24.8890133032,2.19030359804
 01/27  02:00:00,480.599442393,17.8206067765,136.373483838,0.0,24.9203635341,199.362908273,47.6737017014,43.312918539,4.36078316244
 01/27  03:00:00,528.528174686,22.2757584706,170.49625938,0.0,24.9203635341,199.362908273,111.545805141,109.355325429,2.1904797115
 01/27  04:00:00,482.306817876,17.8985512988,137.194806639,0.0,24.9203635341,199.362908273,122.78681759,120.596470593,2.19034699655
 01/27  05:00:00,553.173608233,24.2243715277,174.790766417,0.0,24.9203635341,199.362908273,238.432056061,236.241607853,2.19044820829
 01/27  06:00:00,564.965527575,19.3794972222,144.813983984,0.0,49.8407270682,199.362908273,212.674890257,208.308175726,4.36671453093
 01/27  07:00:00,693.82027405,30.3148174886,204.578165445,0.0,49.8407270682,199.362908273,1186.00630312,1181.64158355,4.36471957555
 01/27  08:00:00,550.144477551,30.3148174886,0.0,0.0,149.522181205,199.362908273,2850.80623615,2842.05179755,8.75443859956
 01/27  09:00:00,1055.00859915,30.3148174886,0.0,0.0,448.566543614,448.566543614,1723.54058336,1705.92400102,17.6165823384
 01/27  10:00:00,1018.01869643,30.3148174886,0.0,0.0,448.566543614,448.566543614,1269.18767475,1251.54874866,17.6389260896
 01/27  11:00:00,969.014176254,30.3148174886,0.0,0.0,448.566543614,448.566543614,1049.0488599,1031.40166964,17.647190256
 01/27  12:00:00,969.184434029,30.5093928172,0.0,0.0,448.566543614,448.566543614,992.153534739,970.019397858,22.1341368816
 01/27  13:00:00,920.25477831,32.0468541913,0.0,0.0,448.566543614,398.725816546,876.155912929,847.2619755,28.8939374288
 01/27  14:00:00,969.310657037,33.64274918,0.0,0.0,448.566543614,448.566543614,533.843914395,509.423199559,24.4207148363
 01/27  15:00:00,968.766433212,33.8516220395,0.0,0.0,448.566543614,448.566543614,427.989360561,410.383148878,17.6062116834
 01/27  16:00:00,967.525781832,32.9597831751,0.0,0.0,448.566543614,448.566543614,349.804253705,334.40368518,15.4005685246
 01/27  17:00:00,1014.53867771,31.0884594141,0.0,0.0,448.566543614,448.566543614,386.277658491,364.373110726,21.9045477646
 01/27  18:00:00,918.254577886,30.3148174886,0.0,0.0,348.885089477,398.725816546,529.784002514,518.613554443,11.1704480706
 01/27  19:00:00,753.495959529,30.3148174886,0.0,0.0,249.203635341,299.044362409,753.087387183,742.139943559,10.9474436245
 01/27  20:00:00,729.106270633,30.3148174886,0.0,0.0,249.203635341,299.044362409,763.549074169,756.989759499,6.55931466984
 01/27  21:00:00,579.480108304,30.3148174886,0.0,0.0,149.522181205,249.203635341,746.521139036,737.77430681,8.74683222587
 01/27  22:00:00,554.930242028,30.3148174886,0.0,0.0,149.522181205,249.203635341,740.166923365,735.800605845,4.36631751996
 01/27  23:00:00,349.356906211,0.0,0.0,0.0,49.8407270682,199.362908273,2.19038925277,0.0,2.19038925277
 01/27  24:00:00,299.99214723,0.0,0.0,0.0,24.9203635341,199.362908273,2.19022163105,0.0,2.19022163105
 01/28  01:00:00,277.403642544,2.05367770873,3.77810397009,0.0,24.9203635341,149.522181205,9.80847278139,5.44770776907,4.36076501232
 01/28  02:00:00,268.070481264,1.64294216698,2.37237648611,0.0,24.9203635341,149.522181205,8.52534001113,6.33508243215,2.19025757897
 01/28  03:00:00,267.399252388,2.05367770873,1.32640540075,0.0,24.9203635341,149.522181205,14.5375849518,12.3471006878,2.19048426401
 01/28  04:00:00,347.519683027,9.73177447173,68.0940134347,0.0,24.9203635341,149.522181205,34.5993585718,32.4088623555,2.19049621631
 01/28  05:00:00,444.266213997,18.2313423182,136.378642017,0.0,24.9203635341,149.522181205,89.1699825192,86.9795098964,2.19047262285
 01/28  06:00:00,515.558781827,21.8650229289,170.496267964,0.0,24.9203635341,149.522181205,141.197570134,136.830759859,4.36681027478
 01/28  07:00:00,695.586352026,30.3148174886,204.595673583,0.0,49.8407270682,199.362908273,1157.32034504,1152.95577499,4.3645700517
 01/28  08:00:00,450.26483738,30.3148174886,0.0,0.0,49.8407270682,199.362908273,2880.74082821,2876.36907521,4.37175300436
 01/28  09:00:00,656.486715096,30.3148174886,0.0,0.0,249.203635341,249.203635341,1862.10929525,1853.37055834,8.7387369127
 01/28  10:00:00,619.61227223,30.3148174886,0.0,0.0,249.203635341,249.203635341,1601.13972689,1592.37839229,8.76133459905
 01/28  11:00:00,570.73499119,30.3148174886,0.0,0.0,249.203635341,249.203635341,1560.81699815,1549.87923595,10.9377621978
 01/28  12:00:00,570.762611613,30.3148174886,0.0,0.0,249.203635341,249.203635341,1593.57754587,1582.61973123,10.9578146466
 01/28  13:00:00,570.626173447,30.3148174886,0.0,0.0,249.203635341,249.203635341,1502.46908904,1493.70973177,8.75935727614
 01/28  14:00:00,570.550917126,30.3148174886,0.0,0.0,249.203635341,249.203635341,1388.72682255,1379.97272547,8.75409707466
 01/28  15:00:00,321.488940836,30.3148174886,0.0,0.0,74.7610906023,174.442544739,1495.33252648,1486.59354447,8.73898200929
 01/28  16:00:00,321.45179579,30.3148174886,0.0,0.0,74.7610906023,174.442544739,1512.76083612,1506.20707105,6.55376506613
 01/28  17:00:00,370.326417248,30.3148174886,0.0,0.0,74.7610906023,174.442544739,1477.64811539,1471.0911455,6.5569698869
 01/28  18:00:00,349.482271141,30.3148174886,0.0,0.0,24.9203635341,149.522181205,1608.77302237,1604.40861518,4.36440719302
 01/28  19:00:00,363.276101406,0.958382930739,1.01729056441,0.0,24.9203635341,149.522181205,3.98422361657,1.79176526098,2.19245835559
 01/28  20:00:00,472.95891884,14.1869261659,101.792399876,0.0,24.9203635341,149.522181205,33.063466066,28.6986292474,4.36483681857
 01/28  21:00:00,562.62841275,21.8650229289,170.491346117,0.0,24.9203635341,149.522181205,72.5814437515,70.3890139381,2.19242981341
 01/28  22:00:00,512.200814904,19.7122882416,143.640751961,0.0,24.9203635341,149.522181205,132.732084243,126.188929234,6.54315500927
 01/28  23:00:00,525.558227719,23.813635986,174.371978069,0.0,24.9203635341,149.522181205,177.622934784,175.4324098,2.19052498425
 01/28  24:00:00,464.660951392,19.7902327639,144.045161385,0.0,24.9203635341,149.522181205,254.316137848,252.126018841,2.19011900698
 01/29  01:00:00,488.373310105,23.813635986,174.220655522,0.0,24.9203635341,149.522181205,307.078319061,304.888806195,2.18951286573
 01/29  02:00:00,451.920594586,19.7902327639,143.788402249,0.0,24.9203635341,149.522181205,355.454329158,353.264773856,2.18955530189
 01/29  03:00:00,487.862177016,23.813635986,174.089248404,0.0,24.9203635341,149.522181205,383.503759819,381.314220068,2.18953975067
 01/29  04:00:00,451.397126568,19.7902327639,143.548590314,0.0,24.9203635341,149.522181205,400.198835441,398.009311201,2.18952424045
 01/29  05:00:00,499.70183245,23.813635986,173.972724306,0.0,24.9203635341,149.522181205,436.059926234,433.870417469,2.18950876514
 01/29  06:00:00,487.643910837,19.7902327639,143.324088059,0.0,24.9203635341,149.522181205,447.199620526,442.834906108,4.36471441783
 01/29  07:00:00,572.673185478,23.813635986,173.858419048,0.0,24.9203635341,149.522181205,484.254735152,482.065580166,2.18915498651
 01/29  08:00:00,542.903557441,19.7902327639,142.490989951,0.0,24.9203635341,149.522181205,474.597020438,472.407473063,2.18954737526
 01/29  09:00:00,544.957008232,23.813635986,172.994734234,0.0,24.9203635341,149.522181205,426.844719707,424.655187759,2.18953194738
 01/29  10:00:00,470.622648262,19.7902327639,140.847724129,0.0,24.9203635341,149.522181205,387.732754462,385.543237928,2.18951653377
 01/29  11:00:00,458.82117065,23.813635986,172.107792062,0.0,24.9203635341,149.522181205,404.764562792,404.744562792,0.02
 01/29  12:00:00,419.808922379,19.7902327639,138.63360813,0.0,24.9203635341,149.522181205,386.386799186,382.023782966,4.36301622019
 01/29  13:00:00,458.199479084,23.813635986,171.223673171,0.0,24.9203635341,149.522181205,350.072449838,347.880946172,2.19150366522
 01/29  14:00:00,418.412497973,19.7902327639,137.052478655,0.0,24.9203635341,149.522181205,349.368009901,344.999211928,4.36879797333
 01/29  15:00:00,457.502388769,23.813635986,170.398598447,0.0,24.9203635341,149.522181205,312.943238971,308.580302948,4.36293602323
 01/29  16:00:00,416.359548189,19.7902327639,135.099561184,0.0,24.9203635341,149.522181205,334.535828961,332.346300016,2.18952894559
 01/29  17:00:00,503.798469294,23.813635986,168.222869685,0.0,24.9203635341,149.522181205,307.351441771,305.161928238,2.18951353257
 01/29  18:00:00,515.153309965,19.7902327639,131.815443429,0.0,24.9203635341,149.522181205,362.044220495,359.854664365,2.18955612962
 01/29  19:00:00,584.906424799,23.813635986,162.212485323,0.0,24.9203635341,149.522181205,430.287311359,428.097770662,2.18954069684
 01/29  20:00:00,518.618404542,19.7902327639,126.330776426,0.0,24.9203635341,149.522181205,457.006619468,454.81709419,2.18952527757
 01/29  21:00:00,553.55399894,23.813635986,155.964226358,0.0,24.9203635341,149.522181205,491.610154519,489.420644647,2.18950987202
 01/29  22:00:00,489.377199775,19.7902327639,121.956238176,0.0,24.9203635341,149.522181205,485.103481767,482.911064356,2.19241741145
 01/29  23:00:00,498.709378726,23.813635986,150.522993072,0.0,24.9203635341,149.522181205,514.855008595,512.665484841,2.1895237534
 01/29  24:00:00,435.250161812,19.7902327639,117.426039294,0.0,24.9203635341,149.522181205,510.259127886,508.069619516,2.18950836935
 01/30  01:00:00,505.759046686,23.813635986,145.153588949,0.0,24.9203635341,199.362908273,553.50239116,549.14141438,4.3609767807
 01/30  02:00:00,469.256932721,19.7902327639,114.224922622,0.0,24.9203635341,199.362908273,525.919579323,523.729070363,2.19050896029
 01/30  03:00:00,501.136545165,23.813635986,140.956564143,0.0,24.9203635341,199.362908273,564.477234537,562.286711861,2.19052267589
 01/30  04:00:00,465.170170864,19.7902327639,110.543604905,0.0,24.9203635341,199.362908273,549.252906109,547.06236972,2.19053638836
 01/30  05:00:00,508.256313497,23.813635986,136.245138153,0.0,24.9203635341,199.362908273,591.998861912,589.808382638,2.19047927448
 01/30  06:00:00,523.201666848,19.7902327639,107.265466057,0.0,49.8407270682,199.362908273,561.209436825,556.842601597,4.36683522813
 01/30  07:00:00,688.524758796,30.3148174886,201.208359025,0.0,49.8407270682,199.362908273,2549.49143513,2545.12657404,4.36486108731
 01/30  08:00:00,542.853676236,30.3148174886,0.0,0.0,149.522181205,199.362908273,3689.34967453,3680.59566935,8.75400518629
 01/30  09:00:00,1055.77903825,30.3148174886,0.0,0.0,448.566543614,448.566543614,2451.20650482,2433.58997043,17.6165343939
 01/30  10:00:00,1018.65234044,30.3148174886,0.0,0.0,448.566543614,448.566543614,2006.86886794,1989.22953727,17.6393306719
 01/30  11:00:00,969.583045614,30.3148174886,0.0,0.0,448.566543614,448.566543614,1783.4288473,1763.57747136,19.8513759365
 01/30  12:00:00,969.403333151,30.3148174886,0.0,0.0,448.566543614,448.566543614,1580.5749325,1558.43896937,22.1359631366
 01/30  13:00:00,919.569095117,30.3148174886,0.0,0.0,448.566543614,398.725816546,1528.45818159,1501.78129404,26.6768875578
 01/30  14:00:00,969.186284615,30.3148174886,0.0,0.0,448.566543614,448.566543614,1330.58691276,1303.94664625,26.6402665093
 01/30  15:00:00,969.070595313,30.3148174886,0.0,0.0,448.566543614,448.566543614,1137.98192796,1122.57331663,15.4086113263
 01/30  16:00:00,969.003544002,30.3148174886,0.0,0.0,448.566543614,448.566543614,1031.15365877,1015.75200957,15.4016492007
 01/30  17:00:00,1017.87178181,30.3148174886,0.0,0.0,448.566543614,448.566543614,978.284572341,956.179418881,22.1051534603
 01/30  18:00:00,922.267948974,30.3148174886,0.0,0.0,348.885089477,398.725816546,1104.17010528,1091.01028956,13.1598157157
 01/30  19:00:00,757.328334337,30.3148174886,0.0,0.0,249.203635341,299.044362409,1402.88468049,1394.12251506,8.76216542872
 01/30  20:00:00,732.92370054,30.3148174886,0.0,0.0,249.203635341,299.044362409,1527.12229034,1518.38286548,8.73942485641
 01/30  21:00:00,583.540952206,30.3148174886,0.0,0.0,149.522181205,249.203635341,1663.53027985,1654.78389168,8.74638817714
 01/30  22:00:00,559.116202496,30.3148174886,0.0,0.0,149.522181205,249.203635341,1715.93188905,1713.73853113,2.19335791731
 01/30  23:00:00,363.217143796,0.821471083491,0.836722104561,0.0,49.8407270682,199.362908273,5.95496995917,1.59412844203,4.36084151714
 01/30  24:00:00,421.270046293,11.3495409327,82.0416409185,0.0,24.9203635341,199.362908273,20.8207666982,18.6304326977,2.19033400046
 01/31  01:00:00,527.821914598,22.2757584706,170.48813637,0.0,24.9203635341,199.362908273,64.8159398635,62.6254469152,2.19049294834
 01/31  02:00:00,479.783222462,17.8206067765,136.397036128,0.0,24.9203635341,199.362908273,73.0033759646,70.812868444,2.19050752058
 01/31  03:00:00,534.993064959,23.2890372603,172.517890052,0.0,24.9203635341,199.362908273,141.268725128,139.078346883,2.19037824474
 01/31  04:00:00,497.672012711,19.2236081776,141.706923438,0.0,24.9203635341,199.362908273,137.280309444,132.919345936,4.36096350797
 01/31  05:00:00,550.874217826,24.2243715277,173.467479053,0.0,24.9203635341,199.362908273,239.165088181,236.974593327,2.1904948533
 01/31  06:00:00,561.339812864,19.3794972222,141.272469878,0.0,49.8407270682,199.362908273,203.713889508,199.347100198,4.36678930975
 01/31  07:00:00,694.758626612,30.3148174886,204.595558294,0.0,49.8407270682,199.362908273,1602.7789851,1600.58669377,2.19229133416
 01/31  08:00:00,541.566393325,30.3148174886,0.0,0.0,149.522181205,199.362908273,3004.7114646,2993.77291594,10.9385486598
 01/31  09:00:00,1055.03529465,30.3148174886,0.0,0.0,448.566543614,448.566543614,1719.65750641,1704.24229103,15.4152153763
 01/31  10:00:00,1018.25210795,30.3148174886,0.0,0.0,448.566543614,448.566543614,1461.80600936,1441.96347427,19.8425350895
 01/31  11:00:00,969.276582693,30.3148174886,0.0,0.0,448.566543614,448.566543614,1352.73386592,1335.08740678,17.6464591357
 01/31  12:00:00,969.182344901,30.3148174886,0.0,0.0,448.566543614,448.566543614,1231.89837645,1209.76417606,22.1342003944
 01/31  13:00:00,919.35721332,30.3148174886,0.0,0.0,448.566543614,398.725816546,1214.11280994,1187.4268093,26.6860006434
 01/31  14:00:00,968.725179052,30.3148174886,0.0,0.0,448.566543614,448.566543614,1058.6561748,1032.00709151,26.6490832861
 01/31  15:00:00,967.726971549,30.3148174886,0.0,0.0,448.566543614,448.566543614,919.410767145,901.802651503,17.6081156419
 01/31  16:00:00,968.252843472,30.3148174886,0.0,0.0,448.566543614,448.566543614,1082.56966323,1067.16903823,15.4006249996
 01/31  17:00:00,1017.78646878,30.3148174886,0.0,0.0,448.566543614,448.566543614,1064.59380746,1044.69852904,19.8952784218
 01/31  18:00:00,922.187135966,30.3148174886,0.0,0.0,348.885089477,398.725816546,1075.2012445,1062.03688411,13.1643603878
 01/31  19:00:00,757.142161577,30.3148174886,0.0,0.0,249.203635341,299.044362409,1183.53741664,1172.58904547,10.9483711781
 01/31  20:00:00,732.710312188,30.3148174886,0.0,0.0,249.203635341,299.044362409,1238.55794913,1231.99832365,6.55962547459
 01/31  21:00:00,583.283459058,30.3148174886,0.0,0.0,149.522181205,249.203635341,1335.30878871,1326.56168042,8.74710828778
 01/31  22:00:00,558.858134475,30.3148174886,0.0,0.0,149.522181205,249.203635341,1379.6822582,1375.31583246,4.36642574546
 01/31  23:00:00,349.356908107,0.0,0.0,0.0,49.8407270682,199.362908273,2.19052338807,0.0,2.19052338807
 01/31  24:00:00,326.119861418,1.64294216698,1.62643570964,0.0,24.9203635341,199.362908273,5.75448092158,3.56412163872,2.19035928287
 02/01  01:00:00,319.566174425,2.05367770873,1.06248878633,0.0,24.9203635341,199.362908273,8.14662848223,5.95625380358,2.19037467865
 02/01  02:00:00,524.808137691,21.8650229289,167.622037522,0.0,24.9203635341,199.362908273,45.6669789983,41.3059672392,4.3610117591
 02/01  03:00:00,481.529116616,18.2313423182,136.39694373,0.0,24.9203635341,199.362908273,54.1469213484,51.9565009038,2.19042044454
 02/01  04:00:00,528.813902781,21.8650229289,170.49629842,0.0,24.9203635341,199.362908273,95.9479322592,93.7574238259,2.19050843333
 02/01  05:00:00,493.391762328,18.2313423182,136.397038863,0.0,24.9203635341,199.362908273,104.861465406,102.670941698,2.19052370798
 02/01  06:00:00,590.100725537,21.8650229289,170.496298579,0.0,49.8407270682,199.362908273,164.935376339,160.568527231,4.36684910723
 02/01  07:00:00,696.709643458,30.3148174886,204.595558294,0.0,49.8407270682,199.362908273,1251.90164079,1247.53685439,4.3647863976
 02/01  08:00:00,541.343218893,30.3148174886,0.0,0.0,149.522181205,199.362908273,2789.15695636,2780.40187213,8.7550842299
 02/01  09:00:00,1054.8201863,30.3148174886,0.0,0.0,448.566543614,448.566543614,1502.62702571,1485.01089176,17.6161339509
 02/01  10:00:00,1015.72412539,30.3148174886,0.0,0.0,448.566543614,448.566543614,766.011530797,748.372287538,17.6392432592
 02/01  11:00:00,965.456500269,30.3148174886,0.0,0.0,448.566543614,448.566543614,510.997894674,493.350028954,17.6478657203
 02/01  12:00:00,965.016580366,30.3148174886,0.0,0.0,448.566543614,448.566543614,433.754153407,409.407055177,24.3470982293
 02/01  13:00:00,914.978874084,30.3148174886,0.0,0.0,448.566543614,398.725816546,402.687692685,376.013940871,26.6737518143
 02/01  14:00:00,964.69784729,30.3148174886,0.0,0.0,448.566543614,448.566543614,378.590539591,351.953184169,26.6373554219
 02/01  15:00:00,964.637648778,30.3148174886,0.0,0.0,448.566543614,448.566543614,362.559939356,347.153071379,15.4068679775
 02/01  16:00:00,964.59962735,30.3148174886,0.0,0.0,448.566543614,448.566543614,354.511510954,339.109310163,15.4022007908
 02/01  17:00:00,1013.55488309,30.3148174886,0.0,0.0,448.566543614,448.566543614,417.934701454,395.828704984,22.10599647
 02/01  18:00:00,909.518831388,30.3148174886,0.0,0.0,348.885089477,398.725816546,617.688428027,604.528989808,13.159438219
 02/01  19:00:00,753.439316916,30.3148174886,0.0,0.0,249.203635341,299.044362409,962.885511435,954.122775275,8.76273615941
 02/01  20:00:00,729.895315491,30.3148174886,0.0,0.0,249.203635341,299.044362409,1267.02627234,1258.28665815,8.73961419425
 02/01  21:00:00,581.682252908,30.3148174886,0.0,0.0,149.522181205,249.203635341,1407.210945,1400.64519536,6.56574963809
 02/01  22:00:00,558.654162333,30.3148174886,0.0,0.0,149.522181205,249.203635341,1387.04099495,1382.67454365,4.36645130209
 02/01  23:00:00,349.35690869,0.0,0.0,0.0,49.8407270682,199.362908273,2.19047029179,0.0,2.19047029179
 02/01  24:00:00,321.615416786,1.23220662524,1.56519624885,0.0,24.9203635341,199.362908273,6.21037701651,1.84939403293,4.36098298358
 02/02  01:00:00,308.56178232,1.64294216698,0.883614749423,0.0,24.9203635341,199.362908273,7.07532753742,4.88481054542,2.190516992
 02/02  02:00:00,416.730250632,11.7602764744,81.9123056074,0.0,24.9203635341,199.362908273,20.6362142583,18.4456813877,2.19053287068
 02/02  03:00:00,481.057596178,17.8206067765,136.39395613,0.0,24.9203635341,199.362908273,42.4571920897,40.2669656102,2.19022647947
 02/02  04:00:00,529.21702248,22.2757584706,170.496293449,0.0,24.9203635341,199.362908273,70.8355312071,66.4751007732,4.36043043395
 02/02  05:00:00,493.150051754,17.8206067765,136.397038861,0.0,24.9203635341,199.362908273,91.9546605656,89.7641349674,2.19052559814
 02/02  06:00:00,590.904129131,22.2757584706,170.496298579,0.0,49.8407270682,199.362908273,124.574078733,120.207541471,4.36653726186
 02/02  07:00:00,696.977157311,30.3148174886,204.595593833,0.0,49.8407270682,199.362908273,1087.10953243,1084.91717823,2.1923542022
 02/02  08:00:00,541.244545077,30.3148174886,0.0,0.0,149.522181205,199.362908273,2657.27246144,2648.51774279,8.75471864744
 02/02  09:00:00,1053.84463674,30.3148174886,0.0,0.0,448.566543614,448.566543614,1208.49781288,1190.88233137,17.615481511
 02/02  10:00:00,1014.65695204,30.3148174886,0.0,0.0,448.566543614,448.566543614,539.237755677,521.598298768,17.639456909
 02/02  11:00:00,964.744201199,30.3148174886,0.0,0.0,448.566543614,448.566543614,278.095464404,258.242014528,19.8534498768
 02/02  12:00:00,1040.11164854,30.7778825835,51.4247571,0.0,448.566543614,448.566543614,176.793868756,154.656984028,22.1368847277
 02/02  13:00:00,1014.38455957,31.4882691411,42.1631610797,0.0,448.566543614,398.725816546,168.559706475,141.874829517,26.6848769586
 02/02  14:00:00,1089.99759331,33.4757150282,63.1229855019,0.0,448.566543614,448.566543614,149.430054168,122.781824022,26.648230146
 02/02  15:00:00,1122.69470413,34.494873442,89.5631815514,0.0,448.566543614,448.566543614,123.188214076,107.588453461,15.5997606149
 02/02  16:00:00,1137.65079333,33.8937595037,102.465656452,0.0,448.566543614,448.566543614,89.5984554757,72.1894886381,17.4089668376
 02/02  17:00:00,1169.99514292,31.866037404,88.8065888981,0.0,448.566543614,448.566543614,87.4403842982,67.5454907703,19.8948935278
 02/02  18:00:00,1004.88145577,30.3148174886,39.1709023445,0.0,348.885089477,398.725816546,107.312995111,94.1489091912,13.1640859199
 02/02  19:00:00,752.382653295,30.3148174886,0.0,0.0,249.203635341,299.044362409,291.128870543,280.180698924,10.948171619
 02/02  20:00:00,728.17370435,30.3148174886,0.0,0.0,249.203635341,299.044362409,502.921363226,496.361854404,6.55950882266
 02/02  21:00:00,578.712701054,30.3148174886,0.0,0.0,149.522181205,249.203635341,562.341437456,553.594458638,8.74697881761
 02/02  22:00:00,554.438674527,30.3148174886,0.0,0.0,149.522181205,249.203635341,722.653449499,718.287093202,4.36635629698
 02/02  23:00:00,349.356908722,0.0,0.0,0.0,49.8407270682,199.362908273,2.19030981305,0.0,2.19030981305
 02/02  24:00:00,299.992149606,0.0,0.0,0.0,24.9203635341,199.362908273,2.19032581157,0.0,2.19032581157
 02/03  01:00:00,287.769952251,0.0,0.0,0.0,24.9203635341,199.362908273,2.19034242275,0.0,2.19034242275
 02/03  02:00:00,308.865736488,1.23220662524,0.238124554067,0.0,24.9203635341,199.362908273,8.44886568791,4.08813158022,4.36073410769
 02/03  03:00:00,315.827658797,1.64294216698,0.291703781288,0.0,24.9203635341,199.362908273,10.5813136589,8.3907780635,2.19053559541
 02/03  04:00:00,320.23653558,2.05367770873,0.378458116841,0.0,24.9203635341,199.362908273,15.3880334719,13.1975523875,2.19048108431
 02/03  05:00:00,321.353648671,1.64294216698,0.154027120873,0.0,24.9203635341,199.362908273,18.2208831254,16.030458507,2.19042461843
 02/03  06:00:00,378.938693837,2.05367770873,0.156911328253,0.0,49.8407270682,199.362908273,24.1333885148,19.7669227411,4.36646577366
 02/03  07:00:00,689.427707122,30.3148174886,195.665681983,0.0,49.8407270682,199.362908273,1011.36203288,1006.9972889,4.36474397838
 02/03  08:00:00,538.632572937,30.3148174886,0.0,0.0,149.522181205,199.362908273,2113.07306446,2104.31801862,8.75504584654
 02/03  09:00:00,1051.72009095,30.3148174886,0.0,0.0,448.566543614,448.566543614,1033.18311119,1015.56612573,17.6169854584
 02/03  10:00:00,1014.08593762,30.3148174886,0.0,0.0,448.566543614,448.566543614,544.36399981,526.724587535,17.6394122751
 02/03  11:00:00,964.604521235,30.3148174886,0.0,0.0,448.566543614,448.566543614,282.181327396,264.533338722,17.6479886743
 02/03  12:00:00,1042.02652238,30.3148174886,52.305307578,0.0,448.566543614,448.566543614,174.458407358,150.110756995,24.3476503632
 02/03  13:00:00,1015.26064087,30.5604811914,41.6888659275,0.0,448.566543614,398.725816546,161.957294114,135.282770704,26.6745234092
 02/03  14:00:00,1103.26784404,32.4399507898,72.0375375013,0.0,448.566543614,448.566543614,134.8457871,108.207485029,26.6383020707
 02/03  15:00:00,1144.83151694,32.3093636035,104.518164535,0.0,448.566543614,448.566543614,104.872427556,89.4649865382,15.4074410176
 02/03  16:00:00,1139.21707468,30.9040598813,100.12640932,0.0,448.566543614,448.566543614,91.374359079,75.9715296591,15.4028294199
 02/03  17:00:00,1161.19252873,30.3148174886,79.5365426732,0.0,448.566543614,448.566543614,98.9770563821,76.8699896028,22.1070667794
 02/03  18:00:00,1027.75880149,30.3148174886,56.3182968597,0.0,348.885089477,398.725816546,124.452914641,111.29286699,13.1600476517
 02/03  19:00:00,818.014958247,30.3148174886,20.4464830883,0.0,249.203635341,299.044362409,202.524722688,193.761557637,8.76316505047
 02/03  20:00:00,727.973606909,30.3148174886,0.0,0.0,249.203635341,299.044362409,353.02127011,344.282242633,8.73902747776
 02/03  21:00:00,578.678635063,30.3148174886,0.0,0.0,149.522181205,249.203635341,573.083136983,566.518192276,6.56494470615
 02/03  22:00:00,554.327129164,30.3148174886,0.0,0.0,149.522181205,249.203635341,656.409035346,652.042366465,4.36666888036
 02/03  23:00:00,349.356909348,0.0,0.0,0.0,49.8407270682,199.362908273,4.36074445877,0.0,4.36074445877
 02/03  24:00:00,299.992150142,0.0,0.0,0.0,24.9203635341,199.362908273,2.19025385176,0.0,2.19025385176
 02/04  01:00:00,237.929225219,0.0,0.0,0.0,24.9203635341,149.522181205,2.19027112142,0.0,2.19027112142
 02/04  02:00:00,265.959620212,1.64294216698,0.221578124703,0.0,24.9203635341,149.522181205,9.17625764916,6.98596959171,2.19028805745
 02/04  03:00:00,273.085049773,2.05367770873,0.414041113944,0.0,24.9203635341,149.522181205,14.6903274369,12.5000224837,2.19030495321
 02/04  04:00:00,263.255262127,1.64294216698,0.196985798877,0.0,24.9203635341,149.522181205,20.0185291046,15.6575090682,4.3610200364
 02/04  05:00:00,281.086950982,2.05367770873,0.195181413043,0.0,24.9203635341,149.522181205,23.3510349077,21.1606791628,2.19035574491
 02/04  06:00:00,290.594489996,1.64294216698,0.0141919568117,0.0,24.9203635341,149.522181205,33.1768552447,28.8100780265,4.36677721821
 02/04  07:00:00,689.516304743,30.3148174886,196.223374218,0.0,49.8407270682,199.362908273,1058.29711274,1056.10463798,2.19247475808
 02/04  08:00:00,440.702722008,30.3148174886,0.0,0.0,49.8407270682,199.362908273,2653.11523086,2646.56709795,6.54813290481
 02/04  09:00:00,655.177935342,30.3148174886,0.0,0.0,249.203635341,249.203635341,1230.83401381,1224.27486505,6.55914876555
 02/04  10:00:00,616.827650363,30.3148174886,0.0,0.0,249.203635341,249.203635341,754.967263757,744.01962507,10.9476386867
 02/04  11:00:00,566.807128058,30.3148174886,0.0,0.0,249.203635341,249.203635341,509.404260073,500.649522696,8.75473737697
 02/04  12:00:00,566.409944129,30.6090700731,0.0,0.0,249.203635341,249.203635341,339.788706144,328.830296216,10.9584099277
 02/04  13:00:00,567.141041873,31.674321405,0.0,0.0,249.203635341,249.203635341,227.523231145,216.57976698,10.9434641644
 02/04  14:00:00,567.584712618,32.2159418935,0.0,0.0,249.203635341,249.203635341,195.308072861,186.553451542,8.75462131923
 02/04  15:00:00,316.699560294,30.4275971714,0.0,0.0,74.7610906023,174.442544739,298.437068879,291.87732951,6.55973936842
 02/04  16:00:00,316.577980193,30.3148174886,0.0,0.0,74.7610906023,174.442544739,329.436722656,322.882625024,6.55409763148
 02/04  17:00:00,365.5466163,30.3148174886,0.0,0.0,74.7610906023,174.442544739,432.38411358,425.826948439,6.55716514116
 02/04  18:00:00,336.121710087,30.3148174886,0.0,0.0,24.9203635341,149.522181205,586.04342423,581.67897299,4.36445124034
 02/04  19:00:00,347.929999051,0.0,0.0,0.0,24.9203635341,149.522181205,4.36482455236,0.0,4.36482455236
 02/04  20:00:00,323.48560292,0.0,0.0,0.0,24.9203635341,149.522181205,2.19210459128,0.0,2.19210459128
 02/04  21:00:00,323.485603216,0.0,0.0,0.0,24.9203635341,149.522181205,4.3647300551,0.0,4.3647300551
 02/04  22:00:00,308.212377527,0.410735541745,0.949017142066,0.0,24.9203635341,149.522181205,5.81484479157,1.44631817667,4.3685266149
 02/04  23:00:00,315.232382587,2.05367770873,5.80652653923,0.0,24.9203635341,149.522181205,9.22939319408,7.03919287749,2.19020031659
 02/04  24:00:00,281.09763955,1.64294216698,3.14562671266,0.0,24.9203635341,149.522181205,11.9050635267,7.54405650137,4.36100702534
 02/05  01:00:00,276.209766064,2.05367770873,3.5450559399,0.0,24.9203635341,149.522181205,13.9502717601,11.7609615053,2.18931025482
 02/05  02:00:00,264.595884649,1.64294216698,1.53243358221,0.0,24.9203635341,149.522181205,15.7117944676,13.5222611257,2.18953334195
 02/05  03:00:00,271.539217738,2.05367770873,1.55689840325,0.0,24.9203635341,149.522181205,21.2363325781,19.047044949,2.18928762916
 02/05  04:00:00,255.54171138,1.64294216698,0.324711069252,0.0,24.9203635341,149.522181205,25.1884943232,25.1684943232,0.02
 02/05  05:00:00,370.613091632,10.951393244,74.8890278064,0.0,24.9203635341,149.522181205,59.5131233608,57.3235555287,2.18956783204
 02/05  06:00:00,519.220035138,21.8650229289,170.491639617,0.0,24.9203635341,149.522181205,125.197152966,120.832237252,4.36491571323
 02/05  07:00:00,519.610487284,18.2313423182,136.397037302,0.0,24.9203635341,149.522181205,130.05458202,127.865063224,2.18951879553
 02/05  08:00:00,574.918976909,21.8650229289,170.496298576,0.0,24.9203635341,149.522181205,181.544180051,179.35467378,2.18950627037
 02/05  09:00:00,492.926012182,18.2313423182,136.397038863,0.0,24.9203635341,149.522181205,128.678687393,126.489133219,2.18955417399
 02/05  10:00:00,408.072405448,13.7761906241,102.297779147,0.0,24.9203635341,149.522181205,91.1734959377,88.9840117488,2.18948418894
 02/05  11:00:00,213.20422451,2.05367770873,0.0,0.0,24.9203635341,149.522181205,42.1196608896,39.9301293278,2.18953156189
 02/05  12:00:00,220.740008479,1.64294216698,0.0112109640629,0.0,24.9203635341,149.522181205,26.5542624074,22.191247407,4.36301500035
 02/05  13:00:00,243.025443113,2.05367770873,1.47464378487,0.0,24.9203635341,149.522181205,15.4274808266,13.2359735919,2.19150723473
 02/05  14:00:00,241.475106966,1.64294216698,2.58543032478,0.0,24.9203635341,149.522181205,12.8000108509,8.43110750855,4.36890334235
 02/05  15:00:00,384.198411052,14.1869261659,104.578085059,0.0,24.9203635341,149.522181205,9.82072896178,7.62957960934,2.19114935244
 02/05  16:00:00,253.115442453,1.64294216698,5.17441789487,0.0,24.9203635341,149.522181205,6.12390868403,3.93437456446,2.18953411957
 02/05  17:00:00,304.624260526,2.05367770873,7.3131389634,0.0,24.9203635341,149.522181205,6.84104329138,4.65152166195,2.18952162943
 02/05  18:00:00,339.304548466,1.64294216698,5.39039622636,0.0,24.9203635341,149.522181205,7.25522149352,5.06571018146,2.18951131205
 02/05  19:00:00,388.536614653,2.05367770873,5.76982038348,0.0,24.9203635341,149.522181205,12.6585836681,10.4690840371,2.18949963101
 02/05  20:00:00,354.237254299,1.64294216698,2.95302433106,0.0,24.9203635341,149.522181205,14.6768551376,12.4873081112,2.18954702638
 02/05  21:00:00,361.168049312,2.05367770873,2.96484826611,0.0,24.9203635341,149.522181205,19.742380585,17.5529042603,2.18947632465
 02/05  22:00:00,328.094330247,1.64294216698,1.32132796897,0.0,24.9203635341,149.522181205,22.0093542685,17.6447704236,4.36458384496
 02/05  23:00:00,308.214287924,2.05367770873,1.55889257855,0.0,24.9203635341,149.522181205,25.7443754111,23.5548314261,2.18954398502
 02/05  24:00:00,271.888199428,1.64294216698,0.538742595511,0.0,24.9203635341,149.522181205,25.9611794457,23.7717644647,2.18941498095
 02/06  01:00:00,317.672222829,2.05367770873,0.488590357922,0.0,24.9203635341,199.362908273,30.0389588806,27.8484477625,2.19051111806
 02/06  02:00:00,302.510525274,1.64294216698,0.0605836078041,0.0,24.9203635341,199.362908273,31.5374118444,29.3468832401,2.19052860428
 02/06  03:00:00,511.476826335,20.2535503944,153.35435745,0.0,24.9203635341,199.362908273,87.9519157998,83.590984604,4.36093119583
 02/06  04:00:00,487.699818955,17.8206067765,136.396966169,0.0,24.9203635341,199.362908273,96.0273875568,93.8371642581,2.19022329863
 02/06  05:00:00,549.526734751,22.2757584706,170.496298458,0.0,24.9203635341,199.362908273,122.713711556,120.523184048,2.19052750791
 02/06  06:00:00,548.195025029,17.8206067765,136.397038863,0.0,49.8407270682,199.362908273,121.659085608,117.292705751,4.36637985731
 02/06  07:00:00,703.977866827,30.3148174886,204.595625621,0.0,49.8407270682,199.362908273,1571.49987973,1567.13525012,4.36462960421
 02/06  08:00:00,538.049727318,30.3148174886,0.0,0.0,149.522181205,199.362908273,2095.15412948,2086.39848946,8.75564002216
 02/06  09:00:00,1051.20126596,30.3148174886,0.0,0.0,448.566543614,448.566543614,1044.51756089,1026.90025802,17.6173028716
 02/06  10:00:00,1013.69847114,30.3148174886,0.0,0.0,448.566543614,448.566543614,461.997319284,444.356421761,17.6408975225
 02/06  11:00:00,1011.54374785,30.3778404496,34.0992597157,0.0,448.566543614,448.566543614,223.147839079,205.50071619,17.647122889
 02/06  12:00:00,1109.94089433,31.816112328,77.6668115587,0.0,448.566543614,448.566543614,171.966204948,147.6169751,24.349229848
 02/06  13:00:00,1113.12863268,33.0032946507,116.840128733,0.0,448.566543614,398.725816546,171.367586238,144.69424912,26.6733371181
 02/06  14:00:00,1257.06561361,34.7738173239,199.333204321,0.0,448.566543614,448.566543614,139.068384069,112.431036188,26.6373478811
 02/06  15:00:00,1288.62098487,35.1218889054,229.999490137,0.0,448.566543614,448.566543614,105.359061233,89.9512538192,15.4078074142
 02/06  16:00:00,1294.71748528,35.0213172264,235.852352104,0.0,448.566543614,448.566543614,70.997841421,55.5963144907,15.4015269303
 02/06  17:00:00,1344.89549569,32.7634348154,239.229300071,0.0,448.566543614,448.566543614,75.1855618112,53.079082292,22.1064795192
 02/06  18:00:00,1151.79229148,30.4068383872,153.677377372,0.0,348.885089477,398.725816546,93.9539696755,80.7934124685,13.160557207
 02/06  19:00:00,832.323640486,30.3148174886,33.8917469791,0.0,249.203635341,299.044362409,192.231128536,183.468195904,8.7629326317
 02/06  20:00:00,727.99378886,30.3148174886,0.0,0.0,249.203635341,299.044362409,387.929665072,379.18985601,8.73980906201
 02/06  21:00:00,578.860165724,30.3148174886,0.0,0.0,149.522181205,249.203635341,749.840120665,743.275333246,6.56478741863
 02/06  22:00:00,554.886768796,30.3148174886,0.0,0.0,149.522181205,249.203635341,1076.89936137,1072.53280216,4.36655920347
 02/06  23:00:00,349.356909836,0.0,0.0,0.0,49.8407270682,199.362908273,2.19052345512,0.0,2.19052345512
 02/06  24:00:00,299.992150739,0.0,0.0,0.0,24.9203635341,199.362908273,4.36073990729,0.0,4.36073990729
 02/07  01:00:00,301.903622943,0.821471083491,0.215309649334,0.0,24.9203635341,199.362908273,4.39090067998,2.20068215779,2.19021852219
 02/07  02:00:00,316.15204618,1.64294216698,0.552412444854,0.0,24.9203635341,199.362908273,7.8632501914,5.67272722431,2.19052296709
 02/07  03:00:00,321.628488646,2.05367770873,0.46401652778,0.0,24.9203635341,199.362908273,13.7424172618,11.5521632322,2.19025402958
 02/07  04:00:00,313.156549836,1.64294216698,0.261934024004,0.0,24.9203635341,199.362908273,17.059268379,12.6984916562,4.36077672277
 02/07  05:00:00,526.687116672,22.2757584706,156.489161811,0.0,24.9203635341,199.362908273,84.9674575937,82.7769349759,2.19052261773
 02/07  06:00:00,542.983788298,17.8206067765,136.39692077,0.0,49.8407270682,199.362908273,93.5972114613,89.2304110089,4.36680045237
 02/07  07:00:00,696.589264404,30.3148174886,204.595689569,0.0,49.8407270682,199.362908273,1224.19929601,1222.00686587,2.19243014556
 02/07  08:00:00,541.183602967,30.3148174886,0.0,0.0,149.522181205,199.362908273,2839.22584021,2828.28764679,10.9381934204
 02/07  09:00:00,1054.84921691,30.3148174886,0.0,0.0,448.566543614,448.566543614,1511.22993349,1495.81486975,15.4150637332
 02/07  10:00:00,1018.12133878,30.3148174886,0.0,0.0,448.566543614,448.566543614,1294.9984852,1276.42510813,18.5733770688
 02/07  11:00:00,969.193949212,30.3148174886,0.0,0.0,448.566543614,448.566543614,1240.64689439,1221.72923831,18.9176560794
 02/07  12:00:00,969.176691429,30.3148174886,0.0,0.0,448.566543614,448.566543614,1219.51656717,1197.38178067,22.1347864954
 02/07  13:00:00,919.369721396,30.3148174886,0.0,0.0,448.566543614,398.725816546,1242.02566559,1214.31575875,27.709906837
 02/07  14:00:00,969.131062338,30.3148174886,0.0,0.0,448.566543614,448.566543614,1191.25267339,1165.62347883,25.6291945577
 02/07  15:00:00,969.10140921,30.3148174886,0.0,0.0,448.566543614,448.566543614,1138.05830092,1120.4488041,17.6094968263
 02/07  16:00:00,969.10444027,30.3148174886,0.0,0.0,448.566543614,448.566543614,1132.51953603,1117.11753732,15.4019987113
 02/07  17:00:00,1018.00749368,30.3148174886,0.0,0.0,448.566543614,448.566543614,1143.13115713,1123.23366785,19.8974892845
 02/07  18:00:00,913.750202266,30.3148174886,0.0,0.0,348.885089477,398.725816546,1186.57817612,1173.41239248,13.1657836417
 02/07  19:00:00,757.237665292,30.3148174886,0.0,0.0,249.203635341,299.044362409,1316.86200938,1305.91454263,10.9474667486
 02/07  20:00:00,732.842885685,30.3148174886,0.0,0.0,249.203635341,299.044362409,1407.40721196,1400.84786773,6.55934422655
 02/07  21:00:00,583.459735491,30.3148174886,0.0,0.0,149.522181205,249.203635341,1553.56987807,1544.82287081,8.74700726776
 02/07  22:00:00,559.031377828,30.3148174886,0.0,0.0,149.522181205,249.203635341,1607.43742415,1603.07104859,4.36637556027
 02/07  23:00:00,368.780983496,1.23220662524,0.908091400203,0.0,49.8407270682,199.362908273,5.32330827154,3.13289148218,2.19041678936
 02/07  24:00:00,395.10132912,9.73177447173,67.5075364331,0.0,24.9203635341,199.362908273,28.5840228713,26.3934810573,2.19054181404
 02/08  01:00:00,480.277314116,18.2313423182,136.364894888,0.0,24.9203635341,199.362908273,64.2243791488,59.863635502,4.36074364685
 02/08  02:00:00,527.480030785,21.8650229289,170.496245082,0.0,24.9203635341,199.362908273,119.791891643,117.601367634,2.19052400955
 02/08  03:00:00,480.123043512,18.2313423182,136.397038845,0.0,24.9203635341,199.362908273,141.723052703,139.532510983,2.19054171968
 02/08  04:00:00,528.252655202,22.5665236294,170.496298579,0.0,24.9203635341,199.362908273,217.250476094,215.060131942,2.19034415221
 02/08  05:00:00,494.488573324,19.7902327639,136.397038863,0.0,24.9203635341,199.362908273,233.365240292,231.174734234,2.19050605776
 02/08  06:00:00,591.447820465,23.813635986,170.496298579,0.0,49.8407270682,199.362908273,313.613566719,309.246715983,4.36685073608
 02/08  07:00:00,694.435255479,30.3148174886,204.595584615,0.0,49.8407270682,199.362908273,1379.34233727,1374.97757432,4.36476294959
 02/08  08:00:00,541.659935769,30.3148174886,0.0,0.0,149.522181205,199.362908273,3001.47059609,2992.71554765,8.75504843825
 02/08  09:00:00,1055.15242318,30.3148174886,0.0,0.0,448.566543614,448.566543614,1834.4037671,1816.78717636,17.61659074
 02/08  10:00:00,1018.34589911,30.3148174886,0.0,0.0,448.566543614,448.566543614,1568.85440321,1551.21468509,17.6397181192
 02/08  11:00:00,969.371640291,30.3148174886,0.0,0.0,448.566543614,448.566543614,1460.11807267,1440.26590069,19.8521719741
 02/08  12:00:00,969.300535788,30.3148174886,0.0,0.0,448.566543614,448.566543614,1380.72952778,1358.592056,22.1374717878
 02/08  13:00:00,919.488526398,30.3148174886,0.0,0.0,448.566543614,398.725816546,1383.91489412,1357.23531385,26.6795802685
 02/08  14:00:00,969.199612354,30.3148174886,0.0,0.0,448.566543614,448.566543614,1278.98390741,1252.34045559,26.6434518215
 02/08  15:00:00,969.176948004,30.3148174886,0.0,0.0,448.566543614,448.566543614,1217.63572725,1202.22756457,15.4081626798
 02/08  16:00:00,969.174760941,30.3148174886,0.0,0.0,448.566543614,448.566543614,1209.56762245,1193.07139086,16.4962315868
 02/08  17:00:00,1018.08931142,30.3148174886,0.0,0.0,448.566543614,448.566543614,1228.24371763,1207.23460303,21.0091145985
 02/08  18:00:00,913.880468063,30.3148174886,0.0,0.0,348.885089477,398.725816546,1321.01017174,1307.84832953,13.1618422109
 02/08  19:00:00,757.426542183,30.3148174886,0.0,0.0,249.203635341,299.044362409,1523.07345836,1514.14890392,8.92455443701
 02/08  20:00:00,733.028882708,30.3148174886,0.0,0.0,249.203635341,299.044362409,1630.61483692,1622.03720736,8.57762956292
 02/08  21:00:00,583.65746067,30.3148174886,0.0,0.0,149.522181205,249.203635341,1778.52704105,1769.78030469,8.74673636231
 02/08  22:00:00,559.23850399,30.3148174886,0.0,0.0,149.522181205,249.203635341,1840.45375379,1836.08754165,4.36621214227
 02/08  23:00:00,404.902952263,5.13971093036,31.8498504289,0.0,49.8407270682,199.362908273,14.0749939852,11.8846743358,2.1903196494
 02/08  24:00:00,539.192701304,22.2757584706,170.407111608,0.0,24.9203635341,199.362908273,81.1788746348,78.9886915845,2.19018305033
 02/09  01:00:00,490.852130599,18.7559410439,140.295693161,0.0,24.9203635341,199.362908273,122.063796004,119.873296601,2.19049940261
 02/09  02:00:00,539.599922557,24.2243715277,174.237300839,0.0,24.9203635341,199.362908273,221.057668981,218.867296047,2.19037293434
 02/09  03:00:00,501.131822375,19.3794972222,143.74305434,0.0,24.9203635341,199.362908273,236.815753044,232.455003967,4.36074907652
 02/09  04:00:00,539.254261316,24.2243715277,174.10809468,0.0,24.9203635341,199.362908273,345.745828951,343.555329816,2.19049913431
 02/09  05:00:00,512.949415714,19.3794972222,143.524416012,0.0,24.9203635341,199.362908273,349.966038651,347.775594746,2.19044390529
 02/09  06:00:00,600.172453164,24.2243715277,173.996238971,0.0,49.8407270682,199.362908273,458.498369882,454.131686427,4.36668345503
 02/09  07:00:00,693.259222753,30.3148174886,204.595340673,0.0,49.8407270682,199.362908273,1711.14942354,1706.78485597,4.36456757444
 02/09  08:00:00,533.54082788,30.3148174886,0.0,0.0,149.522181205,199.362908273,3242.78349693,3234.02846726,8.75502966829
 02/09  09:00:00,1055.25798101,30.3148174886,0.0,0.0,448.566543614,448.566543614,1975.8759603,1960.45959763,15.4163626683
 02/09  10:00:00,1018.30443062,30.3148174886,0.0,0.0,448.566543614,448.566543614,1588.76090199,1568.91619,19.8447119934
 02/09  11:00:00,969.254628077,30.3148174886,0.0,0.0,448.566543614,448.566543614,1380.58915214,1362.94082216,17.648329976
 02/09  12:00:00,969.168944293,30.3148174886,0.0,0.0,448.566543614,448.566543614,1247.26996165,1224.816928,22.4530336558
 02/09  13:00:00,919.354766449,30.3517007231,0.0,0.0,448.566543614,398.725816546,1207.7618645,1179.18254948,28.5793150207
 02/09  14:00:00,970.468022938,31.7937338928,0.0,0.0,448.566543614,448.566543614,1044.83533992,1020.41710424,24.4182356854
 02/09  15:00:00,970.460416743,32.7133336271,0.0,0.0,448.566543614,448.566543614,817.054523437,799.445317163,17.6092062747
 02/09  16:00:00,968.398773991,32.1820133241,0.0,0.0,448.566543614,448.566543614,603.743972323,588.342592223,15.4013800999
 02/09  17:00:00,1015.5636136,30.631110904,0.0,0.0,448.566543614,448.566543614,632.834072303,610.728134217,22.1059380863
 02/09  18:00:00,912.539797192,30.3148174886,0.0,0.0,348.885089477,398.725816546,911.385831681,900.412875282,10.9729563997
 02/09  19:00:00,756.955090685,30.3148174886,0.0,0.0,249.203635341,299.044362409,986.193837386,975.245124955,10.9487124311
 02/09  20:00:00,732.608342104,30.3148174886,0.0,0.0,249.203635341,299.044362409,1099.34131751,1090.60198108,8.73933642387
 02/09  21:00:00,583.244824847,30.3148174886,0.0,0.0,149.522181205,249.203635341,1279.15650943,1272.59093256,6.56557687271
 02/09  22:00:00,558.847006653,30.3148174886,0.0,0.0,149.522181205,249.203635341,1379.42987517,1375.06355076,4.36632440784
 02/09  23:00:00,349.563580248,0.205367770873,0.0,0.0,49.8407270682,199.362908273,2.54181759632,0.351268592536,2.19054900378
 02/09  24:00:00,334.834661199,2.05367770873,2.32866165398,0.0,24.9203635341,199.362908273,7.85879553541,3.49781242318,4.36098311223
 02/10  01:00:00,450.624338931,15.3939570851,115.803633543,0.0,24.9203635341,199.362908273,24.4077985353,22.2172677933,2.19053074199
 02/10  02:00:00,528.539943267,22.2757584706,170.495630449,0.0,24.9203635341,199.362908273,45.6651039349,43.4745555554,2.19054837948
 02/10  03:00:00,480.435168259,17.8206067765,136.397038639,0.0,24.9203635341,199.362908273,66.6818863017,64.4913931273,2.19049317438
 02/10  04:00:00,528.508745532,22.2757584706,170.496298578,0.0,24.9203635341,199.362908273,101.477157859,99.2866472302,2.19051062869
 02/10  05:00:00,492.599846265,17.8206067765,136.397038863,0.0,24.9203635341,199.362908273,135.60317137,131.242094085,4.36107728512
 02/10  06:00:00,589.944096475,22.2757584706,170.496298579,0.0,49.8407270682,199.362908273,168.729483006,164.363032976,4.36645002966
 02/10  07:00:00,695.496439842,30.3148174886,204.595583099,0.0,49.8407270682,199.362908273,1186.2735051,1184.08119074,2.19231435617
 02/10  08:00:00,532.866825533,30.3148174886,0.0,0.0,149.522181205,199.362908273,2831.15590578,2822.40128877,8.75461700972
 02/10  09:00:00,1054.83960384,30.3148174886,0.0,0.0,448.566543614,448.566543614,1546.20746958,1528.59129661,17.6161729687
 02/10  10:00:00,1017.91589376,30.3148174886,0.0,0.0,448.566543614,448.566543614,1107.2439975,1089.60489447,17.6391030248
 02/10  11:00:00,966.766214339,30.3148174886,0.0,0.0,448.566543614,448.566543614,622.938396377,603.085682815,19.8527135618
 02/10  12:00:00,965.332716908,30.3685079828,0.0,0.0,448.566543614,448.566543614,406.098370804,383.961028666,22.1373421372
 02/10  13:00:00,915.832229539,31.3458670781,0.0,0.0,448.566543614,398.725816546,253.559221753,226.873152392,26.686069361
 02/10  14:00:00,1078.24112324,33.2265814986,69.3590305732,0.0,448.566543614,448.566543614,154.615251937,127.965620198,26.6496317387
 02/10  15:00:00,1054.34687501,33.603315371,33.9789702212,0.0,448.566543614,448.566543614,125.700361646,108.091930117,17.6084315294
 02/10  16:00:00,1061.56368161,32.7754095616,40.3272453483,0.0,448.566543614,448.566543614,90.9113098064,75.5102523293,15.4010574771
 02/10  17:00:00,1104.21624638,30.9274475728,35.7401092321,0.0,448.566543614,448.566543614,89.5698913929,69.6736229304,19.8962684626
 02/10  18:00:00,924.788744609,30.3148174886,7.0993966777,0.0,348.885089477,398.725816546,148.711606291,135.546632802,13.1649734889
 02/10  19:00:00,752.529934111,30.3148174886,0.0,0.0,249.203635341,299.044362409,384.704398884,373.755480826,10.948918058
 02/10  20:00:00,728.405828176,30.3148174886,0.0,0.0,249.203635341,299.044362409,641.823417692,635.263459913,6.5599577794
 02/10  21:00:00,579.276433549,30.3148174886,0.0,0.0,149.522181205,249.203635341,905.315187125,896.567574923,8.74761220176
 02/10  22:00:00,555.158943654,30.3148174886,0.0,0.0,149.522181205,249.203635341,1041.64890988,1037.2827994,4.36611048105
 02/10  23:00:00,349.356909545,0.0,0.0,0.0,49.8407270682,199.362908273,2.19046278137,0.0,2.19046278137
 02/10  24:00:00,299.992150482,0.0,0.0,0.0,24.9203635341,199.362908273,2.19047938142,0.0,2.19047938142
 02/11  01:00:00,251.92882979,0.821471083491,0.104631083282,0.0,24.9203635341,149.522181205,4.22086965891,2.0303729802,2.19049667872
 02/11  02:00:00,266.042442415,1.64294216698,0.314748368219,0.0,24.9203635341,149.522181205,9.24399453564,4.88294755578,4.36104697986
 02/11  03:00:00,272.93328712,2.05367770873,0.320339860515,0.0,24.9203635341,149.522181205,11.3722824215,9.18173210696,2.19055031453
 02/11  04:00:00,263.264720099,1.64294216698,0.210729901449,0.0,24.9203635341,149.522181205,11.9328619885,9.74236510133,2.19049688713
 02/11  05:00:00,315.728746683,7.71586032205,29.9761481789,0.0,24.9203635341,149.522181205,33.2441924357,31.0539647471,2.19022768867
 02/11  06:00:00,469.493940214,17.8206067765,136.350760885,0.0,24.9203635341,149.522181205,58.9258808232,54.559639483,4.36624134018
 02/11  07:00:00,699.654217623,30.3148174886,204.595584027,0.0,49.8407270682,199.362908273,999.865088671,995.500501526,4.36458714528
 02/11  08:00:00,431.550648174,30.3148174886,0.0,0.0,49.8407270682,199.362908273,2371.98808045,2367.61635813,4.37172232571
 02/11  09:00:00,653.629646673,30.3148174886,0.0,0.0,249.203635341,249.203635341,1096.67138575,1087.93158028,8.73980546709
 02/11  10:00:00,615.63187456,30.3148174886,0.0,0.0,249.203635341,249.203635341,647.758969447,638.997403747,8.76156570032
 02/11  11:00:00,566.035845421,30.3148174886,0.0,0.0,249.203635341,249.203635341,384.828691114,373.889249146,10.9394419679
 02/11  12:00:00,565.812858086,30.3148174886,0.0,0.0,249.203635341,249.203635341,298.927078096,287.968174462,10.9589036342
 02/11  13:00:00,699.469438013,31.0432362879,79.4681123507,0.0,249.203635341,249.203635341,256.405489819,247.645551566,8.75993825303
 02/11  14:00:00,708.6808739,32.755158427,77.9957857418,0.0,249.203635341,249.203635341,243.102117757,234.347384447,8.75473331038
 02/11  15:00:00,497.277087551,32.1134137993,109.944969875,0.0,74.7610906023,174.442544739,359.538649644,350.798989539,8.73966010581
 02/11  16:00:00,477.986378756,30.3364725202,95.6026315831,0.0,74.7610906023,174.442544739,373.962431267,367.408110761,6.55432050522
 02/11  17:00:00,516.714340766,30.3148174886,86.7264261699,0.0,74.7610906023,174.442544739,363.60815789,357.050569908,6.55758798153
 02/11  18:00:00,459.132931935,30.3148174886,70.6716593255,0.0,24.9203635341,149.522181205,466.569068926,462.204759578,4.36430934798
 02/11  19:00:00,347.929998812,0.0,0.0,0.0,24.9203635341,149.522181205,2.19241589808,0.0,2.19241589808
 02/11  20:00:00,323.485603703,0.0,0.0,0.0,24.9203635341,149.522181205,4.36438263538,0.0,4.36438263538
 02/11  21:00:00,323.48560356,0.0,0.0,0.0,24.9203635341,149.522181205,4.36459343255,0.0,4.36459343255
 02/11  22:00:00,299.042201035,0.0,0.0,0.0,24.9203635341,149.522181205,4.36816499059,0.0,4.36816499059
 02/11  23:00:00,274.595819069,0.0,0.0,0.0,24.9203635341,149.522181205,2.19047566946,0.0,2.19047566946
 02/11  24:00:00,279.253523568,1.64294216698,1.08451058748,0.0,24.9203635341,149.522181205,7.97382241874,5.78332943138,2.19049298736
 02/12  01:00:00,274.399004461,2.05367770873,1.63858768596,0.0,24.9203635341,149.522181205,11.1442835474,8.95473234261,2.18955120477
 02/12  02:00:00,266.812460733,1.64294216698,1.07677066107,0.0,24.9203635341,149.522181205,12.5248527334,10.3354596044,2.18939312893
 02/12  03:00:00,274.053690853,2.05367770873,1.37725443883,0.0,24.9203635341,149.522181205,17.2796042787,15.0900465229,2.1895577558
 02/12  04:00:00,266.37159044,1.64294216698,0.694975256253,0.0,24.9203635341,149.522181205,19.038029528,16.8486590827,2.18937044537
 02/12  05:00:00,283.010244476,2.05367770873,0.788434946353,0.0,24.9203635341,149.522181205,23.615034467,21.4254993169,2.18953515017
 02/12  06:00:00,297.441179456,1.64294216698,0.337588906345,0.0,24.9203635341,149.522181205,26.4204880508,22.0555566735,4.3649313773
 02/12  07:00:00,354.62590491,2.05367770873,0.411421883742,0.0,24.9203635341,149.522181205,28.0574694193,25.868159816,2.18930960324
 02/12  08:00:00,556.695280204,21.0561396984,155.591161836,0.0,24.9203635341,149.522181205,99.1004364727,96.9109037742,2.18953269849
 02/12  09:00:00,507.337346992,18.2313423182,133.362375758,0.0,24.9203635341,149.522181205,93.3715774231,91.1822905038,2.18928691929
 02/12  10:00:00,402.061670688,13.7761906241,96.593334319,0.0,24.9203635341,149.522181205,81.5202347993,79.3306665608,2.18956823852
 02/12  11:00:00,213.191045272,2.05367770873,0.0,0.0,24.9203635341,149.522181205,32.2134693046,30.0239126092,2.18955669537
 02/12  12:00:00,226.455481304,1.64294216698,0.0529403477945,0.0,24.9203635341,149.522181205,24.8632211533,22.6717088492,2.19151230412
 02/12  13:00:00,240.030228508,2.05367770873,0.80327611143,0.0,24.9203635341,149.522181205,21.1350795002,16.7723029471,4.36277655303
 02/12  14:00:00,238.399036669,1.64294216698,1.19443334493,0.0,24.9203635341,149.522181205,16.4759757421,12.1076832236,4.36829251852
 02/12  15:00:00,248.780023219,2.05367770873,2.96122491836,0.0,24.9203635341,149.522181205,14.119365712,11.9278501295,2.19151558253
 02/12  16:00:00,241.533619962,1.64294216698,2.64625663824,0.0,24.9203635341,149.522181205,9.93050156196,7.74103078425,2.1894707777
 02/12  17:00:00,298.809407621,2.05367770873,4.05570163472,0.0,24.9203635341,149.522181205,11.9883926862,9.79884547151,2.18954721468
 02/12  18:00:00,326.880754806,1.64294216698,2.44392904829,0.0,24.9203635341,149.522181205,12.6581964745,10.4687483945,2.18944808004
 02/12  19:00:00,384.919592968,2.05367770873,2.30472267062,0.0,24.9203635341,149.522181205,22.2459514401,20.0564268946,2.18952454555
 02/12  20:00:00,436.578300624,9.73177447173,66.476349084,0.0,24.9203635341,149.522181205,46.4129123032,44.2233420604,2.18957024275
 02/12  21:00:00,532.670571119,18.2313423182,134.053534969,0.0,24.9203635341,149.522181205,84.9013372892,82.7117774581,2.18955983106
 02/12  22:00:00,537.070318657,21.8650229289,164.497651962,0.0,24.9203635341,149.522181205,126.873830035,122.508889152,4.36494088258
 02/12  23:00:00,471.548763441,18.2313423182,136.397038863,0.0,24.9203635341,149.522181205,126.341163899,124.151653555,2.18951034345
 02/12  24:00:00,494.993821159,21.8650229289,170.496298579,0.0,24.9203635341,149.522181205,176.373934475,174.184377209,2.18955726568
 02/13  01:00:00,483.655796864,18.2313423182,136.397038863,0.0,24.9203635341,199.362908273,171.61577727,169.42534938,2.19042789039
 02/13  02:00:00,530.822854559,21.8650229289,170.496298579,0.0,24.9203635341,199.362908273,245.29977176,243.109254251,2.19051750908
 02/13  03:00:00,482.590153142,18.2313423182,136.397038863,0.0,24.9203635341,199.362908273,242.206338693,240.01580438,2.19053431339
 02/13  04:00:00,529.979497483,21.8650229289,170.496298579,0.0,24.9203635341,199.362908273,321.955498766,319.765431615,2.19006715109
 02/13  05:00:00,494.291396812,18.2313423182,136.397038863,0.0,24.9203635341,199.362908273,299.076539708,294.715531098,4.36100861031
 02/13  06:00:00,591.200446864,21.8650229289,170.496298579,0.0,49.8407270682,199.362908273,360.50434622,356.137750347,4.36659587245
 02/13  07:00:00,698.415292681,30.3148174886,204.595561811,0.0,49.8407270682,199.362908273,1967.77075315,1965.57847663,2.19227652313
 02/13  08:00:00,532.89120083,30.3148174886,0.0,0.0,149.522181205,199.362908273,3144.37223191,3135.61780006,8.75443185605
 02/13  09:00:00,1053.36656651,30.3148174886,0.0,0.0,448.566543614,448.566543614,1234.74960456,1217.13391091,17.6156936458
 02/13  10:00:00,1014.45112834,30.3148174886,0.0,0.0,448.566543614,448.566543614,576.330643938,558.689055526,17.6415884117
 02/13  11:00:00,964.587160841,30.3172090071,0.0,0.0,448.566543614,448.566543614,245.241283621,225.387986738,19.8532968832
 02/13  12:00:00,1132.61301984,31.0198155712,98.3728848925,0.0,448.566543614,448.566543614,156.670316901,134.534986346,22.1353305553
 02/13  13:00:00,1132.53103835,32.7204311446,131.90958395,0.0,448.566543614,398.725816546,176.713844562,150.029089238,26.6847553243
 02/13  14:00:00,1280.36469436,34.5026059035,222.994754913,0.0,448.566543614,448.566543614,138.951482902,112.303232235,26.6482506678
 02/13  15:00:00,1296.35741133,34.9780249925,237.73909801,0.0,448.566543614,448.566543614,101.565587666,86.1568657891,15.408721877
 02/13  16:00:00,1300.98602857,34.1182204548,242.916259763,0.0,448.566543614,448.566543614,71.4452383091,53.8438271253,17.6014111838
 02/13  17:00:00,1348.26819658,32.0353128872,243.310923135,0.0,448.566543614,448.566543614,70.6416019987,50.7464011919,19.8952008068
 02/13  18:00:00,1225.66509591,30.3322770656,235.588044316,0.0,348.885089477,398.725816546,82.6482506865,69.4840418121,13.1642088744
 02/13  19:00:00,990.527701146,30.3148174886,151.92584382,0.0,249.203635341,299.044362409,158.716245574,147.767982599,10.9482629749
 02/13  20:00:00,804.265826305,30.3148174886,36.5648268736,0.0,249.203635341,299.044362409,218.103129311,211.543560098,6.55956921297
 02/13  21:00:00,578.532357884,30.3148174886,0.0,0.0,149.522181205,249.203635341,435.94998127,427.202903768,8.74707750203
 02/13  22:00:00,554.114614166,30.3148174886,0.0,0.0,149.522181205,249.203635341,485.136365025,480.769963535,4.36640148935
 02/13  23:00:00,349.356909136,0.0,0.0,0.0,49.8407270682,199.362908273,2.19033210283,0.0,2.19033210283
 02/13  24:00:00,299.992150027,0.0,0.0,0.0,24.9203635341,199.362908273,2.19034895498,0.0,2.19034895498
 02/14  01:00:00,287.769952205,0.0,0.0,0.0,24.9203635341,199.362908273,2.1903652408,0.0,2.1903652408
 02/14  02:00:00,287.769952343,0.0,0.0,0.0,24.9203635341,199.362908273,4.36077967078,0.0,4.36077967078
 02/14  03:00:00,287.769952173,0.0,0.0,0.0,24.9203635341,199.362908273,2.19041437302,0.0,2.19041437302
 02/14  04:00:00,287.769952013,0.0,0.0,0.0,24.9203635341,199.362908273,2.1904306977,0.0,2.1904306977
 02/14  05:00:00,321.317762807,1.23220662524,0.40890599235,0.0,24.9203635341,199.362908273,6.42556781354,4.23512081414,2.19044699939
 02/14  06:00:00,377.936979605,1.64294216698,0.730246516729,0.0,49.8407270682,199.362908273,11.0039534541,6.63702339108,4.36693006306
 02/14  07:00:00,696.910156438,30.3148174886,197.012881552,0.0,49.8407270682,199.362908273,893.000765105,888.635976551,4.36478855426
 02/14  08:00:00,527.917352242,30.3148174886,0.0,0.0,149.522181205,199.362908273,916.486018424,907.730886087,8.75513233622
 02/14  09:00:00,1050.12018129,30.3148174886,0.0,0.0,448.566543614,448.566543614,479.947100546,462.330736073,17.616364473
 02/14  10:00:00,1141.19176736,30.3148174886,75.641527356,0.0,448.566543614,448.566543614,266.059169839,248.419606023,17.6395638153
 02/14  11:00:00,1078.30619435,30.3148174886,55.6033413027,0.0,448.566543614,448.566543614,198.696132608,181.047998898,17.6481337108
 02/14  12:00:00,1135.64014419,30.3148174886,101.191247742,0.0,448.566543614,448.566543614,174.604226889,150.256401828,24.3478250607
 02/14  13:00:00,1129.79521082,30.3148174886,134.137917272,0.0,448.566543614,398.725816546,184.012064196,157.337372769,26.6746914272
 02/14  14:00:00,1233.29711854,30.3329716781,179.4024527,0.0,448.566543614,448.566543614,130.085202012,103.446752084,26.6384499278
 02/14  15:00:00,1280.76828677,30.642411128,225.67014299,0.0,448.566543614,448.566543614,85.21136019,69.8038301974,15.4075299926
 02/14  16:00:00,1298.04756304,30.9718239154,242.033258365,0.0,448.566543614,448.566543614,51.594447954,36.1915362821,15.4029116719
 02/14  17:00:00,1343.82879734,30.3148174886,240.095413718,0.0,448.566543614,448.566543614,79.9815457667,57.8743819328,22.1071638339
 02/14  18:00:00,1137.12157217,30.3148174886,147.500510196,0.0,348.885089477,398.725816546,134.861092721,121.700987066,13.1601056555
 02/14  19:00:00,887.358938671,30.3148174886,67.5019766574,0.0,249.203635341,299.044362409,212.408111702,203.644907882,8.76320382098
 02/14  20:00:00,812.144962519,30.3148174886,28.7860115969,0.0,249.203635341,299.044362409,261.407410151,252.668345535,8.73906461603
 02/14  21:00:00,578.400067306,30.3148174886,0.0,0.0,149.522181205,249.203635341,385.973357213,379.408386185,6.5649710281
 02/14  22:00:00,553.98637383,30.3148174886,0.0,0.0,149.522181205,249.203635341,427.204284619,422.837597841,4.36668677829
 02/14  23:00:00,349.356909297,0.0,0.0,0.0,49.8407270682,199.362908273,4.36076218993,0.0,4.36076218993
 02/14  24:00:00,299.992150078,0.0,0.0,0.0,24.9203635341,199.362908273,2.19026257096,0.0,2.19026257096
 02/15  01:00:00,287.769951747,0.0,0.0,0.0,24.9203635341,199.362908273,2.19027819617,0.0,2.19027819617
 02/15  02:00:00,287.769951713,0.0,0.0,0.0,24.9203635341,199.362908273,2.19029415581,0.0,2.19029415581
 02/15  03:00:00,287.769951886,0.0,0.0,0.0,24.9203635341,199.362908273,2.19031008417,0.0,2.19031008417
 02/15  04:00:00,287.769952063,0.0,0.0,0.0,24.9203635341,199.362908273,4.36066784453,0.0,4.36066784453
 02/15  05:00:00,328.055345006,1.64294216698,0.251301945244,0.0,24.9203635341,199.362908273,11.3997931583,9.20929141626,2.19050174201
 02/15  06:00:00,384.715534571,2.05367770873,0.579389119796,0.0,49.8407270682,199.362908273,17.9305463511,13.563881776,4.36666457516
 02/15  07:00:00,694.667265171,30.3148174886,197.023288778,0.0,49.8407270682,199.362908273,960.450023023,958.257550614,2.19247240849
 02/15  08:00:00,528.323587129,30.3148174886,0.0,0.0,149.522181205,199.362908273,1338.02135555,1327.08304422,10.938311329
 02/15  09:00:00,1050.33744571,30.3148174886,0.0,0.0,448.566543614,448.566543614,630.899018495,615.48244332,15.4165751745
 02/15  10:00:00,1108.95148623,30.3148174886,60.6916753725,0.0,448.566543614,448.566543614,224.672648464,205.712707916,18.9599405477
 02/15  11:00:00,1075.27434296,30.3362565474,51.6854323464,0.0,448.566543614,448.566543614,131.665877696,113.132373484,18.5335042117
 02/15  12:00:00,1164.07898242,31.9490805903,121.862911889,0.0,448.566543614,448.566543614,126.21180078,104.076530588,22.1352701921
 02/15  13:00:00,1219.89133113,33.8147559898,211.668909116,0.0,448.566543614,398.725816546,136.449866592,109.763467406,26.6863991861
 02/15  14:00:00,1289.03185564,35.460971767,228.716455987,0.0,448.566543614,448.566543614,100.093723633,73.4440691404,26.649654493
 02/15  15:00:00,1295.90614926,35.6386569201,234.902718936,0.0,448.566543614,448.566543614,60.7161076246,43.107636536,17.6084710886
 02/15  16:00:00,1301.90842573,34.510560777,241.73206833,0.0,448.566543614,448.566543614,39.1505840516,23.7495849076,15.4009991441
 02/15  17:00:00,1353.3854307,32.3503295506,246.325930846,0.0,448.566543614,448.566543614,45.4005075679,25.5045758129,19.895931755
 02/15  18:00:00,1231.61817167,30.3964691237,240.008740324,0.0,348.885089477,398.725816546,63.6433450638,50.4785683416,13.1647767222
 02/15  19:00:00,980.05818413,30.3148174886,139.487118883,0.0,249.203635341,299.044362409,149.602129454,138.653402793,10.9487266611
 02/15  20:00:00,840.676909186,30.3148174886,51.9226754499,0.0,249.203635341,299.044362409,184.711280276,178.151440096,6.55984018026
 02/15  21:00:00,641.436067432,30.3148174886,18.9351176148,0.0,149.522181205,249.203635341,254.962681535,246.215262849,8.74741868592
 02/15  22:00:00,615.820343926,30.3148174886,10.4240307777,0.0,149.522181205,249.203635341,292.100686231,287.73466269,4.36602354095
 02/15  23:00:00,349.35690859,0.0,0.0,0.0,49.8407270682,199.362908273,2.19041859879,0.0,2.19041859879
 02/15  24:00:00,299.992149558,0.0,0.0,0.0,24.9203635341,199.362908273,2.19043434328,0.0,2.19043434328
 02/16  01:00:00,287.769951702,0.0,0.0,0.0,24.9203635341,199.362908273,2.19044931075,0.0,2.19044931075
 02/16  02:00:00,287.769951779,0.0,0.0,0.0,24.9203635341,199.362908273,4.36094402554,0.0,4.36094402554
 02/16  03:00:00,287.769951552,0.0,0.0,0.0,24.9203635341,199.362908273,2.19049465445,0.0,2.19049465445
 02/16  04:00:00,287.769951443,0.0,0.0,0.0,24.9203635341,199.362908273,2.19050971414,0.0,2.19050971414
 02/16  05:00:00,299.992149344,0.0,0.0,0.0,24.9203635341,199.362908273,2.19052475069,0.0,2.19052475069
 02/16  06:00:00,349.358397734,0.0,0.0,0.0,49.8407270682,199.362908273,4.36610864986,0.0,4.36610864986
 02/16  07:00:00,697.214635611,30.3148174886,194.801007046,0.0,49.8407270682,199.362908273,675.071074421,670.706626255,4.36444816593
 02/16  08:00:00,527.686307577,30.3148174886,0.0,0.0,149.522181205,199.362908273,707.152686266,698.398576533,8.75410973292
 02/16  09:00:00,1147.75820471,30.3148174886,63.0250158497,0.0,448.566543614,448.566543614,332.627204783,315.009716594,17.6174881895
 02/16  10:00:00,1143.43691131,30.3148174886,65.8034239376,0.0,448.566543614,448.566543614,147.13682188,129.496924779,17.6398971011
 02/16  11:00:00,1205.47935867,30.3314494271,153.15310851,0.0,448.566543614,448.566543614,104.932737878,86.9678111778,17.9649266998
 02/16  12:00:00,1287.81562724,30.798070314,231.885704844,0.0,448.566543614,448.566543614,98.2526121947,74.2231608655,24.0294513292
 02/16  13:00:00,1263.53728457,31.2916565536,256.177864908,0.0,448.566543614,398.725816546,94.9207600511,68.2463243746,26.6744356765
 02/16  14:00:00,1330.96895574,31.4784908489,273.04230012,0.0,448.566543614,448.566543614,68.8205041774,42.1824201775,26.6380839999
 02/16  15:00:00,1341.98636438,30.4134706287,284.568433307,0.0,448.566543614,448.566543614,54.4470599378,39.0397595086,15.4073004293
 02/16  16:00:00,1344.79093194,30.3148174886,287.356713062,0.0,448.566543614,448.566543614,53.8434917092,38.4408710044,15.4026207049
 02/16  17:00:00,1388.27724568,30.3148174886,281.961089006,0.0,448.566543614,448.566543614,51.2572843611,29.1507255916,22.1065587695
 02/16  18:00:00,1269.75198047,30.3148174886,276.908136948,0.0,348.885089477,398.725816546,71.525034539,58.3661371317,13.1588974073
 02/16  19:00:00,1111.53506802,30.3148174886,267.427650466,0.0,249.203635341,299.044362409,120.54866885,111.785705759,8.76296309097
 02/16  20:00:00,1077.92670882,30.3148174886,258.786105534,0.0,249.203635341,299.044362409,139.666873016,130.927038987,8.7398340286
 02/16  21:00:00,868.179161726,30.3148174886,199.600204742,0.0,149.522181205,249.203635341,199.96721797,193.402445619,6.56477235111
 02/16  22:00:00,749.317472381,30.3148174886,110.752125531,0.0,149.522181205,249.203635341,246.006336224,241.639774891,4.36656133283
 02/16  23:00:00,349.356908715,0.0,0.0,0.0,49.8407270682,199.362908273,2.19052429363,0.0,2.19052429363
 02/16  24:00:00,299.992149584,0.0,0.0,0.0,24.9203635341,199.362908273,4.3607362336,0.0,4.3607362336
 02/17  01:00:00,287.769951121,0.0,0.0,0.0,24.9203635341,199.362908273,2.19021202873,0.0,2.19021202873
 02/17  02:00:00,287.769951039,0.0,0.0,0.0,24.9203635341,199.362908273,2.19022671757,0.0,2.19022671757
 02/17  03:00:00,287.76995117,0.0,0.0,0.0,24.9203635341,199.362908273,2.19024137111,0.0,2.19024137111
 02/17  04:00:00,287.769951391,0.0,0.0,0.0,24.9203635341,199.362908273,4.36052658418,0.0,4.36052658418
 02/17  05:00:00,299.992149104,0.0,0.0,0.0,24.9203635341,199.362908273,2.19028516189,0.0,2.19028516189
 02/17  06:00:00,349.358396958,0.0,0.0,0.0,49.8407270682,199.362908273,4.36639585625,0.0,4.36639585625
 02/17  07:00:00,705.950764798,30.3148174886,202.796485256,0.0,49.8407270682,199.362908273,688.443182092,686.250788377,2.19239371541
 02/17  08:00:00,519.353401849,30.3148174886,0.0,0.0,149.522181205,199.362908273,954.055190425,943.806444173,10.248746252
 02/17  09:00:00,1050.04505363,30.3148174886,0.0,0.0,448.566543614,448.566543614,399.883745933,383.773811872,16.1099340609
 02/17  10:00:00,1175.08184858,30.3148174886,90.6883841733,0.0,448.566543614,448.566543614,194.529072127,176.890336031,17.6387360959
 02/17  11:00:00,1147.0933081,30.3148174886,97.6094705424,0.0,448.566543614,448.566543614,134.854710747,115.003491427,19.8512193201
 02/17  12:00:00,1248.09942861,30.3148174886,193.157269793,0.0,448.566543614,448.566543614,103.760342039,81.6248899973,22.1354520413
 02/17  13:00:00,1270.01264266,30.4974238167,263.73265385,0.0,448.566543614,398.725816546,102.507049606,75.8230254824,26.6840241237
 02/17  14:00:00,1351.65183823,32.5208157031,292.667979984,0.0,448.566543614,448.566543614,67.6133325987,40.9662010217,26.647131577
 02/17  15:00:00,1372.25000763,33.2502144171,312.108215495,0.0,448.566543614,448.566543614,35.7928340947,20.3840546521,15.4087794426
 02/17  16:00:00,1376.25862325,31.1941066338,317.847812976,0.0,448.566543614,448.566543614,33.6174050329,16.0157001869,17.6017048461
 02/17  17:00:00,1422.27975472,30.5733107646,315.47621134,0.0,448.566543614,448.566543614,37.2096399296,17.3129222009,19.8967177287
 02/17  18:00:00,1316.4449666,30.3148174886,316.984737054,0.0,348.885089477,398.725816546,64.0850624392,50.9216966257,13.1633658135
 02/17  19:00:00,1167.95483983,30.3148174886,315.217002922,0.0,249.203635341,299.044362409,100.095622811,89.1480596379,10.9475631734
 02/17  20:00:00,1136.39060534,30.3148174886,316.060907563,0.0,249.203635341,299.044362409,109.019897412,102.459749179,6.560148233
 02/17  21:00:00,988.338057369,30.3148174886,317.77047154,0.0,149.522181205,249.203635341,144.917638975,136.171181587,8.74645738819
 02/17  22:00:00,960.615546941,30.3148174886,314.868160704,0.0,149.522181205,249.203635341,158.283021241,153.916367464,4.3666537771
 02/17  23:00:00,349.356908201,0.0,0.0,0.0,49.8407270682,199.362908273,2.19043985592,0.0,2.19043985592
 02/17  24:00:00,299.99214896,0.0,0.0,0.0,24.9203635341,199.362908273,2.19019867815,0.0,2.19019867815
 02/18  01:00:00,237.929223768,0.0,0.0,0.0,24.9203635341,149.522181205,2.19021234898,0.0,2.19021234898
 02/18  02:00:00,237.929223985,0.0,0.0,0.0,24.9203635341,149.522181205,4.36046635065,0.0,4.36046635065
 02/18  03:00:00,237.929223898,0.0,0.0,0.0,24.9203635341,149.522181205,2.19025392696,0.0,2.19025392696
 02/18  04:00:00,237.929223635,0.0,0.0,0.0,24.9203635341,149.522181205,2.19026772041,0.0,2.19026772041
 02/18  05:00:00,250.151421395,0.0,0.0,0.0,24.9203635341,149.522181205,2.1902814879,0.0,2.1902814879
 02/18  06:00:00,274.597306054,0.0,0.0,0.0,24.9203635341,149.522181205,4.36671028202,0.0,4.36671028202
 02/18  07:00:00,823.547439935,30.3148174886,300.792743377,0.0,49.8407270682,199.362908273,324.952483134,320.587810527,4.36467260724
 02/18  08:00:00,788.452421167,30.3148174886,278.941736046,0.0,49.8407270682,199.362908273,311.686450643,307.314661186,4.3717894573
 02/18  09:00:00,1013.93269821,30.3148174886,272.297211109,0.0,249.203635341,249.203635341,221.484760088,212.7448877,8.73987238783
 02/18  10:00:00,1021.43713815,30.3148174886,304.857601563,0.0,249.203635341,249.203635341,148.568328395,139.805531989,8.7627964065
 02/18  11:00:00,991.108274739,30.3148174886,323.442364603,0.0,249.203635341,249.203635341,119.80171913,111.046626474,8.75509265593
 02/18  12:00:00,997.705247229,30.9554311437,329.405494406,0.0,249.203635341,249.203635341,113.820676405,100.674289091,13.1463873134
 02/18  13:00:00,1012.86882414,34.1815476623,341.353690905,0.0,249.203635341,249.203635341,98.2887544955,89.5306650161,8.75808947939
 02/18  14:00:00,1026.5505637,35.9070502115,353.319530159,0.0,249.203635341,249.203635341,87.1748978061,78.4207549472,8.75414285891
 02/18  15:00:00,781.976757612,35.3157360936,358.531137201,0.0,74.7610906023,174.442544739,101.972851416,93.2330608509,8.7397905654
 02/18  16:00:00,781.829749129,33.8695139521,359.846322782,0.0,74.7610906023,174.442544739,81.1470550554,74.5941839006,6.55287115473
 02/18  17:00:00,819.950938799,31.7927418144,351.145934669,0.0,74.7610906023,174.442544739,92.8719384731,86.3158440095,6.55609446359
 02/18  18:00:00,767.364246947,30.3148174886,338.101197288,0.0,24.9203635341,149.522181205,132.031151136,129.839080948,2.19207018807
 02/18  19:00:00,339.386329997,0.0,0.0,0.0,24.9203635341,149.522181205,4.36484730709,0.0,4.36484730709
 02/18  20:00:00,323.48560096,0.0,0.0,0.0,24.9203635341,149.522181205,4.36436030649,0.0,4.36436030649
 02/18  21:00:00,323.485600668,0.0,0.0,0.0,24.9203635341,149.522181205,2.19243498807,0.0,2.19243498807
 02/18  22:00:00,299.042197654,0.0,0.0,0.0,24.9203635341,149.522181205,4.36821780255,0.0,4.36821780255
 02/18  23:00:00,274.595817393,0.0,0.0,0.0,24.9203635341,149.522181205,4.36062749317,0.0,4.36062749317
 02/18  24:00:00,250.151421651,0.0,0.0,0.0,24.9203635341,149.522181205,2.19033427819,0.0,2.19033427819
 02/19  01:00:00,237.928727188,0.0,0.0,0.0,24.9203635341,149.522181205,2.18947089135,0.0,2.18947089135
 02/19  02:00:00,237.92872718,0.0,0.0,0.0,24.9203635341,149.522181205,2.18945535136,0.0,2.18945535136
 02/19  03:00:00,237.928727176,0.0,0.0,0.0,24.9203635341,149.522181205,2.18943978747,0.0,2.18943978747
 02/19  04:00:00,237.928727174,0.0,0.0,0.0,24.9203635341,149.522181205,2.18942420853,0.0,2.18942420853
 02/19  05:00:00,250.150924976,0.0,0.0,0.0,24.9203635341,149.522181205,2.18940862133,0.0,2.18940862133
 02/19  06:00:00,274.596808853,0.0,0.0,0.0,24.9203635341,149.522181205,2.19211967008,0.0,2.19211967008
 02/19  07:00:00,323.484111818,0.0,0.0,0.0,24.9203635341,149.522181205,2.18936406758,0.0,2.18936406758
 02/19  08:00:00,313.753840753,0.0,0.0,0.0,24.9203635341,149.522181205,2.18934850183,0.0,2.18934850183
 02/19  09:00:00,296.66650742,0.0,0.0,0.0,24.9203635341,149.522181205,2.18933294107,0.0,2.18933294107
 02/19  10:00:00,259.999914003,0.0,0.0,0.0,24.9203635341,149.522181205,2.18931738751,0.0,2.18931738751
 02/19  11:00:00,211.111122791,0.0,0.0,0.0,24.9203635341,149.522181205,2.18944804356,0.0,2.18944804356
 02/19  12:00:00,211.112115412,0.0,0.0,0.0,24.9203635341,149.522181205,4.36280556824,0.0,4.36280556824
 02/19  13:00:00,423.291255891,10.9879162566,145.635761491,0.0,24.9203635341,149.522181205,2.19148269337,0.0,2.19148269337
 02/19  14:00:00,589.54392014,20.5994922872,263.107024138,0.0,24.9203635341,149.522181205,4.36874156383,0.0,4.36874156383
 02/19  15:00:00,510.960584713,17.3512085017,214.37841339,0.0,24.9203635341,149.522181205,4.36276651416,0.0,4.36276651416
 02/19  16:00:00,211.111122765,0.0,0.0,0.0,24.9203635341,149.522181205,2.18931337371,0.0,2.18931337371
 02/19  17:00:00,259.999914003,0.0,0.0,0.0,24.9203635341,149.522181205,2.18929781231,0.0,2.18929781231
 02/19  18:00:00,296.666507418,0.0,0.0,0.0,24.9203635341,149.522181205,2.18928226583,0.0,2.18928226583
 02/19  19:00:00,339.384840746,0.0,0.0,0.0,24.9203635341,149.522181205,2.18955749395,0.0,2.18955749395
 02/19  20:00:00,323.484111793,0.0,0.0,0.0,24.9203635341,149.522181205,2.18954173353,0.0,2.18954173353
 02/19  21:00:00,323.484111778,0.0,0.0,0.0,24.9203635341,149.522181205,2.18952598143,0.0,2.18952598143
 02/19  22:00:00,299.041204352,0.0,0.0,0.0,24.9203635341,149.522181205,2.19242948753,0.0,2.19242948753
 02/19  23:00:00,274.595320526,0.0,0.0,0.0,24.9203635341,149.522181205,2.18948071015,0.0,2.18948071015
 02/19  24:00:00,250.150924929,0.0,0.0,0.0,24.9203635341,149.522181205,2.18946499302,0.0,2.18946499302
 02/20  01:00:00,251.996329418,0.410735541745,1.05349587044,0.0,24.9203635341,149.522181205,3.84420182945,1.65475346172,2.18944836774
 02/20  02:00:00,290.16882026,2.05367770873,4.79565779029,0.0,24.9203635341,149.522181205,11.208733213,9.01930131166,2.1894319013
 02/20  03:00:00,268.469879281,1.64294216698,2.70100528456,0.0,24.9203635341,149.522181205,12.6434888588,10.4544095386,2.18907932023
 02/20  04:00:00,275.647291021,2.05367770873,2.94978869218,0.0,24.9203635341,149.522181205,17.6989443116,15.5095453687,2.18939894286
 02/20  05:00:00,279.513249945,1.64294216698,1.59553241167,0.0,24.9203635341,149.522181205,17.442829467,15.2532716764,2.18955779058
 02/20  06:00:00,311.229898784,2.05367770873,1.93077958713,0.0,24.9203635341,149.522181205,24.1521396539,19.7874935372,4.36464611671
 02/20  07:00:00,346.762872976,1.64294216698,0.76301311025,0.0,24.9203635341,149.522181205,24.0349642545,21.8456480859,2.18931616861
 02/20  08:00:00,345.370276541,2.05367770873,0.877013793506,0.0,24.9203635341,149.522181205,28.7220257601,26.5324924883,2.18953327185
 02/20  09:00:00,315.500492419,1.64294216698,0.246693007445,0.0,24.9203635341,149.522181205,31.0609632127,28.8716801379,2.18928307477
 02/20  10:00:00,289.598110823,2.05367770873,0.199254730334,0.0,24.9203635341,149.522181205,30.8322909367,28.6427338075,2.18955712922
 02/20  11:00:00,228.408920035,1.64294216698,0.0240628864503,0.0,24.9203635341,149.522181205,30.2378757608,28.0483341869,2.18954157393
 02/20  12:00:00,240.64149167,2.05367770873,0.136092864231,0.0,24.9203635341,149.522181205,27.9951402814,25.803656426,2.19148385538
 02/20  13:00:00,228.420398612,1.64294216698,0.0354058505507,0.0,24.9203635341,149.522181205,30.6523564813,26.2894009482,4.36295553312
 02/20  14:00:00,241.088608622,2.05367770873,0.252193563157,0.0,24.9203635341,149.522181205,27.6491359649,23.2808490675,4.36828689739
 02/20  15:00:00,232.52284058,1.64294216698,0.228701667558,0.0,24.9203635341,149.522181205,22.6245312103,20.4330959223,2.19143528797
 02/20  16:00:00,243.355007372,2.05367770873,0.861343108492,0.0,24.9203635341,149.522181205,22.6156367563,20.4263655398,2.18927121651
 02/20  17:00:00,285.151615433,1.64294216698,0.697830779888,0.0,24.9203635341,149.522181205,14.9103113128,12.7207650927,2.18954622006
 02/20  18:00:00,332.827050883,2.05367770873,1.49260474897,0.0,24.9203635341,149.522181205,19.6221420584,17.4326121692,2.18952988915
 02/20  19:00:00,362.50587545,1.64294216698,0.61404771519,0.0,24.9203635341,149.522181205,26.8683819963,24.6788688652,2.18951313101
 02/20  20:00:00,351.879373354,2.05367770873,0.285839262578,0.0,24.9203635341,149.522181205,37.9344716786,35.7449168882,2.18955479047
 02/20  21:00:00,331.663149493,1.64294216698,0.0,0.0,24.9203635341,149.522181205,43.8081188127,41.6186397956,2.18947901712
 02/20  22:00:00,301.136207032,2.05367770873,0.0,0.0,24.9203635341,149.522181205,55.7907179228,51.4259775226,4.3647404002
 02/20  23:00:00,276.295050911,1.64294216698,0.0,0.0,24.9203635341,149.522181205,72.29465583,70.1051258457,2.18952998435
 02/20  24:00:00,252.278356352,2.05367770873,0.0,0.0,24.9203635341,149.522181205,91.9933437131,89.8039476395,2.1893960736
 02/21  01:00:00,289.502910879,1.64294216698,0.0,0.0,24.9203635341,199.362908273,109.604360001,107.414107639,2.19025236232
 02/21  02:00:00,483.500678675,18.2313423182,136.33880427,0.0,24.9203635341,199.362908273,172.742039531,170.551561694,2.19047783671
 02/21  03:00:00,533.094222838,21.8650229289,170.496187842,0.0,24.9203635341,199.362908273,218.454939226,216.264450665,2.19048856043
 02/21  04:00:00,484.836657709,18.2313423182,136.397038826,0.0,24.9203635341,199.362908273,225.386423211,221.025484992,4.36093821814
 02/21  05:00:00,545.875063774,21.8650229289,170.496298578,0.0,24.9203635341,199.362908273,250.320026124,248.129505511,2.19052061302
 02/21  06:00:00,547.445526497,18.2313423182,136.397038863,0.0,49.8407270682,199.362908273,219.624027983,215.257223737,4.36680424588
 02/21  07:00:00,703.98619886,30.3148174886,204.595698177,0.0,49.8407270682,199.362908273,1517.60329971,1515.41089969,2.19240002453
 02/21  08:00:00,520.538001304,30.3148174886,0.0,0.0,149.522181205,199.362908273,1783.0227355,1772.71420394,10.3085315629
 02/21  09:00:00,1051.02669766,30.3148174886,0.0,0.0,448.566543614,448.566543614,1042.40719319,1026.3587503,16.0484428874
 02/21  10:00:00,1014.05349264,30.3148174886,0.0,0.0,448.566543614,448.566543614,788.045028523,770.407367714,17.6376608082
 02/21  11:00:00,964.97645792,30.3148174886,0.0,0.0,448.566543614,448.566543614,666.754952243,646.902686755,19.8522654878
 02/21  12:00:00,964.831993158,30.3148174886,0.0,0.0,448.566543614,448.566543614,576.435862659,554.302756051,22.1331066079
 02/21  13:00:00,914.835424421,30.3148174886,0.0,0.0,448.566543614,398.725816546,474.244848806,447.56452947,26.6803193363
 02/21  14:00:00,964.465941381,30.3148174886,0.0,0.0,448.566543614,448.566543614,315.000837072,288.357760249,26.6430768234
 02/21  15:00:00,964.386763716,30.3148174886,0.0,0.0,448.566543614,448.566543614,253.242099028,237.834037756,15.4080612726
 02/21  16:00:00,964.378012258,30.3148174886,0.0,0.0,448.566543614,448.566543614,256.739673447,239.14083483,17.5988386162
 02/21  17:00:00,1013.27926131,30.3148174886,0.0,0.0,448.566543614,448.566543614,274.328385839,254.432524113,19.8958617252
 02/21  18:00:00,900.475788852,30.3148174886,0.0,0.0,348.885089477,398.725816546,338.927964992,325.767062007,13.1609029845
 02/21  19:00:00,743.934512945,30.3148174886,0.0,0.0,249.203635341,299.044362409,454.976105808,446.213933312,8.76217249665
 02/21  20:00:00,728.063644753,30.3148174886,0.0,0.0,249.203635341,299.044362409,497.354032419,488.614925453,8.73910696554
 02/21  21:00:00,578.694523648,30.3148174886,0.0,0.0,149.522181205,249.203635341,662.985508982,654.238503232,8.74700574991
 02/21  22:00:00,554.406370393,30.3148174886,0.0,0.0,149.522181205,249.203635341,803.471332501,801.278362864,2.19296963684
 02/21  23:00:00,349.356906612,0.0,0.0,0.0,49.8407270682,199.362908273,4.36095096667,0.0,4.36095096667
 02/21  24:00:00,299.992147183,0.0,0.0,0.0,24.9203635341,199.362908273,2.19049045454,0.0,2.19049045454
 02/22  01:00:00,313.23055048,1.23220662524,3.14994002317,0.0,24.9203635341,199.362908273,8.62496549194,6.43446635445,2.19049913749
 02/22  02:00:00,326.778626329,2.05367770873,4.23875303895,0.0,24.9203635341,199.362908273,13.224162456,11.0336539181,2.19050853791
 02/22  03:00:00,318.645554492,1.64294216698,3.07283373684,0.0,24.9203635341,199.362908273,13.7527838422,10.4858180603,3.26696578188
 02/22  04:00:00,325.066172403,2.05367770873,2.59464873398,0.0,24.9203635341,199.362908273,19.86391747,16.5798676692,3.28404980078
 02/22  05:00:00,329.592826447,1.64294216698,1.84905712149,0.0,24.9203635341,199.362908273,17.1284444613,14.9382522025,2.19019225882
 02/22  06:00:00,380.144445863,2.05367770873,1.33538589263,0.0,49.8407270682,199.362908273,30.1709709977,25.8046307467,4.36634025095
 02/22  07:00:00,702.062139771,30.3148174886,202.298070219,0.0,49.8407270682,199.362908273,1195.90941711,1193.71702276,2.19239435726
 02/22  08:00:00,519.982204532,30.3148174886,0.0,0.0,149.522181205,199.362908273,1376.61398036,1365.67644065,10.9375397063
 02/22  09:00:00,1050.80205362,30.3148174886,0.0,0.0,448.566543614,448.566543614,967.706366531,952.29020512,15.4161614119
 02/22  10:00:00,1013.95190448,30.3148174886,0.0,0.0,448.566543614,448.566543614,785.71252443,765.870776471,19.841747959
 02/22  11:00:00,964.921714985,30.3148174886,0.0,0.0,448.566543614,448.566543614,663.254059617,645.608708288,17.6453513291
 02/22  12:00:00,964.922580216,30.3148174886,0.0,0.0,448.566543614,448.566543614,665.457814238,643.322952419,22.1348618189
 02/22  13:00:00,915.048148071,30.3148174886,0.0,0.0,448.566543614,398.725816546,646.123251442,619.441101063,26.6821503782
 02/22  14:00:00,964.765734722,30.3148174886,0.0,0.0,448.566543614,448.566543614,551.688721752,525.044087619,26.644634133
 02/22  15:00:00,964.77230522,30.3148174886,0.0,0.0,448.566543614,448.566543614,556.603535583,541.194541963,15.4089936196
 02/22  16:00:00,964.844727036,30.3148174886,0.0,0.0,448.566543614,448.566543614,612.825081475,595.225272537,17.5998089382
 02/22  17:00:00,1013.82638453,30.3148174886,0.0,0.0,448.566543614,448.566543614,667.797590001,647.903719851,19.8938701505
 02/22  18:00:00,901.122232986,30.3148174886,0.0,0.0,348.885089477,398.725816546,758.145482824,744.983935589,13.1615472356
 02/22  19:00:00,744.707424756,30.3148174886,0.0,0.0,249.203635341,299.044362409,883.773817751,873.514595878,10.2592218724
 02/22  20:00:00,729.02692683,30.3148174886,0.0,0.0,249.203635341,299.044362409,964.246785367,957.001243128,7.24554223873
 02/22  21:00:00,579.863834821,30.3148174886,0.0,0.0,149.522181205,249.203635341,1083.51769795,1074.77149536,8.74620258811
 02/22  22:00:00,555.914300011,30.3148174886,0.0,0.0,149.522181205,249.203635341,1181.95190992,1177.58590713,4.36600278823
 02/22  23:00:00,349.35690597,0.0,0.0,0.0,49.8407270682,199.362908273,2.19021728511,0.0,2.19021728511
 02/22  24:00:00,323.892449314,1.23220662524,2.32923199236,0.0,24.9203635341,199.362908273,5.27761026077,3.08709803494,2.19051222583
 02/23  01:00:00,314.758564536,1.64294216698,1.84053550307,0.0,24.9203635341,199.362908273,8.84331215298,6.65307737729,2.19023477568
 02/23  02:00:00,320.147930003,2.05367770873,1.61965210561,0.0,24.9203635341,199.362908273,12.5482589096,10.3580156914,2.19024321817
 02/23  03:00:00,304.033835248,1.64294216698,0.273687533443,0.0,24.9203635341,199.362908273,18.7751961891,14.4142557809,4.36094040812
 02/23  04:00:00,481.454454885,18.2313423182,136.192445668,0.0,24.9203635341,199.362908273,58.3598070232,56.169359765,2.19044725829
 02/23  05:00:00,542.813008646,21.8650229289,170.495929225,0.0,24.9203635341,199.362908273,91.8378997704,89.6474442206,2.19045554976
 02/23  06:00:00,544.146846757,18.2313423182,136.397038739,0.0,49.8407270682,199.362908273,105.414177695,101.047531776,4.36664591938
 02/23  07:00:00,697.507460576,30.3148174886,204.595670688,0.0,49.8407270682,199.362908273,1047.1152718,1044.92316394,2.19210786573
 02/23  08:00:00,524.1033315,30.3148174886,0.0,0.0,149.522181205,199.362908273,2645.38652693,2634.44865173,10.937875193
 02/23  09:00:00,1054.80987639,30.3148174886,0.0,0.0,448.566543614,448.566543614,1447.00920165,1431.59270779,15.4164938589
 02/23  10:00:00,1018.01465181,30.3148174886,0.0,0.0,448.566543614,448.566543614,1183.51544636,1163.67340997,19.8420363836
 02/23  11:00:00,969.049702669,30.3148174886,0.0,0.0,448.566543614,448.566543614,1072.49710096,1054.85159165,17.6455093161
 02/23  12:00:00,969.011161987,30.3148174886,0.0,0.0,448.566543614,448.566543614,1019.95858319,997.823710169,22.1348730177
 02/23  13:00:00,919.08285667,30.3148174886,0.0,0.0,448.566543614,398.725816546,941.913864563,915.231931934,26.6819326288
 02/23  14:00:00,967.939776078,30.3171825701,0.0,0.0,448.566543614,448.566543614,781.700908532,755.056800941,26.6441075909
 02/23  15:00:00,967.130065288,30.6614671517,0.0,0.0,448.566543614,448.566543614,653.574393109,638.165648909,15.4087442002
 02/23  16:00:00,966.336621009,30.4540139381,0.0,0.0,448.566543614,448.566543614,589.767452031,572.168000971,17.59945106
 02/23  17:00:00,1014.86364536,30.3148174886,0.0,0.0,448.566543614,448.566543614,566.648185457,546.754899091,19.8932863665
 02/23  18:00:00,902.420588431,30.3148174886,0.0,0.0,348.885089477,398.725816546,690.779573418,677.618386375,13.1611870426
 02/23  19:00:00,747.498617054,30.3148174886,0.0,0.0,249.203635341,299.044362409,1034.88431182,1026.12197973,8.76233208617
 02/23  20:00:00,732.509170182,30.3148174886,0.0,0.0,249.203635341,299.044362409,1042.99475106,1034.2554925,8.73925855445
 02/23  21:00:00,583.076974115,30.3148174886,0.0,0.0,149.522181205,249.203635341,1087.5165227,1078.7694197,8.74710300469
 02/23  22:00:00,558.753605369,30.3148174886,0.0,0.0,149.522181205,249.203635341,1218.82620114,1216.63320084,2.1930002983
 02/23  23:00:00,357.475693424,0.616103312618,0.583850079363,0.0,49.8407270682,199.362908273,5.08798018396,0.726966728056,4.3610134559
 02/23  24:00:00,326.740989188,1.64294216698,1.61363139853,0.0,24.9203635341,199.362908273,5.18002186996,2.98950434607,2.19051752389
 02/24  01:00:00,302.928331977,2.05367770873,0.0583736784283,0.0,24.9203635341,199.362908273,12.2591232514,10.0689537982,2.19016945317
 02/24  02:00:00,527.523740904,21.8650229289,170.166424124,0.0,24.9203635341,199.362908273,32.6836541697,30.4931924442,2.19046172555
 02/24  03:00:00,481.872529767,18.2313423182,136.396912349,0.0,24.9203635341,199.362908273,51.2796719932,46.9187453357,4.36092665749
 02/24  04:00:00,529.887585162,21.8650229289,170.496298368,0.0,24.9203635341,199.362908273,64.207107955,62.0166430724,2.19046488264
 02/24  05:00:00,494.681910248,18.2313423182,136.397038863,0.0,24.9203635341,199.362908273,85.1415193279,82.9510297374,2.19048959042
 02/24  06:00:00,591.891490655,21.8650229289,170.496298579,0.0,49.8407270682,199.362908273,101.936344829,97.5695519177,4.36679291156
 02/24  07:00:00,698.749715799,30.3148174886,204.595643467,0.0,49.8407270682,199.362908273,958.97076528,956.778369907,2.19239537261
 02/24  08:00:00,523.128383712,30.3148174886,0.0,0.0,149.522181205,199.362908273,2324.42653551,2313.48912305,10.937412462
 02/24  09:00:00,1052.41424104,30.3148174886,0.0,0.0,448.566543614,448.566543614,1023.06156879,1007.64588936,15.4156794299
 02/24  10:00:00,1014.42804506,30.3148174886,0.0,0.0,448.566543614,448.566543614,612.255881778,593.380579359,18.8753024187
 02/24  11:00:00,964.840371089,30.3148174886,0.0,0.0,448.566543614,448.566543614,381.990762121,363.378424246,18.6123378747
 02/24  12:00:00,964.557032101,30.3170010266,0.0,0.0,448.566543614,448.566543614,273.5965529,251.463372917,22.1331799836
 02/24  13:00:00,992.684330537,30.6072687172,52.8840898608,0.0,448.566543614,398.725816546,204.275891331,177.596322225,26.6795691063
 02/24  14:00:00,1090.38616398,32.0223356274,60.2367952163,0.0,448.566543614,448.566543614,149.86136639,123.219649226,26.641717164
 02/24  15:00:00,1109.0122923,32.1680256437,72.6808078717,0.0,448.566543614,448.566543614,116.632379747,101.22501129,15.407368457
 02/24  16:00:00,1130.50895179,31.4397227765,84.8753741055,0.0,448.566543614,448.566543614,84.0944307224,68.6921241554,15.402306567
 02/24  17:00:00,1190.95203304,30.3601080974,88.9899700505,0.0,448.566543614,448.566543614,87.8714882396,65.7665676522,22.1049205874
 02/24  18:00:00,1042.87723684,30.3148174886,64.7028759866,0.0,348.885089477,398.725816546,126.691582831,113.530946229,13.1606366015
 02/24  19:00:00,854.864547058,30.3148174886,44.7186606571,0.0,249.203635341,299.044362409,187.016112947,178.25404478,8.76206816691
 02/24  20:00:00,821.686145537,30.3148174886,33.7406454206,0.0,249.203635341,299.044362409,225.249418621,216.510116269,8.73930235237
 02/24  21:00:00,651.509094468,30.3148174886,18.8354081059,0.0,149.522181205,249.203635341,292.079599289,283.876510964,8.20308832461
 02/24  22:00:00,646.951589073,30.3148174886,32.7882377655,0.0,149.522181205,249.203635341,308.41937183,305.685315051,2.73405677911
 02/24  23:00:00,349.356904664,0.0,0.0,0.0,49.8407270682,199.362908273,4.36074842908,0.0,4.36074842908
 02/24  24:00:00,299.992145397,0.0,0.0,0.0,24.9203635341,199.362908273,2.19027762134,0.0,2.19027762134
 02/25  01:00:00,245.008688629,0.410735541745,0.130704693072,0.0,24.9203635341,149.522181205,4.38807205874,2.19778968009,2.19028237865
 02/25  02:00:00,273.676486334,2.05367770873,0.961568276166,0.0,24.9203635341,149.522181205,15.1072454421,12.9167435147,2.1905019274
 02/25  03:00:00,263.505034825,1.64294216698,0.428221892246,0.0,24.9203635341,149.522181205,19.367570676,17.1770985327,2.19047214324
 02/25  04:00:00,390.525785866,14.1869261659,90.8109295254,0.0,24.9203635341,149.522181205,81.8447818287,77.4839993221,4.36078250657
 02/25  05:00:00,487.452456258,21.8650229289,167.479805518,0.0,24.9203635341,149.522181205,160.870898036,158.680444406,2.19045363022
 02/25  06:00:00,468.251042788,18.2313423182,136.39701651,0.0,24.9203635341,149.522181205,174.835898517,170.469175578,4.36672293858
 02/25  07:00:00,696.39430249,30.3148174886,204.595692609,0.0,49.8407270682,199.362908273,1533.18660921,1530.99422925,2.19237996614
 02/25  08:00:00,415.961805865,30.3148174886,0.0,0.0,49.8407270682,199.362908273,3123.18711089,3116.6394107,6.5477001877
 02/25  09:00:00,656.272973225,30.3148174886,0.0,0.0,249.203635341,249.203635341,1678.72757808,1672.16804999,6.55952809309
 02/25  10:00:00,619.367523864,30.3148174886,0.0,0.0,249.203635341,249.203635341,1322.28881824,1311.34128622,10.9475320168
 02/25  11:00:00,570.213291672,30.3148174886,0.0,0.0,249.203635341,249.203635341,1074.48615584,1065.73153746,8.75461837705
 02/25  12:00:00,570.155109318,30.3148174886,0.0,0.0,249.203635341,249.203635341,1034.64566399,1023.68942476,10.9562392316
 02/25  13:00:00,570.298463134,30.3157637057,0.0,0.0,249.203635341,249.203635341,1017.4559147,1008.69860473,8.75730996527
 02/25  14:00:00,570.165585277,30.6090163932,0.0,0.0,249.203635341,249.203635341,951.479162011,940.541178238,10.9379837734
 02/25  15:00:00,320.261933522,30.3148174886,0.0,0.0,74.7610906023,174.442544739,997.559542449,991.000482456,6.55905999299
 02/25  16:00:00,320.07897854,30.3148174886,0.0,0.0,74.7610906023,174.442544739,1092.70539393,1086.15295085,6.55244308547
 02/25  17:00:00,370.033449469,30.3148174886,0.0,0.0,74.7610906023,174.442544739,1247.29033229,1240.73447979,6.55585250005
 02/25  18:00:00,332.177568686,30.3148174886,0.0,0.0,24.9203635341,149.522181205,1338.05377051,1333.68973793,4.36403257425
 02/25  19:00:00,347.460031209,0.410735541745,0.637810287207,0.0,24.9203635341,149.522181205,2.59020379506,0.397825109488,2.19237868557
 02/25  20:00:00,361.638868171,2.05367770873,3.42420305618,0.0,24.9203635341,149.522181205,7.19865158675,2.83440200027,4.36424958648
 02/25  21:00:00,379.996299116,4.87847508888,27.735962421,0.0,24.9203635341,149.522181205,12.6377536317,8.27293032964,4.36482330208
 02/25  22:00:00,540.174072442,22.2757584706,170.426733667,0.0,24.9203635341,149.522181205,37.9986748725,33.6301376962,4.36853717631
 02/25  23:00:00,467.581738625,17.8206067765,136.39701554,0.0,24.9203635341,149.522181205,53.0618497276,50.8715974028,2.19025232479
 02/25  24:00:00,491.133102001,22.2757584706,170.49629854,0.0,24.9203635341,149.522181205,77.2364536232,75.0459818374,2.19047178584
 02/26  01:00:00,430.55526399,17.8206067765,136.397038863,0.0,24.9203635341,149.522181205,113.481281683,111.291763709,2.18951797382
 02/26  02:00:00,478.381664577,22.2757584706,170.496298579,0.0,24.9203635341,149.522181205,164.740577876,162.551082558,2.18949531819
 02/26  03:00:00,449.237213413,19.613330789,142.773351068,0.0,24.9203635341,149.522181205,207.525959318,205.336489013,2.18947030518
 02/26  04:00:00,490.074400676,23.8346489163,174.422535463,0.0,24.9203635341,149.522181205,265.78068267,263.591177354,2.18950531575
 02/26  05:00:00,465.137737542,19.7692198336,144.101464674,0.0,24.9203635341,149.522181205,293.941996705,291.752574316,2.18942238897
 02/26  06:00:00,526.462895564,23.8346489163,174.289664185,0.0,24.9203635341,149.522181205,348.1304685,343.765873356,4.36459514401
 02/26  07:00:00,538.001659623,19.7692198336,143.864174758,0.0,24.9203635341,149.522181205,353.256649453,351.067140891,2.18950856202
 02/26  08:00:00,556.515932739,23.8346489163,174.171983966,0.0,24.9203635341,149.522181205,375.907408625,373.718098814,2.18930981076
 02/26  09:00:00,511.10565016,19.7692198336,143.735656019,0.0,24.9203635341,149.522181205,284.630887743,282.441369344,2.18951839944
 02/26  10:00:00,500.85416313,22.665481082,170.496298295,0.0,24.9203635341,149.522181205,243.500553547,241.311146266,2.18940728075
 02/26  11:00:00,404.295573095,17.8206067765,136.397038863,0.0,24.9203635341,149.522181205,181.726538857,179.537010602,2.18952825547
 02/26  12:00:00,453.436344017,22.2757584706,170.496298579,0.0,24.9203635341,149.522181205,151.407792648,149.216378793,2.19141385576
 02/26  13:00:00,405.48734757,17.8206067765,136.397038863,0.0,24.9203635341,149.522181205,107.581927381,105.3905254,2.19140198119
 02/26  14:00:00,454.751338614,22.2757584706,170.496298579,0.0,24.9203635341,149.522181205,96.9726690499,90.4300682632,6.54260078674
 02/26  15:00:00,406.692101845,17.8206067765,136.397038863,0.0,24.9203635341,149.522181205,62.2134616621,60.0221787022,2.1912829599
 02/26  16:00:00,456.178317217,22.2757584706,170.496298579,0.0,24.9203635341,149.522181205,54.2189635841,52.0294715659,2.18949201823
 02/26  17:00:00,456.391698179,17.8206067765,136.397038863,0.0,24.9203635341,149.522181205,49.6780491722,47.4885816297,2.18946754256
 02/26  18:00:00,542.01298783,22.2757584706,170.496298579,0.0,24.9203635341,149.522181205,63.6623898854,61.4728880989,2.18950178655
 02/26  19:00:00,534.715471591,17.8206067765,136.397038863,0.0,24.9203635341,149.522181205,79.0917458752,76.9023263403,2.18941953496
 02/26  20:00:00,562.365744781,22.2757584706,167.216894249,0.0,24.9203635341,149.522181205,123.889721599,121.700210003,2.1895115961
 02/26  21:00:00,511.195348428,17.8206067765,131.060818596,0.0,24.9203635341,149.522181205,149.736713993,147.547343237,2.1893707567
 02/26  22:00:00,545.165231734,23.4449263049,167.592540637,0.0,24.9203635341,149.522181205,191.481173194,187.116376687,4.36479650785
 02/26  23:00:00,484.719688762,19.6912753113,139.751330559,0.0,24.9203635341,149.522181205,228.885997143,226.69648224,2.18951490343
 02/26  24:00:00,495.477409654,23.8346489163,166.965657635,0.0,24.9203635341,149.522181205,273.682058059,271.492581604,2.18947645498
 02/27  01:00:00,499.268751667,19.7692198336,139.635673184,0.0,24.9203635341,199.362908273,279.776136878,277.585687406,2.19044947161
 02/27  02:00:00,532.39741705,23.8346489163,165.788023219,0.0,24.9203635341,199.362908273,303.009193961,300.818741941,2.19045201962
 02/27  03:00:00,497.946831159,19.7692198336,138.454014707,0.0,24.9203635341,199.362908273,318.478272494,316.288102293,2.19017020172
 02/27  04:00:00,528.502016139,23.8346489163,162.528360613,0.0,24.9203635341,199.362908273,341.9446787,339.754239382,2.19043931805
 02/27  05:00:00,505.778820955,19.7692198336,134.920783029,0.0,24.9203635341,199.362908273,373.052837381,368.691915879,4.36092150235
 02/27  06:00:00,584.502351685,23.8346489163,158.008664803,0.0,49.8407270682,199.362908273,392.576061901,390.383003696,2.19305820546
 02/27  07:00:00,696.598445629,30.3148174886,204.595558294,0.0,49.8407270682,199.362908273,2285.55170989,2281.18694662,4.36476326034
 02/27  08:00:00,516.223878621,30.3148174886,0.0,0.0,149.522181205,199.362908273,3341.61692472,3332.86338692,8.75353779926
 02/27  09:00:00,1055.09593298,30.3148174886,0.0,0.0,448.566543614,448.566543614,1823.29418098,1805.68009588,17.6140851048
 02/27  10:00:00,1016.10925499,30.3148174886,0.0,0.0,448.566543614,448.566543614,1050.40669686,1032.77080219,17.6358946686
 02/27  11:00:00,965.692634151,30.3148174886,0.0,0.0,448.566543614,448.566543614,749.490529879,731.844609863,17.6459200162
 02/27  12:00:00,964.997666992,30.3148174886,0.0,0.0,448.566543614,448.566543614,528.096032598,503.753635677,24.3423969213
 02/27  13:00:00,914.891886276,30.3148174886,0.0,0.0,448.566543614,398.725816546,441.747822673,415.082236332,26.6655863407
 02/27  14:00:00,1037.85907657,30.3148174886,48.4395096007,0.0,448.566543614,448.566543614,262.453424178,238.035820035,24.4176041437
 02/27  15:00:00,1053.32377138,30.3148174886,33.2360450463,0.0,448.566543614,448.566543614,180.863647402,163.257290761,17.6063566406
 02/27  16:00:00,1039.33516023,30.3148174886,22.7688284537,0.0,448.566543614,448.566543614,156.098813246,140.698380429,15.4004328162
 02/27  17:00:00,1098.44040592,30.3148174886,30.6486162342,0.0,448.566543614,448.566543614,185.554491157,165.661200129,19.8932910278
 02/27  18:00:00,951.891144932,30.3148174886,16.1461186062,0.0,348.885089477,398.725816546,264.56076448,251.397536814,13.1632276656
 02/27  19:00:00,735.423906305,30.3148174886,0.0,0.0,249.203635341,299.044362409,475.777726867,464.830469277,10.94725759
 02/27  20:00:00,728.167790547,30.3148174886,0.0,0.0,249.203635341,299.044362409,601.852704786,595.292769098,6.5599356883
 02/27  21:00:00,578.797606556,30.3148174886,0.0,0.0,149.522181205,249.203635341,782.940858621,774.194915829,8.74594279253
 02/27  22:00:00,554.393965336,30.3148174886,0.0,0.0,149.522181205,249.203635341,841.324086694,836.957639612,4.3664470823
 02/27  23:00:00,349.356902242,0.0,0.0,0.0,49.8407270682,199.362908273,2.19043977764,0.0,2.19043977764
 02/27  24:00:00,299.992142999,0.0,0.0,0.0,24.9203635341,199.362908273,2.19044204807,0.0,2.19044204807
 02/28  01:00:00,287.769944408,0.0,0.0,0.0,24.9203635341,199.362908273,2.19044199337,0.0,2.19044199337
 02/28  02:00:00,287.769944638,0.0,0.0,0.0,24.9203635341,199.362908273,2.19044274557,0.0,2.19044274557
 02/28  03:00:00,315.892098017,1.64294216698,0.306526237163,0.0,24.9203635341,199.362908273,12.4804546189,8.11956536807,4.36088925087
 02/28  04:00:00,323.197200972,2.05367770873,0.64799340958,0.0,24.9203635341,199.362908273,13.440058387,11.249613478,2.190444909
 02/28  05:00:00,328.337901273,1.64294216698,0.553732142487,0.0,24.9203635341,199.362908273,12.6798748854,10.4894294027,2.19044548271
 02/28  06:00:00,385.004732335,2.05367770873,0.895035343601,0.0,49.8407270682,199.362908273,17.6013324784,13.2350897756,4.36624270279
 02/28  07:00:00,697.717395806,30.3148174886,195.229185907,0.0,49.8407270682,199.362908273,1229.31444927,1224.95004207,4.36440720122
 02/28  08:00:00,511.210487045,30.3148174886,0.0,0.0,149.522181205,199.362908273,1324.15824485,1315.40424421,8.75400063681
 02/28  09:00:00,1050.5209246,30.3148174886,0.0,0.0,448.566543614,448.566543614,853.747319346,838.333518792,15.4138005543
 02/28  10:00:00,1013.72939269,30.3148174886,0.0,0.0,448.566543614,448.566543614,701.092086145,681.251257883,19.8408282619
 02/28  11:00:00,964.714696849,30.3148174886,0.0,0.0,448.566543614,448.566543614,570.293962779,552.650133769,17.6438290097
 02/28  12:00:00,964.653487978,30.3148174886,0.0,0.0,448.566543614,448.566543614,515.275009543,493.143413481,22.1315960621
 02/28  13:00:00,914.764236904,30.3148174886,0.0,0.0,448.566543614,398.725816546,474.461067932,447.784881744,26.6761861884
 02/28  14:00:00,964.535957667,30.3148174886,0.0,0.0,448.566543614,448.566543614,417.817291957,391.179684822,26.6376071354
 02/28  15:00:00,964.523028227,30.3148174886,0.0,0.0,448.566543614,448.566543614,408.973788208,393.566521226,15.4072669819
 02/28  16:00:00,964.48536316,30.3148174886,0.0,0.0,448.566543614,448.566543614,376.238035983,360.838402255,15.3996337281
 02/28  17:00:00,1013.38281626,30.3148174886,0.0,0.0,448.566543614,448.566543614,392.020309574,369.917279507,22.103030067
 02/28  18:00:00,900.607317921,30.3148174886,0.0,0.0,348.885089477,398.725816546,477.01717838,466.049420232,10.9677581484
 02/28  19:00:00,735.547555343,30.3148174886,0.0,0.0,249.203635341,299.044362409,611.911293972,600.963660027,10.9476339451
 02/28  20:00:00,728.235713166,30.3148174886,0.0,0.0,249.203635341,299.044362409,648.225659799,641.66641876,6.55924103905
 02/28  21:00:00,578.811175194,30.3148174886,0.0,0.0,149.522181205,249.203635341,742.491027535,733.744291463,8.74673607182
 02/28  22:00:00,554.283207765,30.3148174886,0.0,0.0,149.522181205,249.203635341,662.734536085,658.368206715,4.36632937047
 02/28  23:00:00,349.356901223,0.0,0.0,0.0,49.8407270682,199.362908273,2.19049112893,0.0,2.19049112893
 02/28  24:00:00,299.992142399,0.0,0.0,0.0,24.9203635341,199.362908273,2.19049164421,0.0,2.19049164421
 03/01  01:00:00,287.769943718,0.0,0.0,0.0,24.9203635341,199.362908273,4.36097963691,0.0,4.36097963691
 03/01  02:00:00,287.769943455,0.0,0.0,0.0,24.9203635341,199.362908273,2.19048820063,0.0,2.19048820063
 03/01  03:00:00,287.769943374,0.0,0.0,0.0,24.9203635341,199.362908273,2.19048707123,0.0,2.19048707123
 03/01  04:00:00,287.769943474,0.0,0.0,0.0,24.9203635341,199.362908273,2.19048591521,0.0,2.19048591521
 03/01  05:00:00,299.992141545,0.0,0.0,0.0,24.9203635341,199.362908273,2.1904847392,0.0,2.1904847392
 03/01  06:00:00,349.358384573,0.0,0.0,0.0,49.8407270682,199.362908273,4.36663378239,0.0,4.36663378239
 03/01  07:00:00,756.211585257,30.3148174886,248.181225566,0.0,49.8407270682,199.362908273,652.713801103,648.349403846,4.36439725693
 03/01  08:00:00,855.646660857,30.3148174886,256.683656629,0.0,149.522181205,199.362908273,558.589062131,549.834662188,8.75439994374
 03/01  09:00:00,1400.32906358,30.3148174886,261.450788792,0.0,448.566543614,448.566543614,266.936341678,249.321211175,17.6151305032
 03/01  10:00:00,1412.54933355,30.3148174886,301.237410946,0.0,448.566543614,448.566543614,216.482430406,198.845604423,17.6368259831
 03/01  11:00:00,1376.69649253,30.3148174886,310.251304178,0.0,448.566543614,448.566543614,174.698231624,157.054171578,17.6440600468
 03/01  12:00:00,1380.07827651,30.3148174886,313.675289798,0.0,448.566543614,448.566543614,125.659632137,103.527792672,22.1318394652
 03/01  13:00:00,1332.87860755,30.3148174886,316.303056813,0.0,448.566543614,398.725816546,143.171954064,114.280321058,28.8916330066
 03/01  14:00:00,1385.70900126,30.3148174886,319.318251471,0.0,448.566543614,448.566543614,110.426040977,86.0058681097,24.4201728672
 03/01  15:00:00,1373.11016335,30.3148174886,308.052991775,0.0,448.566543614,448.566543614,116.271864468,98.8808230698,17.3910413982
 03/01  16:00:00,1252.34077779,30.3148174886,190.935494667,0.0,448.566543614,448.566543614,105.504362786,89.8892839839,15.615078802
 03/01  17:00:00,1195.27945441,30.3148174886,84.3388536407,0.0,448.566543614,448.566543614,161.44608867,141.554249662,19.8918390074
 03/01  18:00:00,1023.13178622,30.3148174886,37.8207675622,0.0,348.885089477,398.725816546,254.883012423,241.722631263,13.1603811598
 03/01  19:00:00,786.731959534,30.3148174886,13.9800105057,0.0,249.203635341,299.044362409,343.497062139,334.7353578,8.76170433877
 03/01  20:00:00,727.976805605,30.3148174886,0.0,0.0,249.203635341,299.044362409,466.206691906,457.468085256,8.7386066496
 03/01  21:00:00,578.637445205,30.3148174886,0.0,0.0,149.522181205,249.203635341,674.254763082,665.50851864,8.74624444235
 03/01  22:00:00,554.355696621,30.3148174886,0.0,0.0,149.522181205,249.203635341,819.940343857,817.746984964,2.19335889275
 03/01  23:00:00,349.356900752,0.0,0.0,0.0,49.8407270682,199.362908273,4.36078198377,0.0,4.36078198377
 03/01  24:00:00,299.992141403,0.0,0.0,0.0,24.9203635341,199.362908273,2.19031810218,0.0,2.19031810218
 03/02  01:00:00,287.769942502,0.0,0.0,0.0,24.9203635341,199.362908273,2.19031414293,0.0,2.19031414293
 03/02  02:00:00,287.769942513,0.0,0.0,0.0,24.9203635341,199.362908273,2.19031139819,0.0,2.19031139819
 03/02  03:00:00,308.828822198,1.23220662524,0.190665960834,0.0,24.9203635341,199.362908273,8.6923428869,6.50203427407,2.19030861283
 03/02  04:00:00,322.985296774,2.05367770873,0.460663978372,0.0,24.9203635341,199.362908273,18.0526352439,13.6918490995,4.36078614448
 03/02  05:00:00,328.260666083,1.64294216698,0.473664924091,0.0,24.9203635341,199.362908273,14.7532534007,12.5629533992,2.19030000149
 03/02  06:00:00,384.538765103,2.05367770873,0.48554766065,0.0,49.8407270682,199.362908273,23.9519186983,19.5856095063,4.36630919203
 03/02  07:00:00,692.994728247,30.3148174886,197.716091684,0.0,49.8407270682,199.362908273,1084.07576769,1081.88343547,2.19233222153
 03/02  08:00:00,512.249411131,30.3148174886,0.0,0.0,149.522181205,199.362908273,1932.985836,1924.23194178,8.75389421925
 03/02  09:00:00,1051.59080194,30.3148174886,0.0,0.0,448.566543614,448.566543614,1195.2624809,1177.65016192,17.6123189846
 03/02  10:00:00,1014.79279899,30.3148174886,0.0,0.0,448.566543614,448.566543614,958.231156488,940.593143697,17.6380127916
 03/02  11:00:00,965.591831375,30.3148174886,0.0,0.0,448.566543614,448.566543614,757.002656834,737.154312791,19.848344043
 03/02  12:00:00,965.26098609,30.3148174886,0.0,0.0,448.566543614,448.566543614,622.627548824,600.497588815,22.1299600091
 03/02  13:00:00,915.374530576,30.3148174886,0.0,0.0,448.566543614,398.725816546,643.488963233,616.822998869,26.6659643643
 03/02  14:00:00,965.148828785,30.3148174886,0.0,0.0,448.566543614,448.566543614,627.694052564,603.280211129,24.4138414354
 03/02  15:00:00,964.964664027,30.3148174886,0.0,0.0,448.566543614,448.566543614,533.401799063,515.797772614,17.6040264494
 03/02  16:00:00,964.755600962,30.3148174886,0.0,0.0,448.566543614,448.566543614,428.327658796,412.929336047,15.398322749
 03/02  17:00:00,1013.53492235,30.3148174886,0.0,0.0,448.566543614,448.566543614,383.335619387,363.443601195,19.8920181921
 03/02  18:00:00,900.722630108,30.3148174886,0.0,0.0,348.885089477,398.725816546,443.218578267,430.056114529,13.1624637386
 03/02  19:00:00,735.679132053,30.3148174886,0.0,0.0,249.203635341,299.044362409,580.443660889,569.497105759,10.9465551299
 03/02  20:00:00,728.556788959,30.3148174886,0.0,0.0,249.203635341,299.044362409,770.594600421,764.035100652,6.55949976858
 03/02  21:00:00,579.349301307,30.3148174886,0.0,0.0,149.522181205,249.203635341,960.507219563,951.760827528,8.74639203525
 03/02  22:00:00,555.423758869,30.3148174886,0.0,0.0,149.522181205,249.203635341,1178.20619916,1173.84006904,4.36613012034
 03/02  23:00:00,349.356899676,0.0,0.0,0.0,49.8407270682,199.362908273,2.19028335694,0.0,2.19028335694
 03/02  24:00:00,299.992140382,0.0,0.0,0.0,24.9203635341,199.362908273,2.19028046864,0.0,2.19028046864
 03/03  01:00:00,317.222503131,1.64294216698,2.21680379328,0.0,24.9203635341,199.362908273,8.31635235306,6.1260774731,2.19027487996
 03/03  02:00:00,322.141534351,2.05367770873,2.28788188918,0.0,24.9203635341,199.362908273,12.2090717933,10.0188015939,2.19027019937
 03/03  03:00:00,308.297031411,1.64294216698,0.627882356967,0.0,24.9203635341,199.362908273,16.935103173,12.5741517089,4.36095146417
 03/03  04:00:00,317.868806175,2.05367770873,0.681442282351,0.0,24.9203635341,199.362908273,16.0908319337,13.9005758927,2.19025604099
 03/03  05:00:00,314.734242517,1.64294216698,0.0629755062348,0.0,24.9203635341,199.362908273,19.0553260247,16.8650747848,2.19025123984
 03/03  06:00:00,351.445102669,2.05367770873,0.0,0.0,49.8407270682,199.362908273,24.593849676,20.2282282213,4.36562145469
 03/03  07:00:00,697.649673659,30.3148174886,204.219440989,0.0,49.8407270682,199.362908273,812.112883175,809.92049347,2.19238970476
 03/03  08:00:00,514.202373508,30.3148174886,0.0,0.0,149.522181205,199.362908273,2125.85459207,2114.91780904,10.9367830292
 03/03  09:00:00,1051.73094272,30.3148174886,0.0,0.0,448.566543614,448.566543614,774.687485535,759.273677249,15.4138082857
 03/03  10:00:00,1013.86652342,30.3148174886,0.0,0.0,448.566543614,448.566543614,381.718897674,364.082683136,17.6362145382
 03/03  11:00:00,964.484210616,30.3148174886,0.0,0.0,448.566543614,448.566543614,196.781612613,176.932949778,19.8486628347
 03/03  12:00:00,1103.05562124,30.9478370914,83.6480710434,0.0,448.566543614,448.566543614,123.526660068,101.395045765,22.1316143022
 03/03  13:00:00,1077.98673485,32.629017003,94.2958050722,0.0,448.566543614,398.725816546,129.103827431,102.436005356,26.6678220749
 03/03  14:00:00,1217.47319846,34.4531072771,164.685059562,0.0,448.566543614,448.566543614,105.665528425,81.2537755387,24.4117528865
 03/03  15:00:00,1274.00144924,34.7756026775,215.058849975,0.0,448.566543614,448.566543614,72.5937467335,54.9875819043,17.6061648293
 03/03  16:00:00,1289.8598331,33.7436848523,231.149640333,0.0,448.566543614,448.566543614,44.2344704995,28.8354525073,15.3990179922
 03/03  17:00:00,1354.01560019,31.7155912413,247.937023931,0.0,448.566543614,448.566543614,44.9820263666,25.0920561032,19.8899702634
 03/03  18:00:00,1241.64073968,30.3187860023,249.85661205,0.0,348.885089477,398.725816546,50.9911235672,37.8280735932,13.163049974
 03/03  19:00:00,1045.03086232,30.3148174886,219.41887661,0.0,249.203635341,299.044362409,92.950154865,82.002456035,10.94769883
 03/03  20:00:00,943.580379584,30.3148174886,126.926850142,0.0,249.203635341,299.044362409,129.977392819,123.417630372,6.55976244737
 03/03  21:00:00,733.696587952,30.3148174886,83.692633629,0.0,149.522181205,249.203635341,183.603869717,174.85829558,8.74557413724
 03/03  22:00:00,690.789681928,30.3148174886,71.0064494922,0.0,149.522181205,249.203635341,212.400130099,208.033836807,4.36629329262
 03/03  23:00:00,349.35689868,0.0,0.0,0.0,49.8407270682,199.362908273,2.19036493849,0.0,2.19036493849
 03/03  24:00:00,299.992139402,0.0,0.0,0.0,24.9203635341,199.362908273,2.19036003031,0.0,2.19036003031
 03/04  01:00:00,237.929213541,0.0,0.0,0.0,24.9203635341,149.522181205,2.19035233685,0.0,2.19035233685
 03/04  02:00:00,237.929213733,0.0,0.0,0.0,24.9203635341,149.522181205,2.19034562558,0.0,2.19034562558
 03/04  03:00:00,237.929213822,0.0,0.0,0.0,24.9203635341,149.522181205,4.36067095045,0.0,4.36067095045
 03/04  04:00:00,237.929213655,0.0,0.0,0.0,24.9203635341,149.522181205,2.19032526912,0.0,2.19032526912
 03/04  05:00:00,250.151411294,0.0,0.0,0.0,24.9203635341,149.522181205,2.19031844122,0.0,2.19031844122
 03/04  06:00:00,274.597289938,0.0,0.0,0.0,24.9203635341,149.522181205,4.36593954925,0.0,4.36593954925
 03/04  07:00:00,706.62332468,30.3148174886,200.493634158,0.0,49.8407270682,199.362908273,576.761371908,574.569164751,2.19220715644
 03/04  08:00:00,402.347981713,30.3148174886,0.0,0.0,49.8407270682,199.362908273,604.96589101,598.418165516,6.54772549398
 03/04  09:00:00,825.154537628,30.3148174886,102.953396315,0.0,249.203635341,249.203635341,277.979835381,271.42174286,6.55809252128
 03/04  10:00:00,892.115540951,30.3148174886,188.616452347,0.0,249.203635341,249.203635341,158.068019792,147.120016205,10.9480035865
 03/04  11:00:00,925.97663183,30.6237336444,268.138441042,0.0,249.203635341,249.203635341,117.566421127,108.811611437,8.75480969013
 03/04  12:00:00,964.882659418,32.6768119788,304.386315742,0.0,249.203635341,249.203635341,110.093508085,99.136887661,10.9566204239
 03/04  13:00:00,982.239237668,34.0484779455,319.983697979,0.0,249.203635341,249.203635341,99.5497275988,88.9228340473,10.6268935515
 03/04  14:00:00,988.547316317,35.3012470696,324.748028968,0.0,249.203635341,249.203635341,89.2294010776,80.1625684783,9.0668325993
 03/04  15:00:00,737.983007496,34.3311523381,324.204875375,0.0,74.7610906023,174.442544739,114.449200767,107.889547327,6.5596534406
 03/04  16:00:00,740.955398446,33.0995249749,328.258144808,0.0,74.7610906023,174.442544739,116.693220313,110.139606293,6.5536140203
 03/04  17:00:00,788.627503043,31.3024452868,328.739084159,0.0,74.7610906023,174.442544739,130.4720146,123.915482596,6.55653200352
 03/04  18:00:00,733.705313431,30.3148174886,313.443397595,0.0,24.9203635341,149.522181205,191.127499792,186.763183719,4.36431607266
 03/04  19:00:00,330.842648346,0.0,0.0,0.0,24.9203635341,149.522181205,2.19237894744,0.0,2.19237894744
 03/04  20:00:00,323.485586638,0.0,0.0,0.0,24.9203635341,149.522181205,4.36423755363,0.0,4.36423755363
 03/04  21:00:00,323.485586614,0.0,0.0,0.0,24.9203635341,149.522181205,4.36434593313,0.0,4.36434593313
 03/04  22:00:00,299.042179395,0.0,0.0,0.0,24.9203635341,149.522181205,4.36776203053,0.0,4.36776203053
 03/04  23:00:00,274.595807052,0.0,0.0,0.0,24.9203635341,149.522181205,2.19029318456,0.0,2.19029318456
 03/04  24:00:00,250.151411279,0.0,0.0,0.0,24.9203635341,149.522181205,2.19028631247,0.0,2.19028631247
 03/05  01:00:00,237.928718605,0.0,0.0,0.0,24.9203635341,149.522181205,2.18947590357,0.0,2.18947590357
 03/05  02:00:00,237.928718584,0.0,0.0,0.0,24.9203635341,149.522181205,2.18943973653,0.0,2.18943973653
 03/05  03:00:00,237.928718576,0.0,0.0,0.0,24.9203635341,149.522181205,2.18940350085,0.0,2.18940350085
 03/05  04:00:00,237.928718577,0.0,0.0,0.0,24.9203635341,149.522181205,2.18936721903,0.0,2.18936721903
 03/05  05:00:00,250.150916389,0.0,0.0,0.0,24.9203635341,149.522181205,2.18933090849,0.0,2.18933090849
 03/05  06:00:00,274.596794062,0.0,0.0,0.0,24.9203635341,149.522181205,4.36420939861,0.0,4.36420939861
 03/05  07:00:00,323.484103308,0.0,0.0,0.0,24.9203635341,149.522181205,0.02,0.0,0.02
 03/05  08:00:00,296.666498868,0.0,0.0,0.0,24.9203635341,149.522181205,2.1894917986,0.0,2.1894917986
 03/05  09:00:00,296.666498828,0.0,0.0,0.0,24.9203635341,149.522181205,2.18945533114,0.0,2.18945533114
 03/05  10:00:00,259.999905399,0.0,0.0,0.0,24.9203635341,149.522181205,2.18941886061,0.0,2.18941886061
 03/05  11:00:00,211.111114165,0.0,0.0,0.0,24.9203635341,149.522181205,2.18938239462,0.0,2.18938239462
 03/05  12:00:00,388.296904254,10.8904856038,128.114149034,0.0,24.9203635341,149.522181205,4.36268120901,0.0,4.36268120901
 03/05  13:00:00,543.008396416,19.3144617178,225.482775975,0.0,24.9203635341,149.522181205,2.19138638377,0.0,2.19138638377
 03/05  14:00:00,602.483067082,23.9830197334,277.494041006,0.0,24.9203635341,149.522181205,4.36856827709,0.0,4.36856827709
 03/05  15:00:00,555.753629804,19.5304649583,237.861958949,0.0,24.9203635341,149.522181205,4.3627931766,0.0,4.3627931766
 03/05  16:00:00,610.837408784,23.2087618413,286.900586813,0.0,24.9203635341,149.522181205,2.18950644597,0.0,2.18950644597
 03/05  17:00:00,480.566190599,12.1332484571,163.139451837,0.0,24.9203635341,149.522181205,2.18947049215,0.0,2.18947049215
 03/05  18:00:00,296.666498766,0.0,0.0,0.0,24.9203635341,149.522181205,2.18943293906,0.0,2.18943293906
 03/05  19:00:00,330.841165428,0.0,0.0,0.0,24.9203635341,149.522181205,2.18939640971,0.0,2.18939640971
 03/05  20:00:00,323.484103162,0.0,0.0,0.0,24.9203635341,149.522181205,2.18935991304,0.0,2.18935991304
 03/05  21:00:00,323.484103168,0.0,0.0,0.0,24.9203635341,149.522181205,2.18932343811,0.0,2.18932343811
 03/05  22:00:00,299.041189305,0.0,0.0,0.0,24.9203635341,149.522181205,2.1921647415,0.0,2.1921647415
 03/05  23:00:00,274.595311984,0.0,0.0,0.0,24.9203635341,149.522181205,2.18923476351,0.0,2.18923476351
 03/05  24:00:00,250.150916378,0.0,0.0,0.0,24.9203635341,149.522181205,2.18948565575,0.0,2.18948565575
 03/06  01:00:00,287.769938515,0.0,0.0,0.0,24.9203635341,199.362908273,2.19018309081,0.0,2.19018309081
 03/06  02:00:00,287.769938754,0.0,0.0,0.0,24.9203635341,199.362908273,4.36033367917,0.0,4.36033367917
 03/06  03:00:00,287.769938729,0.0,0.0,0.0,24.9203635341,199.362908273,2.19015050979,0.0,2.19015050979
 03/06  04:00:00,287.769938494,0.0,0.0,0.0,24.9203635341,199.362908273,2.19013959015,0.0,2.19013959015
 03/06  05:00:00,299.992136235,0.0,0.0,0.0,24.9203635341,199.362908273,2.19012865607,0.0,2.19012865607
 03/06  06:00:00,349.358376917,0.0,0.0,0.0,49.8407270682,199.362908273,4.36623418556,0.0,4.36623418556
 03/06  07:00:00,762.088292811,30.3148174886,241.142761717,0.0,49.8407270682,199.362908273,454.02736795,449.66300473,4.36436322018
 03/06  08:00:00,501.844175346,30.3148174886,0.0,0.0,149.522181205,199.362908273,497.663979412,488.910561139,8.75341827269
 03/06  09:00:00,1049.90499202,30.3148174886,0.0,0.0,448.566543614,448.566543614,272.631106965,257.219768234,15.4113387308
 03/06  10:00:00,1151.5306958,30.3148174886,75.3323604789,0.0,448.566543614,448.566543614,173.711379407,156.076562797,17.6348166107
 03/06  11:00:00,1059.89738344,30.3148174886,39.2361571825,0.0,448.566543614,448.566543614,107.119511915,87.2728871221,19.8466247933
 03/06  12:00:00,1103.74917112,31.2111525307,75.017554181,0.0,448.566543614,448.566543614,100.646474817,78.5163857598,22.1300890573
 03/06  13:00:00,1099.60661627,32.2081051442,111.172176406,0.0,448.566543614,398.725816546,119.128371731,92.4641514785,26.6642202527
 03/06  14:00:00,1210.69128262,33.1767715281,159.790668624,0.0,448.566543614,448.566543614,83.2352819313,58.8240350125,24.4112469188
 03/06  15:00:00,1225.75030127,31.5105896989,171.522934308,0.0,448.566543614,448.566543614,63.1842843788,45.5798616892,17.6044226896
 03/06  16:00:00,1226.85387376,31.1581921824,172.664508521,0.0,448.566543614,448.566543614,40.7843495456,25.38633743,15.3980121156
 03/06  17:00:00,1262.14082358,30.6017549223,162.43938878,0.0,448.566543614,448.566543614,47.8714684806,27.9826365844,19.8888318962
 03/06  18:00:00,1116.49998038,30.3148174886,137.744630611,0.0,348.885089477,398.725816546,59.7333359485,46.5732510913,13.1600848572
 03/06  19:00:00,893.340024371,30.3148174886,91.4661460268,0.0,249.203635341,299.044362409,121.264525472,112.503122188,8.7614032847
 03/06  20:00:00,817.827826536,30.3148174886,34.7786408366,0.0,249.203635341,299.044362409,193.019270909,184.280996877,8.73827403257
 03/06  21:00:00,589.18232079,30.3148174886,2.137546548,0.0,149.522181205,249.203635341,296.809014733,288.06332754,8.74568719269
 03/06  22:00:00,554.032007227,30.3148174886,0.0,0.0,149.522181205,249.203635341,481.933594515,479.740348714,2.19324580118
 03/06  23:00:00,349.356895767,0.0,0.0,0.0,49.8407270682,199.362908273,4.36063329775,0.0,4.36063329775
 03/06  24:00:00,299.992136506,0.0,0.0,0.0,24.9203635341,199.362908273,2.19019408986,0.0,2.19019408986
 03/07  01:00:00,287.76993735,0.0,0.0,0.0,24.9203635341,199.362908273,2.19017948985,0.0,2.19017948985
 03/07  02:00:00,287.769937311,0.0,0.0,0.0,24.9203635341,199.362908273,2.19016639278,0.0,2.19016639278
 03/07  03:00:00,287.769937431,0.0,0.0,0.0,24.9203635341,199.362908273,2.19015325459,0.0,2.19015325459
 03/07  04:00:00,300.421615951,0.821471083491,0.0631207691134,0.0,24.9203635341,199.362908273,8.37843690271,4.01816994115,4.36026696156
 03/07  05:00:00,328.044099968,1.64294216698,0.251067999097,0.0,24.9203635341,199.362908273,11.5862869686,9.39617335083,2.19011361781
 03/07  06:00:00,384.39819589,2.05367770873,0.335285534771,0.0,49.8407270682,199.362908273,20.4188718862,16.0530064854,4.36586540084
 03/07  07:00:00,694.292033352,30.3148174886,198.754805546,0.0,49.8407270682,199.362908273,857.564845047,855.372745037,2.19210000964
 03/07  08:00:00,503.039973469,30.3148174886,0.0,0.0,149.522181205,199.362908273,1548.9418338,1540.18928587,8.75254792702
 03/07  09:00:00,1050.36603492,30.3148174886,0.0,0.0,448.566543614,448.566543614,562.323158514,544.713220743,17.6099377711
 03/07  10:00:00,1109.57819879,30.3148174886,62.7061014116,0.0,448.566543614,448.566543614,189.191393619,171.558389523,17.6330040955
 03/07  11:00:00,1070.20797577,30.3148174886,48.5616653473,0.0,448.566543614,448.566543614,121.697034599,104.055250719,17.6417838796
 03/07  12:00:00,1119.44804231,30.3148174886,90.0109617072,0.0,448.566543614,448.566543614,103.767941462,81.6411415709,22.1267998907
 03/07  13:00:00,1139.13847755,31.1739758808,146.681867065,0.0,448.566543614,398.725816546,115.454223464,88.7791327362,26.6750907282
 03/07  14:00:00,1254.91104172,32.3837095607,199.156415336,0.0,448.566543614,448.566543614,85.9463424187,59.3121385072,26.6342039115
 03/07  15:00:00,1267.1585775,31.5010732435,210.530701851,0.0,448.566543614,448.566543614,58.5661457874,43.1624683923,15.4036773951
 03/07  16:00:00,1259.10700513,30.3917388243,203.438231993,0.0,448.566543614,448.566543614,51.3621507155,35.9649065982,15.3972441173
 03/07  17:00:00,1291.79945962,30.3148174886,187.393170755,0.0,448.566543614,448.566543614,61.6769647369,39.5796499203,22.0973148166
 03/07  18:00:00,1151.23572032,30.3148174886,164.253668436,0.0,348.885089477,398.725816546,61.5735472202,50.6032810221,10.9702661982
 03/07  19:00:00,928.262922435,30.3148174886,119.03201941,0.0,249.203635341,299.044362409,135.003212747,124.05703665,10.9461760973
 03/07  20:00:00,864.808496751,30.3148174886,73.5745143942,0.0,249.203635341,299.044362409,166.072994956,159.514481853,6.55851310249
 03/07  21:00:00,709.549729999,30.3148174886,68.8210987577,0.0,149.522181205,249.203635341,224.093662058,215.34726942,8.74639263784
 03/07  22:00:00,675.148314052,30.3148174886,60.7264817848,0.0,149.522181205,249.203635341,244.422661089,240.056469708,4.36619138055
 03/07  23:00:00,349.356894164,0.0,0.0,0.0,49.8407270682,199.362908273,2.1902354837,0.0,2.1902354837
 03/07  24:00:00,299.992135062,0.0,0.0,0.0,24.9203635341,199.362908273,2.1902220989,0.0,2.1902220989
 03/08  01:00:00,287.769936239,0.0,0.0,0.0,24.9203635341,199.362908273,2.19020589567,0.0,2.19020589567
 03/08  02:00:00,287.769936452,0.0,0.0,0.0,24.9203635341,199.362908273,4.36036541845,0.0,4.36036541845
 03/08  03:00:00,287.769936414,0.0,0.0,0.0,24.9203635341,199.362908273,2.19015944482,0.0,2.19015944482
 03/08  04:00:00,287.769936198,0.0,0.0,0.0,24.9203635341,199.362908273,2.19014390394,0.0,2.19014390394
 03/08  05:00:00,321.447731944,1.23220662524,0.53922761373,0.0,24.9203635341,199.362908273,8.24730257207,6.05717422129,2.19012835078
 03/08  06:00:00,377.864797222,1.64294216698,0.706618686463,0.0,49.8407270682,199.362908273,14.7269702869,10.3604097851,4.36656050175
 03/08  07:00:00,698.877154845,30.3148174886,201.594228054,0.0,49.8407270682,199.362908273,764.48285511,760.118537499,4.36431761167
 03/08  08:00:00,502.792213923,30.3148174886,0.0,0.0,149.522181205,199.362908273,1283.96464734,1275.21151322,8.75313412168
 03/08  09:00:00,1050.29564077,30.3148174886,0.0,0.0,448.566543614,448.566543614,514.824585283,499.412244051,15.4123412321
 03/08  10:00:00,1112.89592758,30.3148174886,63.9433470433,0.0,448.566543614,448.566543614,171.798472638,154.163327073,17.6351455655
 03/08  11:00:00,1144.79914817,30.5009344266,106.109887166,0.0,448.566543614,448.566543614,94.4382726837,74.5925540649,19.8457186189
 03/08  12:00:00,1272.29481889,32.7870279462,214.004187358,0.0,448.566543614,448.566543614,72.4558458921,50.3295199999,22.1263258922
 03/08  13:00:00,1243.43536207,34.5048216369,232.766157987,0.0,448.566543614,398.725816546,80.9147710264,54.2552687706,26.6595022558
 03/08  14:00:00,1300.55473978,35.4307022699,238.915395807,0.0,448.566543614,448.566543614,58.1809835958,33.7676836252,24.4132999706
 03/08  15:00:00,1305.76501296,35.0642560402,244.052048756,0.0,448.566543614,448.566543614,28.3027536288,12.8977599737,15.4049936551
 03/08  16:00:00,1303.85152887,33.5619271562,243.584770189,0.0,448.566543614,448.566543614,24.7917230178,7.1954597341,17.5962632837
 03/08  17:00:00,1342.04586601,31.5171345955,235.048568449,0.0,448.566543614,448.566543614,29.9571820063,10.0681437043,19.889038302
 03/08  18:00:00,1223.84880513,30.3395127374,231.07779019,0.0,348.885089477,398.725816546,34.7327968269,21.5759104754,13.1568863515
 03/08  19:00:00,1050.33971558,30.3148174886,223.497177906,0.0,249.203635341,299.044362409,77.9271043565,69.1658274953,8.76127686125
 03/08  20:00:00,960.51275528,30.3148174886,150.126545553,0.0,249.203635341,299.044362409,119.567703488,113.008694234,6.55900925475
 03/08  21:00:00,771.645650125,30.3148174886,119.722479695,0.0,149.522181205,249.203635341,160.105300299,151.35920636,8.74609393873
 03/08  22:00:00,763.587767647,30.3148174886,132.47339427,0.0,149.522181205,249.203635341,172.801415917,168.435334975,4.36608094199
 03/08  23:00:00,349.356892972,0.0,0.0,0.0,49.8407270682,199.362908273,2.19036986551,0.0,2.19036986551
 03/08  24:00:00,299.992134093,0.0,0.0,0.0,24.9203635341,199.362908273,2.19035400604,0.0,2.19035400604
 03/09  01:00:00,287.769935152,0.0,0.0,0.0,24.9203635341,199.362908273,4.3606533375,0.0,4.3606533375
 03/09  02:00:00,287.769935004,0.0,0.0,0.0,24.9203635341,199.362908273,2.19029966511,0.0,2.19029966511
 03/09  03:00:00,287.769934874,0.0,0.0,0.0,24.9203635341,199.362908273,2.19028161209,0.0,2.19028161209
 03/09  04:00:00,287.769934901,0.0,0.0,0.0,24.9203635341,199.362908273,2.19026353712,0.0,2.19026353712
 03/09  05:00:00,299.992132877,0.0,0.0,0.0,24.9203635341,199.362908273,2.19024544942,0.0,2.19024544942
 03/09  06:00:00,349.358371137,0.0,0.0,0.0,49.8407270682,199.362908273,4.36604148024,0.0,4.36604148024
 03/09  07:00:00,705.721556328,30.3148174886,203.696074871,0.0,49.8407270682,199.362908273,549.128379968,544.764102124,4.36427784421
 03/09  08:00:00,502.17769456,30.3148174886,0.0,0.0,149.522181205,199.362908273,764.672140226,755.919748912,8.75239131391
 03/09  09:00:00,1146.67036717,30.3148174886,62.4305345948,0.0,448.566543614,448.566543614,269.402605658,253.98929271,15.4133129477
 03/09  10:00:00,1144.86443742,30.3148174886,69.4302819859,0.0,448.566543614,448.566543614,114.272985814,94.4372325916,19.8357532223
 03/09  11:00:00,1173.82057289,30.7071139485,132.180704326,0.0,448.566543614,448.566543614,81.5664329991,63.923724113,17.6427088861
 03/09  12:00:00,1265.13402342,33.0294835691,206.822082879,0.0,448.566543614,448.566543614,68.6575074806,46.53386148,22.1236460006
 03/09  13:00:00,1234.95401153,34.7581955561,223.990630773,0.0,448.566543614,398.725816546,70.62781264,43.965109856,26.662702784
 03/09  14:00:00,1296.60981849,36.2285575586,233.871058746,0.0,448.566543614,448.566543614,53.8413669992,29.4323856654,24.4089813337
 03/09  15:00:00,1300.19848047,36.1254707123,237.094804959,0.0,448.566543614,448.566543614,25.3966626507,7.79453490865,17.602127742
 03/09  16:00:00,1302.78345636,34.654843188,240.728672251,0.0,448.566543614,448.566543614,17.4944788253,2.09601811149,15.3984607138
 03/09  17:00:00,1356.25454275,32.8073749917,246.659580053,0.0,448.566543614,448.566543614,23.2033928453,3.31550596049,19.8878868848
 03/09  18:00:00,1244.42329349,30.8909203,249.623571203,0.0,348.885089477,398.725816546,27.1579463859,13.9999006341,13.1580457518
 03/09  19:00:00,1062.60685751,30.3148174886,243.164914405,0.0,249.203635341,299.044362409,46.186643155,37.424864308,8.76177884703
 03/09  20:00:00,1028.5567897,30.3148174886,209.489329606,0.0,249.203635341,299.044362409,93.3020644057,84.5642615587,8.73780284705
 03/09  21:00:00,764.616222163,30.3148174886,116.056913658,0.0,149.522181205,249.203635341,153.566487606,147.001847001,6.56464060449
 03/09  22:00:00,690.951689548,30.3148174886,75.922253793,0.0,149.522181205,249.203635341,182.034084462,177.668181252,4.36590320987
 03/09  23:00:00,349.356891921,0.0,0.0,0.0,49.8407270682,199.362908273,2.19037723789,0.0,2.19037723789
 03/09  24:00:00,299.99213298,0.0,0.0,0.0,24.9203635341,199.362908273,4.36034911202,0.0,4.36034911202
 03/10  01:00:00,287.769933897,0.0,0.0,0.0,24.9203635341,199.362908273,2.19014303689,0.0,2.19014303689
 03/10  02:00:00,287.769933705,0.0,0.0,0.0,24.9203635341,199.362908273,2.19012268765,0.0,2.19012268765
 03/10  03:00:00,287.769933667,0.0,0.0,0.0,24.9203635341,199.362908273,2.19010230253,0.0,2.19010230253
 03/10  04:00:00,287.76993376,0.0,0.0,0.0,24.9203635341,199.362908273,2.19043027948,0.0,2.19043027948
 03/10  05:00:00,299.992131769,0.0,0.0,0.0,24.9203635341,199.362908273,2.19040955315,0.0,2.19040955315
 03/10  06:00:00,349.358368951,0.0,0.0,0.0,49.8407270682,199.362908273,4.36635341528,0.0,4.36635341528
 03/10  07:00:00,727.050012635,30.464391027,206.808810859,0.0,49.8407270682,199.362908273,365.716680095,361.352286915,4.36439317979
 03/10  08:00:00,778.905727052,30.3148174886,187.057426977,0.0,149.522181205,199.362908273,308.883111551,300.130209738,8.75290181349
 03/10  09:00:00,1312.20656613,30.3148174886,171.904968226,0.0,448.566543614,448.566543614,167.93164387,150.321335304,17.6103085657
 03/10  10:00:00,1315.05195236,30.3148174886,210.452848651,0.0,448.566543614,448.566543614,106.005449925,88.3734109766,17.6320389481
 03/10  11:00:00,1296.77406651,30.3167890955,239.893226027,0.0,448.566543614,448.566543614,56.4217144072,38.7812159129,17.6404984944
 03/10  12:00:00,1322.1391647,31.4598952119,263.418483183,0.0,448.566543614,448.566543614,51.6831964284,29.5580075948,22.1251888337
 03/10  13:00:00,1281.97799944,33.0978220274,271.275500902,0.0,448.566543614,398.725816546,63.2044819489,36.5423409116,26.6621410373
 03/10  14:00:00,1345.54229609,34.7525360373,282.716221709,0.0,448.566543614,448.566543614,34.9227876039,10.5146321817,24.4081554222
 03/10  15:00:00,1372.39819878,35.1639777848,308.414314222,0.0,448.566543614,448.566543614,19.3109378104,1.70862670213,17.6023111082
 03/10  16:00:00,1381.66059668,34.0253934144,318.491076289,0.0,448.566543614,448.566543614,16.3093189891,0.913660588345,15.3956584008
 03/10  17:00:00,1432.38263142,32.2223484899,321.782153918,0.0,448.566543614,448.566543614,20.7904515208,0.901209735787,19.889241785
 03/10  18:00:00,1317.8945115,30.8027919814,321.65428621,0.0,348.885089477,398.725816546,22.1929446262,9.03564536916,13.1572992571
 03/10  19:00:00,1132.31417182,30.3148174886,310.932745776,0.0,249.203635341,299.044362409,37.3225195749,28.5610093339,8.76151024109
 03/10  20:00:00,1124.22460745,30.3148174886,302.376392422,0.0,249.203635341,299.044362409,59.0759565565,50.3376789326,8.73827762393
 03/10  21:00:00,964.211623617,30.3148174886,292.504091301,0.0,149.522181205,249.203635341,87.6678647112,81.1036633951,6.56420131615
 03/10  22:00:00,925.101344515,30.3148174886,278.704572554,0.0,149.522181205,249.203635341,110.711854649,106.345689163,4.3661654858
 03/10  23:00:00,349.356890579,0.0,0.0,0.0,49.8407270682,199.362908273,2.19041355691,0.0,2.19041355691
 03/10  24:00:00,299.992131692,0.0,0.0,0.0,24.9203635341,199.362908273,2.19039189379,0.0,2.19039189379
 03/11  01:00:00,237.929205535,0.0,0.0,0.0,24.9203635341,149.522181205,4.36071375805,0.0,4.36071375805
 03/11  02:00:00,237.929205348,0.0,0.0,0.0,24.9203635341,149.522181205,2.19032222775,0.0,2.19032222775
 03/11  03:00:00,237.929205237,0.0,0.0,0.0,24.9203635341,149.522181205,2.19029907494,0.0,2.19029907494
 03/11  04:00:00,237.929205277,0.0,0.0,0.0,24.9203635341,149.522181205,2.19027590066,0.0,2.19027590066
 03/11  05:00:00,250.15140326,0.0,0.0,0.0,24.9203635341,149.522181205,2.19025271498,0.0,2.19025271498
 03/11  06:00:00,274.597276426,0.0,0.0,0.0,24.9203635341,149.522181205,4.36602233537,0.0,4.36602233537
 03/11  07:00:00,770.952596809,30.531831866,255.84071592,0.0,49.8407270682,199.362908273,283.847931084,279.483688023,4.36424306124
 03/11  08:00:00,689.500837144,30.3148174886,197.122820871,0.0,49.8407270682,199.362908273,256.227053426,251.855299468,4.37175395806
 03/11  09:00:00,927.163553485,30.3148174886,185.363646901,0.0,249.203635341,249.203635341,133.64486146,124.906398829,8.73846263094
 03/11  10:00:00,943.141828657,30.3148174886,237.0192801,0.0,249.203635341,249.203635341,79.8264658866,71.0657695351,8.76069635149
 03/11  11:00:00,915.11806685,30.5370879756,256.521526247,0.0,249.203635341,249.203635341,58.174036843,49.4208705972,8.75316624584
 03/11  12:00:00,940.954103846,31.8516560758,280.068760915,0.0,249.203635341,249.203635341,46.3338912857,35.3789052505,10.9549860352
 03/11  13:00:00,969.379570338,32.3029849968,307.302715327,0.0,249.203635341,249.203635341,41.0645296641,30.1236773478,10.9408523163
 03/11  14:00:00,995.490318966,33.5404288101,331.631964026,0.0,249.203635341,249.203635341,25.5442342698,16.7911435993,8.75309067048
 03/11  15:00:00,766.360280464,32.733919612,352.283270896,0.0,74.7610906023,174.442544739,21.1217918224,14.5633931612,6.55839866127
 03/11  16:00:00,779.81298394,31.1946614549,367.406721282,0.0,74.7610906023,174.442544739,22.6410849854,16.0877563792,6.55332860611
 03/11  17:00:00,827.763731868,30.4134597481,367.642679163,0.0,74.7610906023,174.442544739,30.9163511813,24.3602944037,6.55605677762
 03/11  18:00:00,774.539268835,30.3148174886,353.135719909,0.0,24.9203635341,149.522181205,50.5311381136,46.1670871868,4.36405092676
 03/11  19:00:00,322.298970178,0.0,0.0,0.0,24.9203635341,149.522181205,2.19221806662,0.0,2.19221806662
 03/11  20:00:00,323.485575406,0.0,0.0,0.0,24.9203635341,149.522181205,4.36387321158,0.0,4.36387321158
 03/11  21:00:00,323.485574944,0.0,0.0,0.0,24.9203635341,149.522181205,2.19212944452,0.0,2.19212944452
 03/11  22:00:00,299.042164917,0.0,0.0,0.0,24.9203635341,149.522181205,4.36836350055,0.0,4.36836350055
 03/11  23:00:00,274.59579905,0.0,0.0,0.0,24.9203635341,149.522181205,4.36079507802,0.0,4.36079507802
 03/11  24:00:00,250.151403185,0.0,0.0,0.0,24.9203635341,149.522181205,2.19036247251,0.0,2.19036247251
 03/12  01:00:00,237.928711813,0.0,0.0,0.0,24.9203635341,149.522181205,2.1891960672,0.0,2.1891960672
 03/12  02:00:00,237.928711788,0.0,0.0,0.0,24.9203635341,149.522181205,2.18942852915,0.0,2.18942852915
 03/12  03:00:00,237.928711767,0.0,0.0,0.0,24.9203635341,149.522181205,2.1893760992,0.0,2.1893760992
 03/12  04:00:00,250.150909569,0.0,0.0,0.0,24.9203635341,149.522181205,2.18932360704,0.0,2.18932360704
 03/12  05:00:00,274.596781888,0.0,0.0,0.0,24.9203635341,149.522181205,2.19193040546,0.0,2.19193040546
 03/12  06:00:00,323.484096443,0.0,0.0,0.0,24.9203635341,149.522181205,2.18920205322,0.0,2.18920205322
 03/12  07:00:00,339.384825369,0.0,0.0,0.0,24.9203635341,149.522181205,2.18943409228,0.0,2.18943409228
 03/12  08:00:00,296.666492013,0.0,0.0,0.0,24.9203635341,149.522181205,2.18938141149,0.0,2.18938141149
 03/12  09:00:00,259.999898606,0.0,0.0,0.0,24.9203635341,149.522181205,2.1893287244,0.0,2.1893287244
 03/12  10:00:00,211.111107414,0.0,0.0,0.0,24.9203635341,149.522181205,2.18927604147,0.0,2.18927604147
 03/12  11:00:00,211.112092266,0.0,0.0,0.0,24.9203635341,149.522181205,4.36237617008,0.0,4.36237617008
 03/12  12:00:00,211.112092033,0.0,0.0,0.0,24.9203635341,149.522181205,2.19100178755,0.0,2.19100178755
 03/12  13:00:00,211.113568852,0.0,0.0,0.0,24.9203635341,149.522181205,4.36787274006,0.0,4.36787274006
 03/12  14:00:00,211.112092084,0.0,0.0,0.0,24.9203635341,149.522181205,2.19134055367,0.0,2.19134055367
 03/12  15:00:00,211.111107406,0.0,0.0,0.0,24.9203635341,149.522181205,2.18931471577,0.0,2.18931471577
 03/12  16:00:00,259.999898629,0.0,0.0,0.0,24.9203635341,149.522181205,2.18926200185,0.0,2.18926200185
 03/12  17:00:00,296.666492065,0.0,0.0,0.0,24.9203635341,149.522181205,2.18920930964,0.0,2.18920930964
 03/12  18:00:00,296.666492059,0.0,0.0,0.0,24.9203635341,149.522181205,2.18944118977,0.0,2.18944118977
 03/12  19:00:00,297.853096424,0.0,0.0,0.0,24.9203635341,149.522181205,2.18938842569,0.0,2.18938842569
 03/12  20:00:00,323.484096418,0.0,0.0,0.0,24.9203635341,149.522181205,2.18933567298,0.0,2.18933567298
 03/12  21:00:00,299.041178172,0.0,0.0,0.0,24.9203635341,149.522181205,4.3636089048,0.0,4.3636089048
 03/12  22:00:00,274.595305222,0.0,0.0,0.0,24.9203635341,149.522181205,2.18944300829,0.0,2.18944300829
 03/12  23:00:00,294.521732435,1.23220662524,5.30895815956,0.0,24.9203635341,149.522181205,8.58098371573,6.39159350473,2.189390211
 03/12  24:00:00,283.637023441,1.64294216698,5.10809830978,0.0,24.9203635341,149.522181205,12.2525679149,10.0631582908,2.18940962413
 03/13  01:00:00,328.718273232,2.05367770873,6.09956870801,0.0,24.9203635341,199.362908273,15.3949982477,13.2046319641,2.19036628354
 03/13  02:00:00,319.628934366,1.64294216698,4.01600846952,0.0,24.9203635341,199.362908273,14.684786831,12.4946816083,2.19010522274
 03/13  03:00:00,327.678228024,2.05367770873,5.10081846851,0.0,24.9203635341,199.362908273,17.7250693152,15.5349924802,2.19007683503
 03/13  04:00:00,331.083232321,1.64294216698,3.27950539395,0.0,24.9203635341,199.362908273,16.4969016048,14.306504989,2.19039661584
 03/13  05:00:00,388.441189836,2.05367770873,4.30894515336,0.0,49.8407270682,199.362908273,21.9632762757,17.5968658435,4.36641043219
 03/13  06:00:00,714.173975065,30.3148174886,205.057556744,0.0,49.8407270682,199.362908273,857.732360856,853.368071633,4.36428922277
 03/13  07:00:00,544.72618742,30.3148174886,0.0,0.0,149.522181205,199.362908273,693.827406745,685.075045083,8.75236166208
 03/13  08:00:00,1050.08644502,30.3148174886,0.0,0.0,448.566543614,448.566543614,487.158051425,471.748660236,15.4093911897
 03/13  09:00:00,1013.39901658,30.3148174886,0.0,0.0,448.566543614,448.566543614,463.799708517,443.966523817,19.8331847007
 03/13  10:00:00,1011.19270801,30.3148174886,34.0992514539,0.0,448.566543614,448.566543614,384.949016753,367.30960566,17.6394110933
 03/13  11:00:00,1060.55543372,30.3148174886,38.3880744401,0.0,448.566543614,448.566543614,329.837875622,307.7134069,22.1244687222
 03/13  12:00:00,980.130752957,30.3148174886,13.3939810786,0.0,448.566543614,398.725816546,342.492072936,315.838418936,26.6536540001
 03/13  13:00:00,1035.30775748,30.3148174886,18.7000406974,0.0,448.566543614,448.566543614,277.204943851,252.795231795,24.4097120553
 03/13  14:00:00,1038.17052913,30.3148174886,20.8171511026,0.0,448.566543614,448.566543614,250.075234179,234.672267523,15.4029666561
 03/13  15:00:00,1039.18429021,30.3148174886,21.684830879,0.0,448.566543614,448.566543614,239.374798326,223.978713687,15.3960846397
 03/13  16:00:00,1093.01549197,30.3148174886,25.7979185507,0.0,448.566543614,448.566543614,235.925787384,213.832398352,22.0933890323
 03/13  17:00:00,985.721948202,30.3148174886,30.13794091,0.0,348.885089477,398.725816546,264.932705937,253.962650029,10.9700559085
 03/13  18:00:00,779.340272749,30.3148174886,24.1107809369,0.0,249.203635341,299.044362409,349.519994599,338.574513875,10.9454807232
 03/13  19:00:00,735.395379566,30.3148174886,7.0190263905,0.0,249.203635341,299.044362409,398.445969557,391.886765373,6.55920418481
 03/13  20:00:00,578.561399532,30.3148174886,0.0,0.0,149.522181205,249.203635341,586.703593015,577.959057725,8.74453529057
 03/13  21:00:00,554.278376524,30.3148174886,0.0,0.0,149.522181205,249.203635341,752.097852928,747.732058317,4.36579461106
 03/13  22:00:00,349.356886905,0.0,0.0,0.0,49.8407270682,199.362908273,2.19012212731,0.0,2.19012212731
 03/13  23:00:00,299.992127603,0.0,0.0,0.0,24.9203635341,199.362908273,2.19009357467,0.0,2.19009357467
 03/13  24:00:00,287.769929743,0.0,0.0,0.0,24.9203635341,199.362908273,2.18987848875,0.0,2.18987848875
 03/14  01:00:00,308.734235263,1.23220662524,0.116162071789,0.0,24.9203635341,199.362908273,9.82481104118,7.63443167412,2.19037936706
 03/14  02:00:00,315.70628727,1.64294216698,0.175513109559,0.0,24.9203635341,199.362908273,16.0972453364,13.9068953959,2.19034994048
 03/14  03:00:00,320.104833354,2.05367770873,0.251319402359,0.0,24.9203635341,199.362908273,24.6196596119,20.2590572116,4.36060240022
 03/14  04:00:00,318.664575927,1.64294216698,0.0739016419693,0.0,24.9203635341,199.362908273,29.0155389962,26.8251448311,2.1903941651
 03/14  05:00:00,364.478500668,2.05367770873,0.0251008454277,0.0,49.8407270682,199.362908273,36.4297528931,32.0636151071,4.36613778601
 03/14  06:00:00,691.13248877,30.3148174886,197.271525376,0.0,49.8407270682,199.362908273,1067.23727699,1065.04511522,2.19216177211
 03/14  07:00:00,548.48392772,30.3148174886,0.0,0.0,149.522181205,199.362908273,2631.68097392,2622.92888279,8.75209113402
 03/14  08:00:00,1053.12977958,30.3148174886,0.0,0.0,448.566543614,448.566543614,1131.42871289,1113.82209208,17.6066208121
 03/14  09:00:00,1014.61076441,30.3148174886,0.0,0.0,448.566543614,448.566543614,545.507936026,527.875570022,17.6323660035
 03/14  10:00:00,964.727372607,30.3148174886,0.0,0.0,448.566543614,448.566543614,266.671559801,249.033590672,17.6379691297
 03/14  11:00:00,1038.33275184,30.3148174886,49.9919401118,0.0,448.566543614,448.566543614,132.63384255,110.511975603,22.1218669468
 03/14  12:00:00,1011.67196387,30.3192520466,40.0573641358,0.0,448.566543614,398.725816546,119.186000895,92.5281007011,26.6579001936
 03/14  13:00:00,1101.94902889,31.6604458282,74.0430504393,0.0,448.566543614,448.566543614,92.1054570141,67.6991344087,24.4063226054
 03/14  14:00:00,1167.76185675,32.8412067233,128.260608396,0.0,448.566543614,448.566543614,70.9587274319,55.5556708435,15.4030565884
 03/14  15:00:00,1185.02378385,32.753971321,143.265490408,0.0,448.566543614,448.566543614,51.5030495511,34.8963732581,16.606676293
 03/14  16:00:00,1240.1885472,31.5194604318,147.712295839,0.0,448.566543614,448.566543614,42.8142178529,21.9393456388,20.8748722142
 03/14  17:00:00,1130.46215113,30.3249266085,149.809324273,0.0,348.885089477,398.725816546,42.9233498944,31.9561179279,10.9672319665
 03/14  18:00:00,901.73190396,30.3148174886,126.297233674,0.0,249.203635341,299.044362409,67.0620754431,56.1166232107,10.9454522324
 03/14  19:00:00,848.147283117,30.3148174886,81.522181041,0.0,249.203635341,299.044362409,106.400564652,99.8425239156,6.5580407366
 03/14  20:00:00,637.001931476,30.3148174886,22.1779681804,0.0,149.522181205,249.203635341,198.817718362,190.072330145,8.74538821682
 03/14  21:00:00,554.013234318,30.3148174886,0.0,0.0,149.522181205,249.203635341,323.07965309,318.713346507,4.36630658281
 03/14  22:00:00,349.356885284,0.0,0.0,0.0,49.8407270682,199.362908273,2.19037725707,0.0,2.19037725707
 03/14  23:00:00,299.992126054,0.0,0.0,0.0,24.9203635341,199.362908273,2.19034569132,0.0,2.19034569132
 03/14  24:00:00,287.769928278,0.0,0.0,0.0,24.9203635341,199.362908273,2.19031414399,0.0,2.19031414399
 03/15  01:00:00,287.769926969,0.0,0.0,0.0,24.9203635341,199.362908273,2.19027910769,0.0,2.19027910769
 03/15  02:00:00,287.769927062,0.0,0.0,0.0,24.9203635341,199.362908273,4.36045595783,0.0,4.36045595783
 03/15  03:00:00,287.769926968,0.0,0.0,0.0,24.9203635341,199.362908273,2.19017676723,0.0,2.19017676723
 03/15  04:00:00,299.992124619,0.0,0.0,0.0,24.9203635341,199.362908273,2.19014259797,0.0,2.19014259797
 03/15  05:00:00,370.495291146,1.23220662524,0.252498900621,0.0,49.8407270682,199.362908273,8.10578647653,3.73983868017,4.36594779636
 03/15  06:00:00,702.302086032,30.3148174886,197.302703801,0.0,49.8407270682,199.362908273,561.521409826,559.329496694,2.19191313126
 03/15  07:00:00,544.861774096,30.3148174886,0.0,0.0,149.522181205,199.362908273,680.592070656,671.839194309,8.75287634651
 03/15  08:00:00,1050.17467799,30.3148174886,0.0,0.0,448.566543614,448.566543614,485.648336594,468.040538679,17.6077979149
 03/15  09:00:00,1013.41806232,30.3148174886,0.0,0.0,448.566543614,448.566543614,404.231287045,386.602222561,17.6290644837
 03/15  10:00:00,964.477944626,30.3148174886,0.0,0.0,448.566543614,448.566543614,360.596758851,342.958048265,17.6387105862
 03/15  11:00:00,964.456761978,30.3148174886,0.0,0.0,448.566543614,448.566543614,345.505069129,323.382089907,22.122979222
 03/15  12:00:00,914.651855345,30.3148174886,0.0,0.0,448.566543614,398.725816546,387.907640823,361.249870862,26.6577699605
 03/15  13:00:00,964.426404516,30.3148174886,0.0,0.0,448.566543614,448.566543614,325.25090065,300.845833353,24.4050672974
 03/15  14:00:00,1012.25258526,30.3148174886,34.0992448387,0.0,448.566543614,448.566543614,245.798661962,230.395880311,15.4027816513
 03/15  15:00:00,1062.37394761,30.3148174886,37.3619788302,0.0,448.566543614,448.566543614,264.214336627,248.818647441,15.3956891854
 03/15  16:00:00,1074.52490951,30.3148174886,9.07370522307,0.0,448.566543614,448.566543614,271.947746735,249.85594581,22.0918009247
 03/15  17:00:00,961.176358504,30.3148174886,8.60530422941,0.0,348.885089477,398.725816546,270.51904871,259.551503737,10.9675449729
 03/15  18:00:00,711.035512961,30.3148174886,1.22974372831,0.0,249.203635341,299.044362409,392.356699571,381.411816098,10.9448834729
 03/15  19:00:00,702.37735581,30.3148174886,0.0,0.0,249.203635341,299.044362409,465.309691626,458.751018843,6.55867278359
 03/15  20:00:00,578.541247666,30.3148174886,0.0,0.0,149.522181205,249.203635341,529.128595202,520.383731592,8.74486360952
 03/15  21:00:00,554.113925994,30.3148174886,0.0,0.0,149.522181205,249.203635341,546.626138022,542.260078806,4.36605921537
 03/15  22:00:00,349.356883884,0.0,0.0,0.0,49.8407270682,199.362908273,2.19025493482,0.0,2.19025493482
 03/15  23:00:00,299.992124634,0.0,0.0,0.0,24.9203635341,199.362908273,2.190220571,0.0,2.190220571
 03/15  24:00:00,287.769926827,0.0,0.0,0.0,24.9203635341,199.362908273,2.19018623066,0.0,2.19018623066
 03/16  01:00:00,287.769925439,0.0,0.0,0.0,24.9203635341,199.362908273,2.19014831242,0.0,2.19014831242
 03/16  02:00:00,287.769925656,0.0,0.0,0.0,24.9203635341,199.362908273,4.36018581624,0.0,4.36018581624
 03/16  03:00:00,287.76992567,0.0,0.0,0.0,24.9203635341,199.362908273,2.19038242219,0.0,2.19038242219
 03/16  04:00:00,327.96400561,1.64294216698,0.164901546538,0.0,24.9203635341,199.362908273,10.8476888803,8.65734207754,2.19034680271
 03/16  05:00:00,384.670404744,2.05367770873,0.519837743428,0.0,49.8407270682,199.362908273,16.1491077289,11.7829333736,4.36617435534
 03/16  06:00:00,708.874025985,30.3148174886,198.155541615,0.0,49.8407270682,199.362908273,779.047474754,776.855247317,2.19222743646
 03/16  07:00:00,544.776566018,30.3148174886,0.0,0.0,149.522181205,199.362908273,704.339999957,695.587873298,8.75212665902
 03/16  08:00:00,1050.12184801,30.3148174886,0.0,0.0,448.566543614,448.566543614,499.665624063,482.059711601,17.6059124621
 03/16  09:00:00,1013.39399622,30.3148174886,0.0,0.0,448.566543614,448.566543614,432.283216078,414.651406005,17.6318100728
 03/16  10:00:00,1043.49188383,30.3148174886,51.7184121043,0.0,448.566543614,448.566543614,347.210912899,329.574617458,17.6362954417
 03/16  11:00:00,1051.96744653,30.3148174886,28.5116142227,0.0,448.566543614,448.566543614,291.796028454,269.676513392,22.1195150618
 03/16  12:00:00,1000.824106,30.3148174886,27.7527785744,0.0,448.566543614,398.725816546,295.791051379,269.138034342,26.6530170371
 03/16  13:00:00,1068.32561986,30.3148174886,39.5809503097,0.0,448.566543614,448.566543614,227.970681729,203.566075762,24.4046059667
 03/16  14:00:00,1090.96563166,30.3148174886,51.7305171812,0.0,448.566543614,448.566543614,201.139252813,185.737214798,15.4020380157
 03/16  15:00:00,1124.6294206,30.3148174886,71.1981244726,0.0,448.566543614,448.566543614,186.541596711,171.146881703,15.3947150082
 03/16  16:00:00,1184.80434066,30.3148174886,82.1775146086,0.0,448.566543614,448.566543614,188.581663015,166.489056245,22.0926067703
 03/16  17:00:00,1073.31292977,30.3148174886,83.5157805675,0.0,348.885089477,398.725816546,212.317657157,201.347526742,10.9701304148
 03/16  18:00:00,870.651908553,30.3148174886,80.3725259789,0.0,249.203635341,299.044362409,327.695374964,316.750898496,10.9444764677
 03/16  19:00:00,868.249517159,30.3148174886,77.0087467682,0.0,249.203635341,299.044362409,344.528782755,337.970613399,6.55816935605
 03/16  20:00:00,735.127381275,30.3148174886,68.0241856563,0.0,149.522181205,249.203635341,374.769427955,366.024383565,8.74504438997
 03/16  21:00:00,698.153845309,30.3148174886,55.7707539376,0.0,149.522181205,249.203635341,423.634087127,421.440935763,2.19315136355
 03/16  22:00:00,349.356882609,0.0,0.0,0.0,49.8407270682,199.362908273,4.36046106636,0.0,4.36046106636
 03/16  23:00:00,299.992123404,0.0,0.0,0.0,24.9203635341,199.362908273,2.1900703668,0.0,2.1900703668
 03/16  24:00:00,287.769925396,0.0,0.0,0.0,24.9203635341,199.362908273,2.19037812027,0.0,2.19037812027
 03/17  01:00:00,287.769923714,0.0,0.0,0.0,24.9203635341,199.362908273,2.19033594331,0.0,2.19033594331
 03/17  02:00:00,287.769923741,0.0,0.0,0.0,24.9203635341,199.362908273,2.19029582285,0.0,2.19029582285
 03/17  03:00:00,287.769923906,0.0,0.0,0.0,24.9203635341,199.362908273,2.19025565487,0.0,2.19025565487
 03/17  04:00:00,299.99212181,0.0,0.0,0.0,24.9203635341,199.362908273,4.36039070646,0.0,4.36039070646
 03/17  05:00:00,349.358353277,0.0,0.0,0.0,49.8407270682,199.362908273,2.1931780686,0.0,2.1931780686
 03/17  06:00:00,724.982575715,30.3148174886,204.144604934,0.0,49.8407270682,199.362908273,836.72681786,832.362399902,4.36441795801
 03/17  07:00:00,585.654900296,30.3148174886,34.9858541553,0.0,149.522181205,199.362908273,671.953548898,663.201220585,8.75232831294
 03/17  08:00:00,1134.56245424,30.3148174886,36.4559375738,0.0,448.566543614,448.566543614,422.173291502,406.765309791,15.4079817111
 03/17  09:00:00,1091.50753426,30.3148174886,21.2827649875,0.0,448.566543614,448.566543614,352.473546609,334.84213597,17.6314106391
 03/17  10:00:00,1057.25928731,30.3148174886,31.4385960022,0.0,448.566543614,448.566543614,306.619246123,286.778735837,19.8405102857
 03/17  11:00:00,1074.19765484,30.3148174886,43.3988608063,0.0,448.566543614,448.566543614,273.172085669,251.053895319,22.1181903498
 03/17  12:00:00,1061.28335979,30.3148174886,65.1722502902,0.0,448.566543614,398.725816546,277.047527587,252.610350656,24.4371769314
 03/17  13:00:00,1153.37494705,30.3148174886,99.6897060868,0.0,448.566543614,448.566543614,211.440881907,184.819465574,26.6214163332
 03/17  14:00:00,1176.05128779,30.3148174886,122.06041986,0.0,448.566543614,448.566543614,180.497862923,165.097205656,15.4006572676
 03/17  15:00:00,1180.58936496,30.3148174886,126.507335613,0.0,448.566543614,448.566543614,170.761974857,155.368921889,15.3930529683
 03/17  16:00:00,1238.07627868,30.3148174886,134.947179867,0.0,448.566543614,448.566543614,161.337599983,141.454332817,19.8832671654
 03/17  17:00:00,1136.23536848,30.3148174886,145.904901532,0.0,348.885089477,398.725816546,139.015525134,125.860180091,13.1553450426
 03/17  18:00:00,934.839377366,30.3148174886,143.992577808,0.0,249.203635341,299.044362409,193.075283474,184.315308431,8.75997504344
 03/17  19:00:00,925.320074623,30.3148174886,133.541240633,0.0,249.203635341,299.044362409,244.659979594,238.101959408,6.55802018572
 03/17  20:00:00,775.81138668,30.3148174886,108.279132282,0.0,149.522181205,249.203635341,335.78549721,327.040112792,8.74538441824
 03/17  21:00:00,711.743804931,30.3148174886,69.3052072802,0.0,149.522181205,249.203635341,357.719699026,353.353880751,4.36581827445
 03/17  22:00:00,349.356880583,0.0,0.0,0.0,49.8407270682,199.362908273,2.19032199539,0.0,2.19032199539
 03/17  23:00:00,299.992121509,0.0,0.0,0.0,24.9203635341,199.362908273,2.19028157477,0.0,2.19028157477
 03/17  24:00:00,287.769923877,0.0,0.0,0.0,24.9203635341,199.362908273,2.19024117976,0.0,2.19024117976
 03/18  01:00:00,237.929195328,0.0,0.0,0.0,24.9203635341,149.522181205,4.36035205221,0.0,4.36035205221
 03/18  02:00:00,237.929195287,0.0,0.0,0.0,24.9203635341,149.522181205,2.19011135493,0.0,2.19011135493
 03/18  03:00:00,237.929195145,0.0,0.0,0.0,24.9203635341,149.522181205,2.19006818859,0.0,2.19006818859
 03/18  04:00:00,272.325304378,1.23220662524,0.53401995257,0.0,24.9203635341,149.522181205,9.20632731096,7.01622978994,2.19009752102
 03/18  05:00:00,310.440222181,2.05367770873,1.05856784011,0.0,24.9203635341,149.522181205,18.7812877872,14.4152133618,4.36607442547
 03/18  06:00:00,706.007367634,30.3148174886,200.892412595,0.0,49.8407270682,199.362908273,904.125465704,901.933365237,2.19210046651
 03/18  07:00:00,436.726101187,30.3148174886,0.0,0.0,49.8407270682,199.362908273,956.345059546,949.797424647,6.54763489947
 03/18  08:00:00,651.487035067,30.3148174886,0.0,0.0,249.203635341,249.203635341,612.231674277,605.674021561,6.5576527167
 03/18  09:00:00,716.774910601,30.3148174886,62.0252018043,0.0,249.203635341,249.203635341,372.987327386,362.043247677,10.9440797091
 03/18  10:00:00,700.616998378,30.3148174886,57.132235729,0.0,249.203635341,249.203635341,232.046455308,223.294103393,8.75235191516
 03/18  11:00:00,804.06129149,30.3148174886,149.13167282,0.0,249.203635341,249.203635341,167.673634335,156.719067563,10.9545667722
 03/18  12:00:00,918.709724932,30.5392382056,262.411314038,0.0,249.203635341,249.203635341,156.293182906,147.536850947,8.75633195849
 03/18  13:00:00,953.180432093,32.0198964498,294.526214692,0.0,249.203635341,249.203635341,144.787989494,136.035888145,8.7521013488
 03/18  14:00:00,717.521200911,32.0052388123,307.490069099,0.0,74.7610906023,174.442544739,196.121324113,189.563294941,6.55802917277
 03/18  15:00:00,727.60851299,32.226836652,317.189182698,0.0,74.7610906023,174.442544739,189.921157737,183.368649609,6.5525081279
 03/18  16:00:00,777.580123075,31.1307786265,319.170090508,0.0,74.7610906023,174.442544739,168.667053509,162.111255371,6.55579813788
 03/18  17:00:00,739.995524495,30.3148174886,320.263895549,0.0,24.9203635341,149.522181205,223.903950797,219.539880552,4.36407024478
 03/18  18:00:00,495.899863017,11.8915344485,136.369329704,0.0,24.9203635341,149.522181205,2.19224345652,0.0,2.19224345652
 03/18  19:00:00,297.854561068,0.0,0.0,0.0,24.9203635341,149.522181205,4.36424104035,0.0,4.36424104035
 03/18  20:00:00,323.485561013,0.0,0.0,0.0,24.9203635341,149.522181205,4.36372306266,0.0,4.36372306266
 03/18  21:00:00,299.042146304,0.0,0.0,0.0,24.9203635341,149.522181205,4.36737458547,0.0,4.36737458547
 03/18  22:00:00,274.595788733,0.0,0.0,0.0,24.9203635341,149.522181205,2.19012705963,0.0,2.19012705963
 03/18  23:00:00,250.151392977,0.0,0.0,0.0,24.9203635341,149.522181205,2.19008367168,0.0,2.19008367168
 03/18  24:00:00,237.929195153,0.0,0.0,0.0,24.9203635341,149.522181205,2.1900403153,0.0,2.1900403153
 03/19  01:00:00,237.928703378,0.0,0.0,0.0,24.9203635341,149.522181205,2.18927403879,0.0,2.18927403879
 03/19  02:00:00,237.928703411,0.0,0.0,0.0,24.9203635341,149.522181205,2.18920204088,0.0,2.18920204088
 03/19  03:00:00,237.928703452,0.0,0.0,0.0,24.9203635341,149.522181205,2.18941111134,0.0,2.18941111134
 03/19  04:00:00,250.150901203,0.0,0.0,0.0,24.9203635341,149.522181205,2.18933885042,0.0,2.18933885042
 03/19  05:00:00,274.596767529,0.0,0.0,0.0,24.9203635341,149.522181205,4.36397867832,0.0,4.36397867832
 03/19  06:00:00,323.484088061,0.0,0.0,0.0,24.9203635341,149.522181205,0.02,0.0,0.02
 03/19  07:00:00,373.437864221,1.23220662524,3.97447556132,0.0,24.9203635341,149.522181205,6.03010418614,3.84072154408,2.18938264206
 03/19  08:00:00,319.049647088,0.958382930739,2.41986335598,0.0,24.9203635341,149.522181205,4.43387322402,2.24450569688,2.18936752714
 03/19  09:00:00,259.999890214,0.0,0.0,0.0,24.9203635341,149.522181205,2.18937891286,0.0,2.18937891286
 03/19  10:00:00,211.11109901,0.0,0.0,0.0,24.9203635341,149.522181205,2.18916515665,0.0,2.18916515665
 03/19  11:00:00,211.112079801,0.0,0.0,0.0,24.9203635341,149.522181205,4.36240444566,0.0,4.36240444566
 03/19  12:00:00,211.112079211,0.0,0.0,0.0,24.9203635341,149.522181205,2.19128984455,0.0,2.19128984455
 03/19  13:00:00,211.113550028,0.0,0.0,0.0,24.9203635341,149.522181205,4.36790110167,0.0,4.36790110167
 03/19  14:00:00,362.47222126,12.1332484571,112.273273126,0.0,24.9203635341,149.522181205,2.19115386954,0.0,2.19115386954
 03/19  15:00:00,399.310801534,12.1332484571,133.497192207,0.0,24.9203635341,149.522181205,2.18939188795,0.0,2.18939188795
 03/19  16:00:00,259.999890226,0.0,0.0,0.0,24.9203635341,149.522181205,2.18940318841,0.0,2.18940318841
 03/19  17:00:00,296.666483618,0.0,0.0,0.0,24.9203635341,149.522181205,2.18918946752,0.0,2.18918946752
 03/19  18:00:00,296.666483645,0.0,0.0,0.0,24.9203635341,149.522181205,2.18939806177,0.0,2.18939806177
 03/19  19:00:00,289.309421332,0.0,0.0,0.0,24.9203635341,149.522181205,2.18932547449,0.0,2.18932547449
 03/19  20:00:00,323.484088011,0.0,0.0,0.0,24.9203635341,149.522181205,2.18925287395,0.0,2.18925287395
 03/19  21:00:00,299.041163504,0.0,0.0,0.0,24.9203635341,149.522181205,4.36399673184,0.0,4.36399673184
 03/19  22:00:00,274.595296765,0.0,0.0,0.0,24.9203635341,149.522181205,2.18929568944,0.0,2.18929568944
 03/19  23:00:00,250.150901171,0.0,0.0,0.0,24.9203635341,149.522181205,2.1892230951,0.0,2.1892230951
 03/19  24:00:00,237.92870341,0.0,0.0,0.0,24.9203635341,149.522181205,2.18915051689,0.0,2.18915051689
 03/20  01:00:00,287.769918914,0.0,0.0,0.0,24.9203635341,199.362908273,2.19025664186,0.0,2.19025664186
 03/20  02:00:00,287.769918805,0.0,0.0,0.0,24.9203635341,199.362908273,2.19020704321,0.0,2.19020704321
 03/20  03:00:00,287.76991883,0.0,0.0,0.0,24.9203635341,199.362908273,2.19015740089,0.0,2.19015740089
 03/20  04:00:00,299.992116777,0.0,0.0,0.0,24.9203635341,199.362908273,2.19010773438,0.0,2.19010773438
 03/20  05:00:00,349.358345613,0.0,0.0,0.0,49.8407270682,199.362908273,4.36555657754,0.0,4.36555657754
 03/20  06:00:00,803.643605037,30.3148174886,281.664595947,0.0,49.8407270682,199.362908273,384.87068087,380.506517672,4.36416319719
 03/20  07:00:00,872.561621532,30.3148174886,246.953060266,0.0,149.522181205,199.362908273,354.189841897,345.437496596,8.75234530068
 03/20  08:00:00,1376.17524156,30.3148174886,236.13130086,0.0,448.566543614,448.566543614,136.45646377,121.048955208,15.4075085614
 03/20  09:00:00,1365.36118956,30.3312781889,261.008650935,0.0,448.566543614,448.566543614,89.6113885584,71.9814689835,17.629919575
 03/20  10:00:00,1324.89177168,30.6208929018,268.275997832,0.0,448.566543614,448.566543614,62.0665193563,44.43126703,17.6352523263
 03/20  11:00:00,1344.6378112,30.9100733017,286.861538139,0.0,448.566543614,448.566543614,53.9994067125,31.8837145296,22.1156921829
 03/20  12:00:00,1311.83685105,32.763201959,301.499809341,0.0,448.566543614,398.725816546,56.8120340258,30.1621204516,26.6499135742
 03/20  13:00:00,1376.65525628,34.9711272707,313.685692933,0.0,448.566543614,448.566543614,39.6830074972,15.2827925895,24.4002149077
 03/20  14:00:00,1390.7804316,35.4321595213,326.761359042,0.0,448.566543614,448.566543614,20.1999654868,4.80052649861,15.3994389882
 03/20  15:00:00,1389.62430141,34.4889854433,326.332151102,0.0,448.566543614,448.566543614,15.6778985985,0.284398388084,15.3935002105
 03/20  16:00:00,1436.51130739,33.6974780106,324.702800473,0.0,448.566543614,448.566543614,19.8801716767,0.0,19.8801716767
 03/20  17:00:00,1322.45845249,32.399324947,324.589606664,0.0,348.885089477,398.725816546,13.1568543833,0.0,13.1568543833
 03/20  18:00:00,1119.41756457,31.0690042454,322.571808342,0.0,249.203635341,299.044362409,10.3601739712,1.60200214701,8.75817182422
 03/20  19:00:00,1097.56609707,30.3148174886,309.839168409,0.0,249.203635341,299.044362409,22.4100996371,13.6725217593,8.73757787781
 03/20  20:00:00,963.672348226,30.3148174886,292.516839755,0.0,149.522181205,249.203635341,52.044717244,45.4814913922,6.56322585182
 03/20  21:00:00,920.637341827,30.3148174886,275.033285501,0.0,149.522181205,249.203635341,96.698877164,92.3332064104,4.36567075358
 03/20  22:00:00,349.356875753,0.0,0.0,0.0,49.8407270682,199.362908273,2.19034251285,0.0,2.19034251285
 03/20  23:00:00,299.992116701,0.0,0.0,0.0,24.9203635341,199.362908273,2.19012059871,0.0,2.19012059871
 03/20  24:00:00,287.769919152,0.0,0.0,0.0,24.9203635341,199.362908273,4.36009173175,0.0,4.36009173175
 03/21  01:00:00,287.769917435,0.0,0.0,0.0,24.9203635341,199.362908273,2.1903072749,0.0,2.1903072749
 03/21  02:00:00,287.769917183,0.0,0.0,0.0,24.9203635341,199.362908273,2.19025432141,0.0,2.19025432141
 03/21  03:00:00,287.76991708,0.0,0.0,0.0,24.9203635341,199.362908273,2.19020132378,0.0,2.19020132378
 03/21  04:00:00,299.992114912,0.0,0.0,0.0,24.9203635341,199.362908273,2.19014830199,0.0,2.19014830199
 03/21  05:00:00,349.358343004,0.0,0.0,0.0,49.8407270682,199.362908273,4.3659852899,0.0,4.3659852899
 03/21  06:00:00,754.385296723,30.3600092292,231.47707331,0.0,49.8407270682,199.362908273,397.426275499,393.062286937,4.36398856212
 03/21  07:00:00,680.732776329,30.3148174886,76.4141442661,0.0,149.522181205,199.362908273,404.584788868,395.833874357,8.75091451132
 03/21  08:00:00,1137.01789605,30.3148174886,30.1607190069,0.0,448.566543614,448.566543614,191.794201485,176.388807977,15.405393508
 03/21  09:00:00,1183.36635337,30.3148174886,88.8512034533,0.0,448.566543614,448.566543614,91.8303389297,74.2039912065,17.6263477232
 03/21  10:00:00,1264.0090944,30.3148174886,208.198086416,0.0,448.566543614,448.566543614,57.1257067656,39.4917907147,17.6339160509
 03/21  11:00:00,1331.37607393,30.3387863452,273.980831603,0.0,448.566543614,448.566543614,43.4423256125,21.3282465501,22.1140790624
 03/21  12:00:00,1311.86759502,30.6004472992,303.360469304,0.0,448.566543614,398.725816546,41.7485097614,15.105584846,26.6429249153
 03/21  13:00:00,1380.78179817,33.3751652794,318.987707491,0.0,448.566543614,448.566543614,29.4807117536,5.08063230812,24.4000794455
 03/21  14:00:00,1404.55705186,35.0471397837,340.262534865,0.0,448.566543614,448.566543614,16.7753363302,1.37667751615,15.398658814
 03/21  15:00:00,1410.93237761,34.8230683282,346.374603098,0.0,448.566543614,448.566543614,15.4156437644,0.023009147124,15.3926346173
 03/21  16:00:00,1456.89355646,33.0645594466,345.022560532,0.0,448.566543614,448.566543614,19.8818119808,0.0,19.8818119808
 03/21  17:00:00,1340.29644301,31.6305878204,342.685706678,0.0,348.885089477,398.725816546,10.9643289716,0.0,10.9643289716
 03/21  18:00:00,1146.26723303,30.5005980469,349.427703923,0.0,249.203635341,299.044362409,11.8029953421,0.8582192934,10.9447760487
 03/21  19:00:00,1113.10221631,30.3148174886,324.712031094,0.0,249.203635341,299.044362409,19.0032574122,12.4446988582,6.55855855395
 03/21  20:00:00,974.211103629,30.3148174886,302.073647623,0.0,149.522181205,249.203635341,56.4331904117,47.6888652753,8.74432513643
 03/21  21:00:00,932.374366884,30.3148174886,285.699722506,0.0,149.522181205,249.203635341,81.946814038,77.5809469124,4.36586712558
 03/21  22:00:00,349.356874259,0.0,0.0,0.0,49.8407270682,199.362908273,2.1901635296,0.0,2.1901635296
 03/21  23:00:00,299.992115024,0.0,0.0,0.0,24.9203635341,199.362908273,2.19011036646,0.0,2.19011036646
 03/21  24:00:00,287.769917215,0.0,0.0,0.0,24.9203635341,199.362908273,2.19005723452,0.0,2.19005723452
 03/22  01:00:00,287.769915557,0.0,0.0,0.0,24.9203635341,199.362908273,2.18999998951,0.0,2.18999998951
 03/22  02:00:00,287.769915683,0.0,0.0,0.0,24.9203635341,199.362908273,2.19028514061,0.0,2.19028514061
 03/22  03:00:00,287.769915672,0.0,0.0,0.0,24.9203635341,199.362908273,4.3604012103,0.0,4.3604012103
 03/22  04:00:00,299.992113366,0.0,0.0,0.0,24.9203635341,199.362908273,2.19011601087,0.0,2.19011601087
 03/22  05:00:00,349.358339906,0.0,0.0,0.0,49.8407270682,199.362908273,4.36558171231,0.0,4.36558171231
 03/22  06:00:00,775.998450771,30.9357510437,251.765579159,0.0,49.8407270682,199.362908273,296.537562835,294.34564927,2.19191356453
 03/22  07:00:00,771.930962796,30.3148174886,146.183660127,0.0,149.522181205,199.362908273,297.493560957,288.742235196,8.7513257609
 03/22  08:00:00,1243.51451009,30.3148174886,103.488624409,0.0,448.566543614,448.566543614,138.154076664,120.549999368,17.6040772956
 03/22  09:00:00,1235.78914389,30.3148174886,131.797903339,0.0,448.566543614,448.566543614,77.4937288183,62.0681589521,15.4255698662
 03/22  10:00:00,1255.65497692,30.3148174886,199.496946848,0.0,448.566543614,448.566543614,60.7403278471,40.9049657302,19.835362117
 03/22  11:00:00,1307.20264969,30.7629771273,249.619167096,0.0,448.566543614,448.566543614,48.3039474355,28.3994858227,19.9044616127
 03/22  12:00:00,1273.64016418,32.4867349748,263.678419896,0.0,448.566543614,398.725816546,54.9252290807,28.2729233771,26.6523057036
 03/22  13:00:00,1335.06091829,33.5163525593,273.937075531,0.0,448.566543614,448.566543614,41.7647713403,17.3666770227,24.3980943176
 03/22  14:00:00,1343.8848395,34.7335473462,281.072961263,0.0,448.566543614,448.566543614,21.0010430377,5.60288361695,15.3981594207
 03/22  15:00:00,1351.03034522,33.8920995379,289.403371826,0.0,448.566543614,448.566543614,15.567967074,0.175931712038,15.392035362
 03/22  16:00:00,1399.83116774,33.2041150332,289.928645312,0.0,448.566543614,448.566543614,19.8794410607,0.0,19.8794410607
 03/22  17:00:00,1287.39826518,30.4713872261,293.455742115,0.0,348.885089477,398.725816546,17.3141341587,4.15734678654,13.1567873721
 03/22  18:00:00,1073.2483037,30.3148174886,279.751788539,0.0,249.203635341,299.044362409,41.1717872081,32.4130561581,8.75873104996
 03/22  19:00:00,1038.42330841,30.3148174886,252.777214303,0.0,249.203635341,299.044362409,80.3466539406,71.6092384356,8.73741550505
 03/22  20:00:00,890.95869218,30.3148174886,221.025115853,0.0,149.522181205,249.203635341,138.055606955,131.492595907,6.56301104808
 03/22  21:00:00,821.899546991,30.3148174886,177.021783209,0.0,149.522181205,249.203635341,170.172545926,165.80698159,4.36556433586
 03/22  22:00:00,349.356872234,0.0,0.0,0.0,49.8407270682,199.362908273,2.19028994914,0.0,2.19028994914
 03/22  23:00:00,299.99211321,0.0,0.0,0.0,24.9203635341,199.362908273,2.19006194539,0.0,2.19006194539
 03/22  24:00:00,287.76991568,0.0,0.0,0.0,24.9203635341,199.362908273,2.19000543211,0.0,2.19000543211
 03/23  01:00:00,287.769913828,0.0,0.0,0.0,24.9203635341,199.362908273,4.36051320931,0.0,4.36051320931
 03/23  02:00:00,287.769913653,0.0,0.0,0.0,24.9203635341,199.362908273,2.19016702914,0.0,2.19016702914
 03/23  03:00:00,287.769913565,0.0,0.0,0.0,24.9203635341,199.362908273,2.19010724702,0.0,2.19010724702
 03/23  04:00:00,299.992111397,0.0,0.0,0.0,24.9203635341,199.362908273,2.19004744301,0.0,2.19004744301
 03/23  05:00:00,349.358337307,0.0,0.0,0.0,49.8407270682,199.362908273,4.36573642585,0.0,4.36573642585
 03/23  06:00:00,749.184845467,30.9400416972,225.0426536,0.0,49.8407270682,199.362908273,473.453454318,471.261406063,2.1920482545
 03/23  07:00:00,688.634134384,30.3148174886,85.7972836981,0.0,149.522181205,199.362908273,440.714765613,429.780625075,10.9341405374
 03/23  08:00:00,1171.0250101,30.3148174886,52.4831831057,0.0,448.566543614,448.566543614,184.578602769,169.173366806,15.4052359632
 03/23  09:00:00,1244.71039524,30.3466036503,140.706805585,0.0,448.566543614,448.566543614,107.884772375,90.2568269623,17.6279454129
 03/23  10:00:00,1303.61985328,30.6742002375,246.332919342,0.0,448.566543614,448.566543614,69.0421769922,51.4077465456,17.6344304466
 03/23  11:00:00,1329.78943471,30.8887034078,271.347036527,0.0,448.566543614,448.566543614,59.2363580794,37.1224882771,22.1138698022
 03/23  12:00:00,1288.74729702,32.7087265352,277.943727783,0.0,448.566543614,398.725816546,59.999188174,35.5682274405,24.4309607335
 03/23  13:00:00,1349.27729609,34.9187174642,286.091099801,0.0,448.566543614,448.566543614,45.1403228262,20.7457820557,24.3945407705
 03/23  14:00:00,1363.24340817,36.2212762931,298.137907422,0.0,448.566543614,448.566543614,27.701124271,10.1055393332,17.5955849378
 03/23  15:00:00,1365.33923098,36.5307296594,299.670547849,0.0,448.566543614,448.566543614,13.6426227494,0.44919845352,13.1934242958
 03/23  16:00:00,1408.85191235,35.7112199057,294.965034943,0.0,448.566543614,448.566543614,22.0852945148,0.0,22.0852945148
 03/23  17:00:00,1291.92470872,33.0980015359,293.369572139,0.0,348.885089477,398.725816546,11.2337985751,0.265726614046,10.968071961
 03/23  18:00:00,1085.33765194,31.5928777838,287.935127911,0.0,249.203635341,299.044362409,12.7991128192,4.0412598838,8.7578529354
 03/23  19:00:00,1060.85014823,30.3339854472,273.096768902,0.0,249.203635341,299.044362409,27.8216877606,19.0838755961,8.73781216459
 03/23  20:00:00,929.639100219,30.3148174886,258.327585295,0.0,149.522181205,249.203635341,56.1526354838,49.5901130672,6.56252241663
 03/23  21:00:00,893.554135172,30.3148174886,247.456524631,0.0,149.522181205,249.203635341,96.2418091819,91.8763577436,4.36545143829
 03/23  22:00:00,349.356870581,0.0,0.0,0.0,49.8407270682,199.362908273,2.19015574699,0.0,2.19015574699
 03/23  23:00:00,299.992111615,0.0,0.0,0.0,24.9203635341,199.362908273,2.19026479967,0.0,2.19026479967
 03/23  24:00:00,287.76991383,0.0,0.0,0.0,24.9203635341,199.362908273,4.36034941693,0.0,4.36034941693
 03/24  01:00:00,287.769911911,0.0,0.0,0.0,24.9203635341,199.362908273,2.19007849378,0.0,2.19007849378
 03/24  02:00:00,287.769911821,0.0,0.0,0.0,24.9203635341,199.362908273,2.19001533909,0.0,2.19001533909
 03/24  03:00:00,287.769911804,0.0,0.0,0.0,24.9203635341,199.362908273,2.19029183284,0.0,2.19029183284
 03/24  04:00:00,299.992109594,0.0,0.0,0.0,24.9203635341,199.362908273,2.1902284285,0.0,2.1902284285
 03/24  05:00:00,349.358334424,0.0,0.0,0.0,49.8407270682,199.362908273,4.36555110446,0.0,4.36555110446
 03/24  06:00:00,752.653252556,31.3676651311,227.882750227,0.0,49.8407270682,199.362908273,376.083726717,371.719907658,4.36381905849
 03/24  07:00:00,729.917198408,30.3148174886,123.009289546,0.0,149.522181205,199.362908273,335.016751779,326.266146795,8.75060498418
 03/24  08:00:00,1250.59504411,30.3148174886,119.091277432,0.0,448.566543614,448.566543614,111.475531909,96.0700899981,15.4054419105
 03/24  09:00:00,1322.74816493,30.3148174886,217.568557133,0.0,448.566543614,448.566543614,68.4805749325,50.8552183048,17.6253566278
 03/24  10:00:00,1318.69904744,30.4421519701,260.980398234,0.0,448.566543614,448.566543614,49.651123985,32.020673356,17.630450629
 03/24  11:00:00,1356.81390451,31.142113622,297.111162257,0.0,448.566543614,448.566543614,40.2824667928,18.1715984227,22.1108683701
 03/24  12:00:00,1334.05966631,32.889045334,321.604618036,0.0,448.566543614,398.725816546,38.8297137493,14.4024824104,24.427231339
 03/24  13:00:00,1403.12609214,34.2285790719,338.880284777,0.0,448.566543614,448.566543614,28.0802195032,3.68721075234,24.3930087509
 03/24  14:00:00,1420.48903286,37.7923295554,352.182830835,0.0,448.566543614,448.566543614,16.757681315,1.36037364824,15.3973076667
 03/24  15:00:00,1429.10093458,38.6099609717,359.656478202,0.0,448.566543614,448.566543614,15.3965287405,0.00393178713437,15.3925969534
 03/24  16:00:00,1485.72719168,38.9019443122,366.594855149,0.0,448.566543614,448.566543614,19.8787131791,0.0,19.8787131791
 03/24  17:00:00,1377.90983091,35.9876515161,374.38725894,0.0,348.885089477,398.725816546,13.1569946887,0.0,13.1569946887
 03/24  18:00:00,1173.44993446,33.7034535833,371.887378081,0.0,249.203635341,299.044362409,8.80674977689,0.0486314920727,8.75811828482
 03/24  19:00:00,1150.39735237,30.8085030938,360.051677402,0.0,249.203635341,299.044362409,10.8410959135,2.1036324391,8.73746347443
 03/24  20:00:00,1011.15347387,30.3148174886,337.842393841,0.0,149.522181205,249.203635341,27.5277197532,20.9647845383,6.56293521486
 03/24  21:00:00,949.418722531,30.3148174886,301.19027962,0.0,149.522181205,249.203635341,38.4997026069,34.1341536119,4.36554899503
 03/24  22:00:00,349.356868675,0.0,0.0,0.0,49.8407270682,199.362908273,2.19028247275,0.0,2.19028247275
 03/24  23:00:00,299.992109625,0.0,0.0,0.0,24.9203635341,199.362908273,2.1900482486,0.0,2.1900482486
 03/24  24:00:00,287.76991208,0.0,0.0,0.0,24.9203635341,199.362908273,2.18998476373,0.0,2.18998476373
 03/25  01:00:00,237.929183068,0.0,0.0,0.0,24.9203635341,149.522181205,4.36044776275,0.0,4.36044776275
 03/25  02:00:00,237.929182914,0.0,0.0,0.0,24.9203635341,149.522181205,2.19012370079,0.0,2.19012370079
 03/25  03:00:00,237.929182831,0.0,0.0,0.0,24.9203635341,149.522181205,2.19005684443,0.0,2.19005684443
 03/25  04:00:00,250.151380664,0.0,0.0,0.0,24.9203635341,149.522181205,2.18998996483,0.0,2.18998996483
 03/25  05:00:00,274.597240811,0.0,0.0,0.0,24.9203635341,149.522181205,4.36557261725,0.0,4.36557261725
 03/25  06:00:00,823.091085467,31.6333224974,297.15209025,0.0,49.8407270682,199.362908273,120.867134402,118.675175518,2.19195888389
 03/25  07:00:00,808.784159906,30.3148174886,288.611374884,0.0,49.8407270682,199.362908273,156.364430028,149.817548358,6.54688166997
 03/25  08:00:00,1026.8081218,30.3148174886,283.224358126,0.0,249.203635341,249.203635341,104.45766408,97.9001981372,6.55746594239
 03/25  09:00:00,992.456482172,30.3148174886,285.009821279,0.0,249.203635341,249.203635341,61.3078770683,52.5505150694,8.75736199886
 03/25  10:00:00,959.510780895,30.3148174886,300.191111441,0.0,249.203635341,249.203635341,40.6581362789,29.723947032,10.9341892469
 03/25  11:00:00,981.393288761,30.3763855293,321.306445907,0.0,249.203635341,249.203635341,28.8158251495,20.0508966771,8.7649284724
 03/25  12:00:00,1009.37145056,31.3326418893,347.403117152,0.0,249.203635341,249.203635341,22.7884224959,11.8498738958,10.9385486001
 03/25  13:00:00,1026.11155088,30.466851139,364.653907532,0.0,249.203635341,249.203635341,16.9075317756,8.15705817841,8.75047359722
 03/25  14:00:00,775.204477479,30.3226962031,363.243561574,0.0,74.7610906023,174.442544739,27.1488203728,20.5915298336,6.55729053917
 03/25  15:00:00,777.605194386,30.7451289034,365.147939757,0.0,74.7610906023,174.442544739,12.2722642775,5.72052972269,6.55173455483
 03/25  16:00:00,838.9833919,30.6746411893,377.60673117,0.0,74.7610906023,174.442544739,10.7982130967,4.24419389691,6.55401919976
 03/25  17:00:00,807.906763908,30.3148174886,385.060626589,0.0,24.9203635341,149.522181205,22.7508125312,20.5588045939,2.19200793726
 03/25  18:00:00,573.972848214,14.3197665471,202.898200169,0.0,24.9203635341,149.522181205,4.36410501408,0.0,4.36410501408
 03/25  19:00:00,289.310876845,0.0,0.0,0.0,24.9203635341,149.522181205,2.19201658844,0.0,2.19201658844
 03/25  20:00:00,323.485543967,0.0,0.0,0.0,24.9203635341,149.522181205,4.36380539495,0.0,4.36380539495
 03/25  21:00:00,299.042124537,0.0,0.0,0.0,24.9203635341,149.522181205,4.36705533862,0.0,4.36705533862
 03/25  22:00:00,274.595776241,0.0,0.0,0.0,24.9203635341,149.522181205,2.19022835234,0.0,2.19022835234
 03/25  23:00:00,250.151380637,0.0,0.0,0.0,24.9203635341,149.522181205,2.19016120357,0.0,2.19016120357
 03/25  24:00:00,237.929182963,0.0,0.0,0.0,24.9203635341,149.522181205,2.19009408162,0.0,2.19009408162
 03/26  01:00:00,237.928693379,0.0,0.0,0.0,24.9203635341,149.522181205,2.18909875526,0.0,2.18909875526
 03/26  02:00:00,237.928693353,0.0,0.0,0.0,24.9203635341,149.522181205,2.1892812852,0.0,2.1892812852
 03/26  03:00:00,237.928693369,0.0,0.0,0.0,24.9203635341,149.522181205,2.18918609758,0.0,2.18918609758
 03/26  04:00:00,250.15089124,0.0,0.0,0.0,24.9203635341,149.522181205,2.18909077486,0.0,2.18909077486
 03/26  05:00:00,274.596750178,0.0,0.0,0.0,24.9203635341,149.522181205,4.36397513777,0.0,4.36397513777
 03/26  06:00:00,323.48407803,0.0,0.0,0.0,24.9203635341,149.522181205,2.1893364528,0.0,2.1893364528
 03/26  07:00:00,322.297473598,0.0,0.0,0.0,24.9203635341,149.522181205,2.18924164252,0.0,2.18924164252
 03/26  08:00:00,296.666473538,0.0,0.0,0.0,24.9203635341,149.522181205,2.18933098947,0.0,2.18933098947
 03/26  09:00:00,461.683842114,11.6944624996,148.370948352,0.0,24.9203635341,149.522181205,0.02,0.0,0.02
 03/26  10:00:00,480.833941005,15.3035491947,186.955219917,0.0,24.9203635341,149.522181205,2.18932776977,0.0,2.18932776977
 03/26  11:00:00,456.382818934,14.1554565333,177.290553519,0.0,24.9203635341,149.522181205,4.36219248763,0.0,4.36219248763
 03/26  12:00:00,433.653165038,13.2244717691,162.291184451,0.0,24.9203635341,149.522181205,2.1911454931,0.0,2.1911454931
 03/26  13:00:00,553.513652019,19.5399331195,239.100374975,0.0,24.9203635341,149.522181205,4.36785522868,0.0,4.36785522868
 03/26  14:00:00,624.723711177,23.9223441271,297.988858961,0.0,24.9203635341,149.522181205,2.19117361146,0.0,2.19117361146
 03/26  15:00:00,573.933232039,19.6517122156,254.311956165,0.0,24.9203635341,149.522181205,2.18931813795,0.0,2.18931813795
 03/26  16:00:00,679.787448328,22.6719266637,306.078685386,0.0,24.9203635341,149.522181205,2.18933330393,0.0,2.18933330393
 03/26  17:00:00,497.921974327,10.1110403809,152.658606348,0.0,24.9203635341,149.522181205,2.18934844909,0.0,2.18934844909
 03/26  18:00:00,437.772878209,6.48365369682,104.810107663,0.0,24.9203635341,149.522181205,2.18930783537,0.0,2.18930783537
 03/26  19:00:00,380.546891508,4.45515169412,71.0268950032,0.0,24.9203635341,149.522181205,2.1893234493,0.0,2.1893234493
 03/26  20:00:00,323.484078043,0.0,0.0,0.0,24.9203635341,149.522181205,2.18911578991,0.0,2.18911578991
 03/26  21:00:00,299.041145852,0.0,0.0,0.0,24.9203635341,149.522181205,4.36402173421,0.0,4.36402173421
 03/26  22:00:00,274.595286841,0.0,0.0,0.0,24.9203635341,149.522181205,2.18908330855,0.0,2.18908330855
 03/26  23:00:00,250.150891135,0.0,0.0,0.0,24.9203635341,149.522181205,2.18926502323,0.0,2.18926502323
 03/26  24:00:00,237.928693308,0.0,0.0,0.0,24.9203635341,149.522181205,2.1891692876,0.0,2.1891692876
 03/27  01:00:00,287.769906324,0.0,0.0,0.0,24.9203635341,199.362908273,2.1899550176,0.0,2.1899550176
 03/27  02:00:00,287.769906108,0.0,0.0,0.0,24.9203635341,199.362908273,2.19021857951,0.0,2.19021857951
 03/27  03:00:00,287.769905998,0.0,0.0,0.0,24.9203635341,199.362908273,2.19014433613,0.0,2.19014433613
 03/27  04:00:00,299.992103825,0.0,0.0,0.0,24.9203635341,199.362908273,2.19007005746,0.0,2.19007005746
 03/27  05:00:00,349.358325255,0.0,0.0,0.0,49.8407270682,199.362908273,4.36568233553,0.0,4.36568233553
 03/27  06:00:00,845.581959003,31.0357312307,319.891156208,0.0,49.8407270682,199.362908273,136.030304358,133.838298727,2.19200563098
 03/27  07:00:00,876.49782863,30.3148174886,257.723615932,0.0,149.522181205,199.362908273,168.890855539,160.139220111,8.75163542751
 03/27  08:00:00,1314.42901715,30.3148174886,173.793861142,0.0,448.566543614,448.566543614,109.229348423,91.6293902256,17.5999581979
 03/27  09:00:00,1131.06937629,30.3148174886,48.1004713727,0.0,448.566543614,448.566543614,128.006270151,110.383735665,17.6225344862
 03/27  10:00:00,1051.80314727,30.3148174886,31.0111315119,0.0,448.566543614,448.566543614,81.8602848668,64.2311626732,17.6291221936
 03/27  11:00:00,1061.46198833,30.3148174886,38.6159160137,0.0,448.566543614,448.566543614,100.818812311,80.9193997999,19.8994125112
 03/27  12:00:00,1035.26657989,30.3148174886,55.1389997323,0.0,448.566543614,398.725816546,83.9292790989,57.2877970624,26.6414820365
 03/27  13:00:00,1215.17421607,31.2108810204,159.489258054,0.0,448.566543614,448.566543614,50.4315774974,26.0423811443,24.389196353
 03/27  14:00:00,1287.37783077,32.6662271612,228.079473001,0.0,448.566543614,448.566543614,21.4064054177,6.01129328913,15.3951121285
 03/27  15:00:00,1296.90733291,33.4838244916,236.30826919,0.0,448.566543614,448.566543614,17.5517828199,2.16157487301,15.3902079469
 03/27  16:00:00,1349.28438797,32.9965244862,239.908782641,0.0,448.566543614,448.566543614,24.0302407718,4.15492882999,19.8753119418
 03/27  17:00:00,1232.70827339,31.0177848037,238.092974068,0.0,348.885089477,398.725816546,26.5208087812,15.555264425,10.9655443563
 03/27  18:00:00,1028.26214287,30.4556183571,233.936264731,0.0,249.203635341,299.044362409,44.7050643991,33.7623384515,10.9427259476
 03/27  19:00:00,1005.49611494,30.3148174886,219.597083062,0.0,249.203635341,299.044362409,54.7065561862,48.1485718587,6.55798432756
 03/27  20:00:00,826.313600765,30.3148174886,158.027184968,0.0,149.522181205,249.203635341,113.388873103,106.826275328,6.56259777478
 03/27  21:00:00,724.350410475,30.3148174886,97.7844493933,0.0,149.522181205,249.203635341,167.156007239,162.790433536,4.36557370292
 03/27  22:00:00,349.356863151,0.0,0.0,0.0,49.8407270682,199.362908273,2.19021746596,0.0,2.19021746596
 03/27  23:00:00,299.992104197,0.0,0.0,0.0,24.9203635341,199.362908273,2.18997333243,0.0,2.18997333243
 03/27  24:00:00,287.769906338,0.0,0.0,0.0,24.9203635341,199.362908273,4.36039828292,0.0,4.36039828292
 03/28  01:00:00,287.769904163,0.0,0.0,0.0,24.9203635341,199.362908273,2.19008075432,0.0,2.19008075432
 03/28  02:00:00,287.769904091,0.0,0.0,0.0,24.9203635341,199.362908273,2.19000289443,0.0,2.19000289443
 03/28  03:00:00,287.769904126,0.0,0.0,0.0,24.9203635341,199.362908273,2.18976366729,0.0,2.18976366729
 03/28  04:00:00,299.992101888,0.0,0.0,0.0,24.9203635341,199.362908273,2.19018366528,0.0,2.19018366528
 03/28  05:00:00,349.35832211,0.0,0.0,0.0,49.8407270682,199.362908273,4.36536521646,0.0,4.36536521646
 03/28  06:00:00,747.228507187,31.2538427437,222.559811634,0.0,49.8407270682,199.362908273,356.113280572,351.749859635,4.36342093703
 03/28  07:00:00,788.172456755,30.3148174886,170.550147825,0.0,149.522181205,199.362908273,333.324475109,324.574954196,8.7495209129
 03/28  08:00:00,1316.77898328,30.3148174886,175.96773347,0.0,448.566543614,448.566543614,135.856627836,120.454771299,15.4018565362
 03/28  09:00:00,1347.98402838,30.3148174886,242.9578936,0.0,448.566543614,448.566543614,100.79607055,83.1736947912,17.622375759
 03/28  10:00:00,1315.95677928,30.3148174886,259.203489579,0.0,448.566543614,448.566543614,59.8369892597,42.2083328717,17.628656388
 03/28  11:00:00,1318.33805552,30.3148174886,261.07291789,0.0,448.566543614,448.566543614,45.584463562,25.6860909364,19.8983726255
 03/28  12:00:00,1271.26934988,30.3148174886,263.514938902,0.0,448.566543614,398.725816546,48.4610443784,21.8217407659,26.6393036126
 03/28  13:00:00,1329.19319565,31.6380817643,269.870944642,0.0,448.566543614,448.566543614,34.4398362322,10.0499673281,24.389868904
 03/28  14:00:00,1341.00355638,33.4440285723,279.316311961,0.0,448.566543614,448.566543614,18.7931535867,3.3974674774,15.3956861093
 03/28  15:00:00,1351.88384072,33.4022860933,289.866373437,0.0,448.566543614,448.566543614,16.2560201201,0.865733915064,15.390286205
 03/28  16:00:00,1396.57227038,33.1512427301,285.880700316,0.0,448.566543614,448.566543614,20.3814993702,0.509965823787,19.8715335464
 03/28  17:00:00,1274.097607,30.4480234255,279.068285309,0.0,348.885089477,398.725816546,14.6392871558,3.67363276509,10.9656543907
 03/28  18:00:00,1070.54952894,30.3148174886,275.851863441,0.0,249.203635341,299.044362409,32.746943702,23.9894498892,8.75749381279
 03/28  19:00:00,1057.37584275,30.3148174886,270.6970885,0.0,249.203635341,299.044362409,53.1323654016,44.3968415344,8.73552386715
 03/28  20:00:00,933.295110155,30.3148174886,262.165273182,0.0,149.522181205,249.203635341,99.3439792849,92.7812839458,6.56269533914
 03/28  21:00:00,899.530862788,30.3148174886,253.404288264,0.0,149.522181205,249.203635341,122.886608706,118.521141772,4.36546693409
 03/28  22:00:00,349.356860925,0.0,0.0,0.0,49.8407270682,199.362908273,2.19024223846,0.0,2.19024223846
 03/28  23:00:00,299.992101877,0.0,0.0,0.0,24.9203635341,199.362908273,2.18999481556,0.0,2.18999481556
 03/28  24:00:00,287.769904318,0.0,0.0,0.0,24.9203635341,199.362908273,2.19025322168,0.0,2.19025322168
 03/29  01:00:00,287.769902213,0.0,0.0,0.0,24.9203635341,199.362908273,4.3602600832,0.0,4.3602600832
 03/29  02:00:00,287.769902165,0.0,0.0,0.0,24.9203635341,199.362908273,2.19000750384,0.0,2.19000750384
 03/29  03:00:00,287.769902117,0.0,0.0,0.0,24.9203635341,199.362908273,2.18992573602,0.0,2.18992573602
 03/29  04:00:00,299.992099804,0.0,0.0,0.0,24.9203635341,199.362908273,2.19017998904,0.0,2.19017998904
 03/29  05:00:00,349.358318983,0.0,0.0,0.0,49.8407270682,199.362908273,4.36569501713,0.0,4.36569501713
 03/29  06:00:00,733.378922846,31.1483236369,214.941545417,0.0,49.8407270682,199.362908273,500.994498336,498.802753491,2.19174484465
 03/29  07:00:00,527.641029742,30.3148174886,0.0,0.0,149.522181205,199.362908273,749.915743938,741.165469022,8.75027491665
 03/29  08:00:00,1050.02370029,30.3148174886,0.0,0.0,448.566543614,448.566543614,425.395087366,407.796668609,17.5984187564
 03/29  09:00:00,1109.0735603,30.3148174886,60.628200762,0.0,448.566543614,448.566543614,200.865996441,185.44561692,15.4203795206
 03/29  10:00:00,1052.01769806,30.3148174886,31.894695189,0.0,448.566543614,448.566543614,109.133532784,91.5045798171,17.6289529673
 03/29  11:00:00,1078.62126084,30.3148174886,54.8282887789,0.0,448.566543614,448.566543614,80.7621999998,58.6541735543,22.1080264456
 03/29  12:00:00,1068.28206414,30.7016991478,87.2273360743,0.0,448.566543614,398.725816546,84.7981160671,60.3845242705,24.4135917966
 03/29  13:00:00,1188.09232951,32.341150196,144.70818335,0.0,448.566543614,448.566543614,70.7804184109,46.3919030909,24.38851532
 03/29  14:00:00,1246.13568174,32.8072847245,190.931164745,0.0,448.566543614,448.566543614,54.1943592144,38.7995269262,15.3948322882
 03/29  15:00:00,1267.2572948,32.8767957429,208.420026004,0.0,448.566543614,448.566543614,30.0611370128,14.6737248491,15.3874121636
 03/29  16:00:00,1314.00749791,32.4207242554,206.741839363,0.0,448.566543614,448.566543614,31.6652567777,11.7928072468,19.8724495309
 03/29  17:00:00,1160.7109486,30.3368543228,172.768022037,0.0,348.885089477,398.725816546,35.9836828901,22.8311655251,13.152517365
 03/29  18:00:00,926.105026321,30.3148174886,145.048478957,0.0,249.203635341,299.044362409,53.8149987782,45.0573924475,8.75760633075
 03/29  19:00:00,863.410219739,30.3148174886,107.521741743,0.0,249.203635341,299.044362409,92.2016548495,85.6454339827,6.55622086681
 03/29  20:00:00,714.38434252,30.3148174886,72.9016930899,0.0,149.522181205,249.203635341,174.642994708,165.899814033,8.74318067466
 03/29  21:00:00,661.463847761,30.3148174886,49.4410692425,0.0,149.522181205,249.203635341,207.875562064,203.510148439,4.36541362476
 03/29  22:00:00,349.356859375,0.0,0.0,0.0,49.8407270682,199.362908273,2.18994416636,0.0,2.18994416636
 03/29  23:00:00,299.992100049,0.0,0.0,0.0,24.9203635341,199.362908273,2.19019812847,0.0,2.19019812847
 03/29  24:00:00,287.769902094,0.0,0.0,0.0,24.9203635341,199.362908273,2.1901160446,0.0,2.1901160446
 03/30  01:00:00,287.769900003,0.0,0.0,0.0,24.9203635341,199.362908273,2.19002847843,0.0,2.19002847843
 03/30  02:00:00,287.769900125,0.0,0.0,0.0,24.9203635341,199.362908273,2.18994296768,0.0,2.18994296768
 03/30  03:00:00,287.769900242,0.0,0.0,0.0,24.9203635341,199.362908273,2.19019260223,0.0,2.19019260223
 03/30  04:00:00,299.992098043,0.0,0.0,0.0,24.9203635341,199.362908273,4.3601279242,0.0,4.3601279242
 03/30  05:00:00,349.358315104,0.0,0.0,0.0,49.8407270682,199.362908273,2.19288684902,0.0,2.19288684902
 03/30  06:00:00,709.364247467,30.7981345692,202.635820317,0.0,49.8407270682,199.362908273,560.986695161,556.622855885,4.36383927659
 03/30  07:00:00,519.01726741,30.3148174886,0.0,0.0,149.522181205,199.362908273,610.554137572,601.805058267,8.74907930534
 03/30  08:00:00,1126.57904564,30.3148174886,52.5434503962,0.0,448.566543614,448.566543614,323.699492298,308.298017747,15.4014745506
 03/30  09:00:00,1114.37810953,30.3148174886,43.2958655042,0.0,448.566543614,448.566543614,171.008812125,153.388393293,17.6204188318
 03/30  10:00:00,1090.96792535,30.3148174886,65.2209439053,0.0,448.566543614,448.566543614,107.794625184,90.1643380379,17.6302871456
 03/30  11:00:00,1145.54561788,30.3148174886,107.995416196,0.0,448.566543614,448.566543614,77.064236849,57.1669610888,19.8972757602
 03/30  12:00:00,1168.71415332,30.9562962552,163.908536472,0.0,448.566543614,398.725816546,82.3118095912,55.6733348688,26.6384747224
 03/30  13:00:00,1279.21157149,32.8604825428,220.607703388,0.0,448.566543614,448.566543614,63.5695918459,39.1846228232,24.3849690227
 03/30  14:00:00,1296.38763075,33.5514729551,236.280828324,0.0,448.566543614,448.566543614,43.8663008151,28.4715736256,15.3947271895
 03/30  15:00:00,1311.43532113,32.9465795534,251.20934775,0.0,448.566543614,448.566543614,20.2510306553,4.86212250226,15.3889081531
 03/30  16:00:00,1370.49377739,32.1328345751,261.543810482,0.0,448.566543614,448.566543614,21.2616307612,1.3929586346,19.8686721266
 03/30  17:00:00,1267.82796962,30.6552351773,272.936076984,0.0,348.885089477,398.725816546,15.5404272037,4.57465095196,10.9657762517
 03/30  18:00:00,1068.26168033,30.3148174886,273.393413907,0.0,249.203635341,299.044362409,30.9521445008,22.1945804692,8.75756403165
 03/30  19:00:00,1048.75137015,30.3148174886,270.3606076,0.0,249.203635341,299.044362409,47.658999875,38.9228611279,8.73613874705
 03/30  20:00:00,937.247701915,30.3148174886,266.291483666,0.0,149.522181205,249.203635341,104.103752149,97.5410722757,6.56267987288
 03/30  21:00:00,906.063728143,30.3148174886,260.338164929,0.0,149.522181205,249.203635341,138.165329181,133.800023527,4.36530565432
 03/30  22:00:00,349.35685669,0.0,0.0,0.0,49.8407270682,199.362908273,2.19007156023,0.0,2.19007156023
 03/30  23:00:00,299.992097664,0.0,0.0,0.0,24.9203635341,199.362908273,2.18998558616,0.0,2.18998558616
 03/30  24:00:00,287.769900029,0.0,0.0,0.0,24.9203635341,199.362908273,2.18970953006,0.0,2.18970953006
 03/31  01:00:00,287.769897967,0.0,0.0,0.0,24.9203635341,199.362908273,2.19014388271,0.0,2.19014388271
 03/31  02:00:00,287.769898073,0.0,0.0,0.0,24.9203635341,199.362908273,4.36001923511,0.0,4.36001923511
 03/31  03:00:00,287.769898145,0.0,0.0,0.0,24.9203635341,199.362908273,2.19020953105,0.0,2.19020953105
 03/31  04:00:00,299.99209571,0.0,0.0,0.0,24.9203635341,199.362908273,2.19011978432,0.0,2.19011978432
 03/31  05:00:00,349.358311827,0.0,0.0,0.0,49.8407270682,199.362908273,4.36536558362,0.0,4.36536558362
 03/31  06:00:00,745.517438746,30.8963732258,222.77144426,0.0,49.8407270682,199.362908273,450.299551832,448.107780753,2.19177107856
 03/31  07:00:00,518.922129331,30.3148174886,0.0,0.0,149.522181205,199.362908273,501.316125558,492.565519642,8.75060591583
 03/31  08:00:00,1190.98042147,30.3148174886,81.571566143,0.0,448.566543614,448.566543614,193.139700594,177.736753738,15.4029468565
 03/31  09:00:00,1207.08504996,30.4581430298,111.152241873,0.0,448.566543614,448.566543614,100.619964619,82.998549649,17.6214149695
 03/31  10:00:00,1281.10170766,30.9211490464,224.0723084,0.0,448.566543614,448.566543614,64.5407454612,46.9122337237,17.6285117374
 03/31  11:00:00,1318.73559742,30.7405643292,260.474152234,0.0,448.566543614,448.566543614,53.0581643701,30.9552058042,22.102958566
 03/31  12:00:00,1305.65049659,32.2881237001,294.894198169,0.0,448.566543614,398.725816546,51.581771158,27.160693755,24.421077403
 03/31  13:00:00,1379.39592503,34.4780073956,316.144306211,0.0,448.566543614,448.566543614,37.7010269671,13.31521286,24.3858141071
 03/31  14:00:00,1389.72471806,35.5182866824,324.792541027,0.0,448.566543614,448.566543614,19.9379349406,4.54486000241,15.3930749382
 03/31  15:00:00,1397.9302157,35.7359733794,332.272261014,0.0,448.566543614,448.566543614,15.5268261186,0.139501851764,15.3873242668
 03/31  16:00:00,1452.02415731,35.5838601736,337.316918979,0.0,448.566543614,448.566543614,19.8707277964,0.0,19.8707277964
 03/31  17:00:00,1337.12719871,33.7469509958,337.113775619,0.0,348.885089477,398.725816546,10.9657036976,0.0,10.9657036976
 03/31  18:00:00,1136.38370356,32.269404012,337.43263535,0.0,249.203635341,299.044362409,9.01262645475,0.255821165394,8.75680528936
 03/31  19:00:00,1101.29060367,30.488896349,320.78685181,0.0,249.203635341,299.044362409,14.9768366237,6.24016252784,8.73667409587
 03/31  20:00:00,966.718767432,30.3148174886,294.739415396,0.0,149.522181205,249.203635341,36.5505419561,29.9874670538,6.56307490234
 03/31  21:00:00,917.411187871,30.3148174886,271.126807743,0.0,149.522181205,249.203635341,70.7089202479,66.3436895124,4.36523073552
 03/31  22:00:00,349.356854608,0.0,0.0,0.0,49.8407270682,199.362908273,2.19003464205,0.0,2.19003464205
 03/31  23:00:00,299.992095589,0.0,0.0,0.0,24.9203635341,199.362908273,2.1899447261,0.0,2.1899447261
 03/31  24:00:00,287.769897881,0.0,0.0,0.0,24.9203635341,199.362908273,2.19018914905,0.0,2.19018914905
 04/01  01:00:00,237.929168725,0.0,0.0,0.0,24.9203635341,149.522181205,2.19009423119,0.0,2.19009423119
 04/01  02:00:00,237.9291689,0.0,0.0,0.0,24.9203635341,149.522181205,4.35990796527,0.0,4.35990796527
 04/01  03:00:00,237.929168916,0.0,0.0,0.0,24.9203635341,149.522181205,2.19014723411,0.0,2.19014723411
 04/01  04:00:00,250.151366522,0.0,0.0,0.0,24.9203635341,149.522181205,2.19005349379,0.0,2.19005349379
 04/01  05:00:00,274.597217792,0.0,0.0,0.0,24.9203635341,149.522181205,4.36520585283,0.0,4.36520585283
 04/01  06:00:00,765.52324378,30.9586243715,241.060283796,0.0,49.8407270682,199.362908273,307.385925196,305.194237954,2.19168724178
 04/01  07:00:00,631.795456599,30.3148174886,126.594561496,0.0,49.8407270682,199.362908273,302.661557208,298.290693069,4.37086413882
 04/01  08:00:00,840.093092921,30.3148174886,103.909254493,0.0,249.203635341,249.203635341,163.671989405,154.935983117,8.73600628801
 04/01  09:00:00,909.723424535,30.3148174886,203.916626884,0.0,249.203635341,249.203635341,102.031825845,93.2740860913,8.75773975407
 04/01  10:00:00,924.028809969,30.3148174886,265.828220956,0.0,249.203635341,249.203635341,66.1384755602,57.3893109407,8.74916461951
 04/01  11:00:00,964.252077362,30.3590176272,304.691655485,0.0,249.203635341,249.203635341,50.4803291351,39.5303162,10.950012935
 04/01  12:00:00,1018.08652788,31.9300439049,355.989400205,0.0,249.203635341,249.203635341,36.8735377689,28.1195884333,8.75394933559
 04/01  13:00:00,1056.57351415,33.7053526985,392.252596281,0.0,249.203635341,249.203635341,30.3445639356,21.5938541572,8.75070977833
 04/01  14:00:00,799.693584363,33.655254965,384.626486222,0.0,74.7610906023,174.442544739,41.4799124517,34.922583105,6.55732934671
 04/01  15:00:00,810.363097849,32.9639111597,396.052620669,0.0,74.7610906023,174.442544739,19.0707197482,12.5187045627,6.55201518549
 04/01  16:00:00,885.072573452,31.5144666885,416.604999979,0.0,74.7610906023,174.442544739,18.0452165265,11.4912053271,6.55401119935
 04/01  17:00:00,818.426615156,31.0236905794,389.700847106,0.0,24.9203635341,149.522181205,30.5332032531,28.3412979036,2.19190534956
 04/01  18:00:00,643.696234481,21.1731952954,256.380914711,0.0,24.9203635341,149.522181205,4.36396257271,0.0,4.36396257271
 04/01  19:00:00,582.952180987,19.063516547,220.255918643,0.0,24.9203635341,149.522181205,2.19196478797,0.0,2.19196478797
 04/01  20:00:00,323.485524277,0.0,0.0,0.0,24.9203635341,149.522181205,4.36357344136,0.0,4.36357344136
 04/01  21:00:00,299.042098992,0.0,0.0,0.0,24.9203635341,149.522181205,4.36756866918,0.0,4.36756866918
 04/01  22:00:00,274.595762082,0.0,0.0,0.0,24.9203635341,149.522181205,2.18992652411,0.0,2.18992652411
 04/01  23:00:00,250.151366447,0.0,0.0,0.0,24.9203635341,149.522181205,2.19016615718,0.0,2.19016615718
 04/01  24:00:00,237.929168626,0.0,0.0,0.0,24.9203635341,149.522181205,2.19007221943,0.0,2.19007221943
 04/02  01:00:00,237.928681823,0.0,0.0,0.0,24.9203635341,149.522181205,2.18927868018,0.0,2.18927868018
 04/02  02:00:00,237.928681795,0.0,0.0,0.0,24.9203635341,149.522181205,2.18915762074,0.0,2.18915762074
 04/02  03:00:00,237.928681868,0.0,0.0,0.0,24.9203635341,149.522181205,2.18903632829,0.0,2.18903632829
 04/02  04:00:00,250.150879618,0.0,0.0,0.0,24.9203635341,149.522181205,2.18918799199,0.0,2.18918799199
 04/02  05:00:00,274.596729542,0.0,0.0,0.0,24.9203635341,149.522181205,2.19187349059,0.0,2.19187349059
 04/02  06:00:00,323.484066403,0.0,0.0,0.0,24.9203635341,149.522181205,2.18919569877,0.0,2.18919569877
 04/02  07:00:00,313.753795385,0.0,0.0,0.0,24.9203635341,149.522181205,2.18907405504,0.0,2.18907405504
 04/02  08:00:00,296.666462064,0.0,0.0,0.0,24.9203635341,149.522181205,2.18922526966,0.0,2.18922526966
 04/02  09:00:00,259.99986867,0.0,0.0,0.0,24.9203635341,149.522181205,2.18910355196,0.0,2.18910355196
 04/02  10:00:00,211.111077497,0.0,0.0,0.0,24.9203635341,149.522181205,2.18925459828,0.0,2.18925459828
 04/02  11:00:00,211.112047157,0.0,0.0,0.0,24.9203635341,149.522181205,2.19079248419,0.0,2.19079248419
 04/02  12:00:00,211.112047269,0.0,0.0,0.0,24.9203635341,149.522181205,4.36179044589,0.0,4.36179044589
 04/02  13:00:00,211.113501444,0.0,0.0,0.0,24.9203635341,149.522181205,4.36732488192,0.0,4.36732488192
 04/02  14:00:00,211.112046771,0.0,0.0,0.0,24.9203635341,149.522181205,2.19089471075,0.0,2.19089471075
 04/02  15:00:00,211.111077507,0.0,0.0,0.0,24.9203635341,149.522181205,2.18904207415,0.0,2.18904207415
 04/02  16:00:00,259.999868666,0.0,0.0,0.0,24.9203635341,149.522181205,2.18919320357,0.0,2.18919320357
 04/02  17:00:00,296.666462086,0.0,0.0,0.0,24.9203635341,149.522181205,2.18907135417,0.0,2.18907135417
 04/02  18:00:00,296.666462056,0.0,0.0,0.0,24.9203635341,149.522181205,2.18922239075,0.0,2.18922239075
 04/02  19:00:00,280.765733087,0.0,0.0,0.0,24.9203635341,149.522181205,2.18910055421,0.0,2.18910055421
 04/02  20:00:00,323.48406641,0.0,0.0,0.0,24.9203635341,149.522181205,2.18925150253,0.0,2.18925150253
 04/02  21:00:00,299.041124859,0.0,0.0,0.0,24.9203635341,149.522181205,2.19184052835,0.0,2.19184052835
 04/02  22:00:00,274.595275227,0.0,0.0,0.0,24.9203635341,149.522181205,2.18925793118,0.0,2.18925793118
 04/02  23:00:00,250.150879608,0.0,0.0,0.0,24.9203635341,149.522181205,2.18913610163,0.0,2.18913610163
 04/02  24:00:00,237.928681881,0.0,0.0,0.0,24.9203635341,149.522181205,2.18928693467,0.0,2.18928693467
 04/03  01:00:00,287.769891322,0.0,0.0,0.0,24.9203635341,199.362908273,2.18991180877,0.0,2.18991180877
 04/03  02:00:00,287.769891371,0.0,0.0,0.0,24.9203635341,199.362908273,2.19014213476,0.0,2.19014213476
 04/03  03:00:00,287.769891431,0.0,0.0,0.0,24.9203635341,199.362908273,2.19004035013,0.0,2.19004035013
 04/03  04:00:00,299.992089426,0.0,0.0,0.0,24.9203635341,199.362908273,2.18993849983,0.0,2.18993849983
 04/03  05:00:00,349.358301174,0.0,0.0,0.0,49.8407270682,199.362908273,4.36553620263,0.0,4.36553620263
 04/03  06:00:00,850.491004997,30.9968917647,318.806169055,0.0,49.8407270682,199.362908273,340.04860078,335.685085824,4.36351495661
 04/03  07:00:00,882.494133752,30.3148174886,262.804636551,0.0,149.522181205,199.362908273,323.291486352,314.541741217,8.74974513498
 04/03  08:00:00,1402.51933606,30.3148174886,251.587147789,0.0,448.566543614,448.566543614,115.486489422,100.086973904,15.3995155186
 04/03  09:00:00,1394.73066042,30.3148174886,281.628923161,0.0,448.566543614,448.566543614,104.818180943,87.2005202702,17.6176606724
 04/03  10:00:00,1362.25256775,30.3148174886,298.850660848,0.0,448.566543614,448.566543614,93.8419003313,78.4181241508,15.4237761805
 04/03  11:00:00,1373.65029441,30.3148174886,310.931521466,0.0,448.566543614,448.566543614,87.8307162625,65.7297183832,22.1009978793
 04/03  12:00:00,1330.84231532,30.3148174886,318.418328723,0.0,448.566543614,398.725816546,94.3421270491,69.9316398517,24.4104871974
 04/03  13:00:00,1388.0203288,30.3148174886,325.251310285,0.0,448.566543614,448.566543614,55.5470076707,31.1649915796,24.3820160911
 04/03  14:00:00,1397.15689134,30.3148174886,334.394118644,0.0,448.566543614,448.566543614,43.5877870385,28.1965885856,15.3911984529
 04/03  15:00:00,1397.76374659,30.3148174886,335.122902739,0.0,448.566543614,448.566543614,40.5300077831,25.1432823592,15.386725424
 04/03  16:00:00,1450.73927498,30.3617384627,338.763808435,0.0,448.566543614,448.566543614,42.5407273046,22.674589926,19.8661373787
 04/03  17:00:00,1338.35882046,30.3148174886,338.559546982,0.0,348.885089477,398.725816546,50.4117670525,39.4471910026,10.9645760499
 04/03  18:00:00,1137.05457931,30.3148174886,335.447599266,0.0,249.203635341,299.044362409,79.7663529256,71.0105366212,8.75581630435
 04/03  19:00:00,1124.45268925,30.3148174886,338.065114737,0.0,249.203635341,299.044362409,94.1677721072,87.6109587106,6.55681339665
 04/03  20:00:00,1015.54631124,30.3148174886,336.527252905,0.0,149.522181205,249.203635341,131.035907989,122.293422562,8.74248542772
 04/03  21:00:00,980.57942519,30.3148174886,326.097264232,0.0,149.522181205,249.203635341,156.342837427,151.977676606,4.3651608217
 04/03  22:00:00,349.356848342,0.0,0.0,0.0,49.8407270682,199.362908273,2.19007761916,0.0,2.19007761916
 04/03  23:00:00,299.992089158,0.0,0.0,0.0,24.9203635341,199.362908273,2.1899755187,0.0,2.1899755187
 04/03  24:00:00,287.769891406,0.0,0.0,0.0,24.9203635341,199.362908273,2.18987343292,0.0,2.18987343292
 04/04  01:00:00,287.76988909,0.0,0.0,0.0,24.9203635341,199.362908273,2.19009739341,0.0,2.19009739341
 04/04  02:00:00,287.769889166,0.0,0.0,0.0,24.9203635341,199.362908273,2.18999157245,0.0,2.18999157245
 04/04  03:00:00,287.769889368,0.0,0.0,0.0,24.9203635341,199.362908273,2.18988565649,0.0,2.18988565649
 04/04  04:00:00,299.992087112,0.0,0.0,0.0,24.9203635341,199.362908273,4.36011549002,0.0,4.36011549002
 04/04  05:00:00,349.358297622,0.0,0.0,0.0,49.8407270682,199.362908273,2.19280957454,0.0,2.19280957454
 04/04  06:00:00,804.753851689,30.8851152839,273.128166478,0.0,49.8407270682,199.362908273,418.526442936,414.162798581,4.36364435468
 04/04  07:00:00,734.483792833,30.3148174886,115.595988267,0.0,149.522181205,199.362908273,358.825808117,350.076788867,8.74901924963
 04/04  08:00:00,1251.62200037,30.3148174886,110.891186323,0.0,448.566543614,448.566543614,130.230950055,114.832599373,15.3983506826
 04/04  09:00:00,1368.62938843,30.6939487531,253.002404084,0.0,448.566543614,448.566543614,80.6202708044,63.0032610879,17.6170097165
 04/04  10:00:00,1377.79168023,31.332350712,310.430106041,0.0,448.566543614,448.566543614,58.0757454257,42.6533364162,15.4224090096
 04/04  11:00:00,1410.50326355,30.7050915771,343.776203464,0.0,448.566543614,448.566543614,50.1296358727,28.0296517917,22.099984081
 04/04  12:00:00,1375.06851094,31.5868325276,357.297507089,0.0,448.566543614,398.725816546,49.9335318894,25.5251423046,24.4083895848
 04/04  13:00:00,1447.97794496,33.7179864669,378.248301951,0.0,448.566543614,448.566543614,34.3729290879,9.99287297027,24.3800561176
 04/04  14:00:00,1468.03209293,34.4833442233,397.552657342,0.0,448.566543614,448.566543614,17.6160320101,2.22425498155,15.3917770285
 04/04  15:00:00,1467.62651618,34.3762675804,397.256292304,0.0,448.566543614,448.566543614,15.4323473119,0.0472839150202,15.3850633969
 04/04  16:00:00,1523.89186123,34.6937069734,404.310117643,0.0,448.566543614,448.566543614,17.6605016098,0.0,17.6605016098
 04/04  17:00:00,1414.62024211,33.4853068655,409.111201313,0.0,348.885089477,398.725816546,13.1523411896,0.0,13.1523411896
 04/04  18:00:00,1218.74239791,32.3910508871,413.692936431,0.0,249.203635341,299.044362409,8.7559155161,0.0,8.7559155161
 04/04  19:00:00,1184.34593819,30.6596236849,396.93014252,0.0,249.203635341,299.044362409,8.39791442375,1.84153527635,6.5563791474
 04/04  20:00:00,1042.46694928,30.3148174886,362.373099978,0.0,149.522181205,249.203635341,31.4428903885,22.700638842,8.74225154646
 04/04  21:00:00,1000.65540509,30.3148174886,344.841390509,0.0,149.522181205,249.203635341,46.8030246097,42.4379789844,4.36504562531
 04/04  22:00:00,349.356846399,0.0,0.0,0.0,49.8407270682,199.362908273,2.19009741029,0.0,2.19009741029
 04/04  23:00:00,299.992087079,0.0,0.0,0.0,24.9203635341,199.362908273,2.18999114774,0.0,2.18999114774
 04/04  24:00:00,287.769889221,0.0,0.0,0.0,24.9203635341,199.362908273,2.18988489045,0.0,2.18988489045
 04/05  01:00:00,287.769886816,0.0,0.0,0.0,24.9203635341,199.362908273,2.19010294263,0.0,2.19010294263
 04/05  02:00:00,287.769886787,0.0,0.0,0.0,24.9203635341,199.362908273,2.18999288673,0.0,2.18999288673
 04/05  03:00:00,287.769886903,0.0,0.0,0.0,24.9203635341,199.362908273,2.18988273297,0.0,2.18988273297
 04/05  04:00:00,299.992084797,0.0,0.0,0.0,24.9203635341,199.362908273,2.19010274472,0.0,2.19010274472
 04/05  05:00:00,349.358294119,0.0,0.0,0.0,49.8407270682,199.362908273,4.3651446779,0.0,4.3651446779
 04/05  06:00:00,860.74883613,31.8513316423,328.353630042,0.0,49.8407270682,199.362908273,161.780803195,157.417254974,4.36354822061
 04/05  07:00:00,916.910246701,30.3148174886,306.890228362,0.0,149.522181205,199.362908273,162.097289143,153.348744703,8.74854444038
 04/05  08:00:00,1453.48011916,30.3299245695,302.38081202,0.0,448.566543614,448.566543614,52.0584275273,36.6595384902,15.3988890371
 04/05  09:00:00,1435.41502031,31.5672726836,319.118044129,0.0,448.566543614,448.566543614,36.7958505361,21.3783555769,15.4174949592
 04/05  10:00:00,1413.50336211,32.2004673084,345.300045891,0.0,448.566543614,448.566543614,25.6506414356,8.02847724167,17.6221641939
 04/05  11:00:00,1453.87182375,33.1853010921,384.684987481,0.0,448.566543614,448.566543614,23.2423699894,1.14296706837,22.099402921
 04/05  12:00:00,1436.41193912,33.5712257051,416.675570766,0.0,448.566543614,398.725816546,24.895085163,0.484182652907,24.4109025101
 04/05  13:00:00,1503.79286427,37.8240568783,429.964747626,0.0,448.566543614,448.566543614,24.3764172709,0.0,24.3764172709
 04/05  14:00:00,1502.50569884,39.6280876476,426.883220111,0.0,448.566543614,448.566543614,15.3906567976,0.0,15.3906567976
 04/05  15:00:00,1503.11940218,39.9655792317,427.15991769,0.0,448.566543614,448.566543614,13.188488892,0.0,13.188488892
 04/05  16:00:00,1553.90057881,42.004341754,427.008222504,0.0,448.566543614,448.566543614,19.8638581393,0.0,19.8638581393
 04/05  17:00:00,1448.6833422,38.7443543227,437.91526116,0.0,348.885089477,398.725816546,10.9615025935,0.0,10.9615025935
 04/05  18:00:00,1251.73046574,34.8228397232,444.249228417,0.0,249.203635341,299.044362409,10.9394511366,0.0,10.9394511366
 04/05  19:00:00,1217.84562877,31.8154007724,429.275458468,0.0,249.203635341,299.044362409,6.55645743048,0.0,6.55645743048
 04/05  20:00:00,1080.6564516,30.3148174886,400.389527973,0.0,149.522181205,249.203635341,6.85021324056,0.288993346771,6.56121989379
 04/05  21:00:00,1037.60333849,30.3148174886,381.781916472,0.0,149.522181205,249.203635341,8.96661744512,4.60126727003,4.3653501751
 04/05  22:00:00,349.356843697,0.0,0.0,0.0,49.8407270682,199.362908273,2.19002055253,0.0,2.19002055253
 04/05  23:00:00,299.992084615,0.0,0.0,0.0,24.9203635341,199.362908273,2.18990905583,0.0,2.18990905583
 04/05  24:00:00,287.76988698,0.0,0.0,0.0,24.9203635341,199.362908273,2.19012865737,0.0,2.19012865737
 04/06  01:00:00,287.769884631,0.0,0.0,0.0,24.9203635341,199.362908273,4.35991283477,0.0,4.35991283477
 04/06  02:00:00,287.769884688,0.0,0.0,0.0,24.9203635341,199.362908273,2.19011424002,0.0,2.19011424002
 04/06  03:00:00,287.769884493,0.0,0.0,0.0,24.9203635341,199.362908273,2.18999975746,0.0,2.18999975746
 04/06  04:00:00,299.992082272,0.0,0.0,0.0,24.9203635341,199.362908273,2.18988520496,0.0,2.18988520496
 04/06  05:00:00,349.358290593,0.0,0.0,0.0,49.8407270682,199.362908273,4.36538908128,0.0,4.36538908128
 04/06  06:00:00,891.102187121,33.4523996998,357.181703541,0.0,49.8407270682,199.362908273,59.6568445956,57.4650876875,2.19175690815
 04/06  07:00:00,942.820392812,30.3148174886,330.626413718,0.0,149.522181205,199.362908273,63.300555888,54.5510157085,8.74954017953
 04/06  08:00:00,1480.18454231,30.7877987523,327.839163394,0.0,448.566543614,448.566543614,25.1756221488,9.77762374852,15.3979984002
 04/06  09:00:00,1472.89817605,33.9597060091,354.052481675,0.0,448.566543614,448.566543614,18.8016437678,1.18473569189,17.616908076
 04/06  10:00:00,1459.27847746,35.8239038501,387.457717611,0.0,448.566543614,448.566543614,17.7140662306,0.0915080605228,17.6225581701
 04/06  11:00:00,1495.90388346,38.1627689482,421.74046291,0.0,448.566543614,448.566543614,19.889385302,0.0,19.889385302
 04/06  12:00:00,1460.58529498,36.40357772,438.016959136,0.0,448.566543614,398.725816546,24.4036197153,0.0,24.4036197153
 04/06  13:00:00,1513.48761027,42.6583041186,434.825276762,0.0,448.566543614,448.566543614,24.3770363167,0.0,24.3770363167
 04/06  14:00:00,1500.93676608,44.5358027566,420.406588882,0.0,448.566543614,448.566543614,15.3899854721,0.0,15.3899854721
 04/06  15:00:00,1498.47224006,45.284523986,417.193824661,0.0,448.566543614,448.566543614,15.3847283316,0.0,15.3847283316
 04/06  16:00:00,1544.63819885,47.3985079623,412.351698308,0.0,448.566543614,448.566543614,17.6599703645,0.0,17.6599703645
 04/06  17:00:00,1435.04233108,41.4343483004,422.457228631,0.0,348.885089477,398.725816546,13.1497370308,0.0,13.1497370308
 04/06  18:00:00,1233.11898306,35.1608836433,428.240985975,0.0,249.203635341,299.044362409,8.75666881966,0.0,8.75666881966
 04/06  19:00:00,1197.34169337,31.7705582277,412.549392024,0.0,249.203635341,299.044362409,6.55639102562,0.0,6.55639102562
 04/06  20:00:00,1052.57554785,30.3150084377,377.482302044,0.0,149.522181205,249.203635341,8.78019651332,0.0383955786616,8.74180093466
 04/06  21:00:00,1020.1016337,30.3148174886,369.346696033,0.0,149.522181205,249.203635341,3.26144606854,1.06877598506,2.19267008348
 04/06  22:00:00,349.356841571,0.0,0.0,0.0,49.8407270682,199.362908273,2.19006274814,0.0,2.19006274814
 04/06  23:00:00,299.992082524,0.0,0.0,0.0,24.9203635341,199.362908273,4.35977930461,0.0,4.35977930461
 04/06  24:00:00,287.76988471,0.0,0.0,0.0,24.9203635341,199.362908273,2.1900469252,0.0,2.1900469252
 04/07  01:00:00,287.769882175,0.0,0.0,0.0,24.9203635341,199.362908273,2.18992444943,0.0,2.18992444943
 04/07  02:00:00,287.769882182,0.0,0.0,0.0,24.9203635341,199.362908273,2.1901341273,0.0,2.1901341273
 04/07  03:00:00,287.769882032,0.0,0.0,0.0,24.9203635341,199.362908273,2.19001534923,0.0,2.19001534923
 04/07  04:00:00,299.992079867,0.0,0.0,0.0,24.9203635341,199.362908273,2.18989648699,0.0,2.18989648699
 04/07  05:00:00,349.358286997,0.0,0.0,0.0,49.8407270682,199.362908273,4.3650279426,0.0,4.3650279426
 04/07  06:00:00,917.422309162,33.7117638286,383.250565658,0.0,49.8407270682,199.362908273,48.9926803186,46.8010492997,2.19163101892
 04/07  07:00:00,978.989372399,30.3148174886,368.121598108,0.0,149.522181205,199.362908273,52.1220398783,43.3731249991,8.74891487918
 04/07  08:00:00,1518.35717313,32.1825124489,367.973815876,0.0,448.566543614,448.566543614,22.5123195046,7.11550169351,15.3968178111
 04/07  09:00:00,1517.69842527,35.9348210328,397.217834975,0.0,448.566543614,448.566543614,18.6220892144,1.00849822925,17.6135909851
 04/07  10:00:00,1494.33370729,37.3896277842,420.947139055,0.0,448.566543614,448.566543614,17.8507707329,0.227214076261,17.6235566566
 04/07  11:00:00,1513.92689527,39.2258031853,438.700461798,0.0,448.566543614,448.566543614,19.8895254757,0.0,19.8895254757
 04/07  12:00:00,1470.34368611,37.2228623257,446.956093646,0.0,448.566543614,398.725816546,24.4026535779,0.0,24.4026535779
 04/07  13:00:00,1526.77049149,43.8774450281,446.889042693,0.0,448.566543614,448.566543614,24.3762016652,0.0,24.3762016652
 04/07  14:00:00,1521.08575826,45.6232602367,439.468139994,0.0,448.566543614,448.566543614,15.3895014707,0.0,15.3895014707
 04/07  15:00:00,1520.19257946,45.8427253734,438.355978926,0.0,448.566543614,448.566543614,14.9195093014,0.0,14.9195093014
 04/07  16:00:00,1568.98397923,47.2183427226,436.877664682,0.0,448.566543614,448.566543614,18.1253676999,0.0,18.1253676999
 04/07  17:00:00,1464.02354568,41.5486584086,450.451187006,0.0,348.885089477,398.725816546,13.1487837698,0.0,13.1487837698
 04/07  18:00:00,1274.94767347,34.1729134879,468.116380418,0.0,249.203635341,299.044362409,8.7559742495,0.0,8.7559742495
 04/07  19:00:00,1241.38913516,31.189884723,453.444494537,0.0,249.203635341,299.044362409,6.55679962963,0.0,6.55679962963
 04/07  20:00:00,1116.04381231,30.3148174886,435.777121883,0.0,149.522181205,249.203635341,6.56123029443,0.0,6.56123029443
 04/07  21:00:00,1088.24166069,30.3148174886,432.42347991,0.0,149.522181205,249.203635341,4.67071331843,0.305477034922,4.36523628351
 04/07  22:00:00,349.356839139,0.0,0.0,0.0,49.8407270682,199.362908273,2.19005312646,0.0,2.19005312646
 04/07  23:00:00,299.992080114,0.0,0.0,0.0,24.9203635341,199.362908273,2.19009717101,0.0,2.19009717101
 04/07  24:00:00,287.769882327,0.0,0.0,0.0,24.9203635341,199.362908273,4.35983705927,0.0,4.35983705927
 04/08  01:00:00,237.929152848,0.0,0.0,0.0,24.9203635341,149.522181205,2.19005974582,0.0,2.19005974582
 04/08  02:00:00,237.929152688,0.0,0.0,0.0,24.9203635341,149.522181205,2.18993668896,0.0,2.18993668896
 04/08  03:00:00,237.9291527,0.0,0.0,0.0,24.9203635341,149.522181205,2.18981352906,0.0,2.18981352906
 04/08  04:00:00,250.15135038,0.0,0.0,0.0,24.9203635341,149.522181205,2.19001800277,0.0,2.19001800277
 04/08  05:00:00,274.597192447,0.0,0.0,0.0,24.9203635341,149.522181205,4.36508922012,0.0,4.36508922012
 04/08  06:00:00,877.325503546,33.5286899946,344.01580673,0.0,49.8407270682,199.362908273,68.7865605318,66.594710447,2.19185008483
 04/08  07:00:00,790.997153603,30.3148174886,280.889996056,0.0,49.8407270682,199.362908273,78.4372168219,71.891753725,6.54546309691
 04/08  08:00:00,1018.06271823,30.339692323,267.556148429,0.0,249.203635341,249.203635341,43.8536526633,37.2977506477,6.55590201567
 04/08  09:00:00,986.749871591,31.3091837152,277.363631194,0.0,249.203635341,249.203635341,39.7361858206,30.9799426993,8.75624312128
 04/08  10:00:00,955.921596554,31.6428177875,294.503328734,0.0,249.203635341,249.203635341,32.406775233,23.65936062,8.74741461298
 04/08  11:00:00,972.197234039,30.924182095,310.976760258,0.0,249.203635341,249.203635341,26.4435531984,17.6816987196,8.76185447881
 04/08  12:00:00,986.028156606,32.1365844666,323.18801224,0.0,249.203635341,249.203635341,24.4344800036,13.5002160706,10.934263933
 04/08  13:00:00,1006.30178206,33.661242529,341.443054483,0.0,249.203635341,249.203635341,14.8239153054,8.2571145185,6.56680078687
 04/08  14:00:00,774.721896096,33.4748762766,358.985297215,0.0,74.7610906023,174.442544739,20.5308460601,11.7965833616,8.73426269851
 04/08  15:00:00,776.627714145,32.5347688185,361.986006591,0.0,74.7610906023,174.442544739,4.59041959408,0.216280699766,4.37413889432
 04/08  16:00:00,818.007615403,31.241011877,355.96144813,0.0,74.7610906023,174.442544739,6.55862210595,0.00527075195066,6.553351354
 04/08  17:00:00,772.433229304,30.6838240079,349.210679085,0.0,24.9203635341,149.522181205,5.39880000357,1.03537075208,4.36342925149
 04/08  18:00:00,642.756331952,20.270527561,245.993919037,0.0,24.9203635341,149.522181205,2.19183057922,0.0,2.19183057922
 04/08  19:00:00,597.390009364,18.3536106743,222.520283069,0.0,24.9203635341,149.522181205,4.36370873077,0.0,4.36370873077
 04/08  20:00:00,323.485500965,0.0,0.0,0.0,24.9203635341,149.522181205,2.19178608548,0.0,2.19178608548
 04/08  21:00:00,299.042070191,0.0,0.0,0.0,24.9203635341,149.522181205,4.36676839695,0.0,4.36676839695
 04/08  22:00:00,274.595745976,0.0,0.0,0.0,24.9203635341,149.522181205,2.19007079562,0.0,2.19007079562
 04/08  23:00:00,250.15135043,0.0,0.0,0.0,24.9203635341,149.522181205,2.18994731939,0.0,2.18994731939
 04/08  24:00:00,237.929152832,0.0,0.0,0.0,24.9203635341,149.522181205,2.18982383317,0.0,2.18982383317
 04/09  01:00:00,237.928668605,0.0,0.0,0.0,24.9203635341,149.522181205,2.18913345946,0.0,2.18913345946
 04/09  02:00:00,237.92866871,0.0,0.0,0.0,24.9203635341,149.522181205,2.1889838068,0.0,2.1889838068
 04/09  03:00:00,237.928668723,0.0,0.0,0.0,24.9203635341,149.522181205,2.18910217326,0.0,2.18910217326
 04/09  04:00:00,250.150866629,0.0,0.0,0.0,24.9203635341,149.522181205,2.18922002856,0.0,2.18922002856
 04/09  05:00:00,274.596706967,0.0,0.0,0.0,24.9203635341,149.522181205,4.36329993138,0.0,4.36329993138
 04/09  06:00:00,323.48405333,0.0,0.0,0.0,24.9203635341,149.522181205,2.18901076937,0.0,2.18901076937
 04/09  07:00:00,305.210115552,0.0,0.0,0.0,24.9203635341,149.522181205,0.02,0.0,0.02
 04/09  08:00:00,296.666448926,0.0,0.0,0.0,24.9203635341,149.522181205,2.18921850834,0.0,2.18921850834
 04/09  09:00:00,543.899798489,18.8450897461,198.37038119,0.0,24.9203635341,149.522181205,2.18911275422,0.0,2.18911275422
 04/09  10:00:00,465.276314707,18.7307255275,172.470352121,0.0,24.9203635341,149.522181205,2.18920380637,0.0,2.18920380637
 04/09  11:00:00,375.188367362,10.7851097397,112.32183458,0.0,24.9203635341,149.522181205,4.36165170919,0.0,4.36165170919
 04/09  12:00:00,211.112027557,0.0,0.0,0.0,24.9203635341,149.522181205,2.19078036349,0.0,2.19078036349
 04/09  13:00:00,337.006441886,8.08883230475,86.69598726,0.0,24.9203635341,149.522181205,4.36707683168,0.0,4.36707683168
 04/09  14:00:00,470.008347834,16.1776646095,180.908938307,0.0,24.9203635341,149.522181205,2.19093245492,0.0,2.19093245492
 04/09  15:00:00,211.1110644,0.0,0.0,0.0,24.9203635341,149.522181205,2.18919780352,0.0,2.18919780352
 04/09  16:00:00,467.821275532,12.8221214943,138.084190137,0.0,24.9203635341,149.522181205,2.18913675578,0.0,2.18913675578
 04/09  17:00:00,639.300556445,23.2553966666,230.389493791,0.0,24.9203635341,149.522181205,2.1891450218,0.0,2.1891450218
 04/09  18:00:00,579.134641369,18.8866145721,190.262184646,0.0,24.9203635341,149.522181205,2.18917527028,0.0,2.18917527028
 04/09  19:00:00,467.651718495,12.1332484571,137.196181034,0.0,24.9203635341,149.522181205,2.18913158114,0.0,2.18913158114
 04/09  20:00:00,323.484053233,0.0,0.0,0.0,24.9203635341,149.522181205,2.18898040658,0.0,2.18898040658
 04/09  21:00:00,299.041102276,0.0,0.0,0.0,24.9203635341,149.522181205,2.19148369978,0.0,2.19148369978
 04/09  22:00:00,274.595262113,0.0,0.0,0.0,24.9203635341,149.522181205,2.18919028789,0.0,2.18919028789
 04/09  23:00:00,250.150866494,0.0,0.0,0.0,24.9203635341,149.522181205,2.18903975967,0.0,2.18903975967
 04/09  24:00:00,237.928668706,0.0,0.0,0.0,24.9203635341,149.522181205,2.18915713148,0.0,2.18915713148
 04/10  01:00:00,287.769874763,0.0,0.0,0.0,24.9203635341,199.362908273,2.18979423655,0.0,2.18979423655
 04/10  02:00:00,287.769874669,0.0,0.0,0.0,24.9203635341,199.362908273,2.1899882689,0.0,2.1899882689
 04/10  03:00:00,287.769874712,0.0,0.0,0.0,24.9203635341,199.362908273,2.18985624385,0.0,2.18985624385
 04/10  04:00:00,299.992072591,0.0,0.0,0.0,24.9203635341,199.362908273,2.19004985004,0.0,2.19004985004
 04/10  05:00:00,349.358275251,0.0,0.0,0.0,49.8407270682,199.362908273,4.3652437918,0.0,4.3652437918
 04/10  06:00:00,771.658043472,30.9862790443,247.205259775,0.0,49.8407270682,199.362908273,365.415220589,363.223496239,2.19172435005
 04/10  07:00:00,726.145234327,30.3148174886,128.17130267,0.0,149.522181205,199.362908273,324.591952618,315.843786492,8.74816612548
 04/10  08:00:00,1263.92735975,30.3148174886,126.366149513,0.0,448.566543614,448.566543614,113.795415164,98.4017819311,15.3936332327
 04/10  09:00:00,1328.51015634,30.3148174886,223.363375167,0.0,448.566543614,448.566543614,59.8648271206,42.2528295733,17.6119975473
 04/10  10:00:00,1303.2396122,30.3148174886,246.516117326,0.0,448.566543614,448.566543614,45.1396534377,27.5204195183,17.6192339194
 04/10  11:00:00,1313.01062561,30.3148174886,255.875223239,0.0,448.566543614,448.566543614,40.9173208289,21.034131467,19.8831893618
 04/10  12:00:00,1277.03455592,30.3148174886,269.321455493,0.0,448.566543614,398.725816546,48.3125337066,23.9137572749,24.3987764317
 04/10  13:00:00,1339.40283562,30.4790370461,281.129899318,0.0,448.566543614,448.566543614,31.9508817843,7.58407821321,24.3668035711
 04/10  14:00:00,1354.5885338,31.1493717681,294.798958955,0.0,448.566543614,448.566543614,15.7623713973,2.57216930099,13.1902020963
 04/10  15:00:00,1366.54232345,32.3222220785,305.023050297,0.0,448.566543614,448.566543614,15.8871719082,0.503902818777,15.3832690894
 04/10  16:00:00,1421.68939317,33.1028767056,310.166717528,0.0,448.566543614,448.566543614,20.2629216283,0.40228760716,19.8606340212
 04/10  17:00:00,1311.59381321,32.3293371864,313.725630941,0.0,348.885089477,398.725816546,12.1321954709,1.17159315123,10.9606023197
 04/10  18:00:00,1106.21214067,32.2352484013,308.113147968,0.0,249.203635341,299.044362409,19.7415430443,10.9865928376,8.75495020667
 04/10  19:00:00,1072.09694875,30.8298875451,300.336062008,0.0,249.203635341,299.044362409,28.2278377336,21.6722223313,6.55561540228
 04/10  20:00:00,961.576416787,30.3148174886,289.347199275,0.0,149.522181205,249.203635341,49.6650411639,40.9240051221,8.7410360418
 04/10  21:00:00,928.826436324,30.3148174886,281.711146071,0.0,149.522181205,249.203635341,60.2038696697,58.0115512822,2.19231838745
 04/10  22:00:00,349.35683204,0.0,0.0,0.0,49.8407270682,199.362908273,2.18971251363,0.0,2.18971251363
 04/10  23:00:00,299.992072801,0.0,0.0,0.0,24.9203635341,199.362908273,4.36004949094,0.0,4.36004949094
 04/10  24:00:00,287.76987493,0.0,0.0,0.0,24.9203635341,199.362908273,2.18982621065,0.0,2.18982621065
 04/11  01:00:00,287.769872286,0.0,0.0,0.0,24.9203635341,199.362908273,2.19001151505,0.0,2.19001151505
 04/11  02:00:00,287.769872224,0.0,0.0,0.0,24.9203635341,199.362908273,2.18987510026,0.0,2.18987510026
 04/11  03:00:00,287.769872286,0.0,0.0,0.0,24.9203635341,199.362908273,2.19006330132,0.0,2.19006330132
 04/11  04:00:00,299.992070022,0.0,0.0,0.0,24.9203635341,199.362908273,2.1899267039,0.0,2.1899267039
 04/11  05:00:00,349.358271255,0.0,0.0,0.0,49.8407270682,199.362908273,4.36496611518,0.0,4.36496611518
 04/11  06:00:00,838.548506374,31.9019691328,312.447826588,0.0,49.8407270682,199.362908273,128.09118111,125.899600122,2.19158098791
 04/11  07:00:00,950.245603956,30.3148174886,346.916464615,0.0,149.522181205,199.362908273,116.992879423,108.245471401,8.74740802213
 04/11  08:00:00,1508.90062359,30.3148174886,358.887188819,0.0,448.566543614,448.566543614,37.6516697803,22.2585641975,15.3931055828
 04/11  09:00:00,1494.06371596,30.3855479912,379.495481317,0.0,448.566543614,448.566543614,26.3336381212,8.72117377538,17.6124643458
 04/11  10:00:00,1473.10194161,30.8441065313,407.858033454,0.0,448.566543614,448.566543614,17.4353950702,2.01889305184,15.4165020184
 04/11  11:00:00,1512.04427124,31.4750506903,444.56785834,0.0,448.566543614,448.566543614,23.1993544613,1.10781230325,22.091542158
 04/11  12:00:00,1491.26000289,31.680061915,473.414793571,0.0,448.566543614,398.725816546,25.1171807276,0.718484530825,24.3986961968
 04/11  13:00:00,1537.52839001,35.9243249843,465.600160178,0.0,448.566543614,448.566543614,22.1513687417,0.0,22.1513687417
 04/11  14:00:00,1533.96623099,37.8113879955,460.160555462,0.0,448.566543614,448.566543614,15.3864756849,0.0,15.3864756849
 04/11  15:00:00,1530.30409566,38.111511511,456.198770135,0.0,448.566543614,448.566543614,15.3821680803,0.0,15.3821680803
 04/11  16:00:00,1578.51120446,37.9039350116,455.719384252,0.0,448.566543614,448.566543614,17.6538303505,0.0,17.6538303505
 04/11  17:00:00,1472.14196445,35.2385197203,464.879796998,0.0,348.885089477,398.725816546,13.1475146038,0.0,13.1475146038
 04/11  18:00:00,1286.94589857,31.9829076562,482.30465293,0.0,249.203635341,299.044362409,8.7549144722,0.0,8.7549144722
 04/11  19:00:00,1260.856922,30.36495653,482.280906218,0.0,249.203635341,299.044362409,6.55596993802,0.0,6.55596993802
 04/11  20:00:00,1165.00635163,30.3148174886,484.739178549,0.0,149.522181205,249.203635341,7.25418267701,0.693508919877,6.56067375713
 04/11  21:00:00,1135.12228632,30.3148174886,479.297320301,0.0,149.522181205,249.203635341,13.8148025425,9.44968711316,4.36511542931
 04/11  22:00:00,349.35682923,0.0,0.0,0.0,49.8407270682,199.362908273,2.19006939357,0.0,2.19006939357
 04/11  23:00:00,299.992070148,0.0,0.0,0.0,24.9203635341,199.362908273,2.18976933316,0.0,2.18976933316
 04/11  24:00:00,287.769872341,0.0,0.0,0.0,24.9203635341,199.362908273,2.18995739613,0.0,2.18995739613
 04/12  01:00:00,287.769869913,0.0,0.0,0.0,24.9203635341,199.362908273,2.18981555113,0.0,2.18981555113
 04/12  02:00:00,287.76986989,0.0,0.0,0.0,24.9203635341,199.362908273,4.35985632255,0.0,4.35985632255
 04/12  03:00:00,287.769869937,0.0,0.0,0.0,24.9203635341,199.362908273,2.19004035384,0.0,2.19004035384
 04/12  04:00:00,299.99206756,0.0,0.0,0.0,24.9203635341,199.362908273,2.18989917945,0.0,2.18989917945
 04/12  05:00:00,349.358266679,0.0,0.0,0.0,49.8407270682,199.362908273,2.19242480853,0.0,2.19242480853
 04/12  06:00:00,998.315177916,33.5200429724,464.348237744,0.0,49.8407270682,199.362908273,34.0120293274,29.6484911274,4.36353819998
 04/12  07:00:00,1055.94026272,30.3148174886,452.295463856,0.0,149.522181205,199.362908273,56.5448610479,47.7981560828,8.74670496512
 04/12  08:00:00,1587.01271188,30.4512579494,435.033631481,0.0,448.566543614,448.566543614,20.4016524448,5.00863841498,15.3930140299
 04/12  09:00:00,1548.94602718,31.4144074976,432.645670483,0.0,448.566543614,448.566543614,16.7135634433,1.3022403025,15.4113231408
 04/12  10:00:00,1509.63368041,32.0848521404,441.551753621,0.0,448.566543614,448.566543614,18.1559232111,0.539444537767,17.6164786733
 04/12  11:00:00,1529.5633845,33.5321282665,460.030727474,0.0,448.566543614,448.566543614,19.9012333385,0.020100970951,19.8811323675
 04/12  12:00:00,1493.01106801,33.2829501047,473.563529422,0.0,448.566543614,398.725816546,24.3944578277,0.0,24.3944578277
 04/12  13:00:00,1533.67269916,38.3179582946,459.350870827,0.0,448.566543614,448.566543614,24.3650349304,0.0,24.3650349304
 04/12  14:00:00,1527.35684475,39.1579988736,452.204570555,0.0,448.566543614,448.566543614,15.3868297944,0.0,15.3868297944
 04/12  15:00:00,1524.90029388,39.4083347365,449.498169565,0.0,448.566543614,448.566543614,13.1818354245,0.0,13.1818354245
 04/12  16:00:00,1578.57753813,39.7348302278,453.95484151,0.0,448.566543614,448.566543614,19.8578634876,0.0,19.8578634876
 04/12  17:00:00,1473.75184164,35.2122279823,466.515978137,0.0,348.885089477,398.725816546,10.9603358584,0.0,10.9603358584
 04/12  18:00:00,1288.15585566,30.6000142637,484.89751278,0.0,249.203635341,299.044362409,8.75529419654,0.0,8.75529419654
 04/12  19:00:00,1269.82634888,30.3148174886,491.300396459,0.0,249.203635341,299.044362409,6.66777724692,0.112863605619,6.55491364131
 04/12  20:00:00,1162.62205431,30.3148174886,482.346340179,0.0,149.522181205,249.203635341,20.9463774609,12.2056935323,8.74068392868
 04/12  21:00:00,1091.24367629,30.3148174886,435.96338507,0.0,149.522181205,249.203635341,36.203527555,34.0114792861,2.19204826888
 04/12  22:00:00,349.356826839,0.0,0.0,0.0,49.8407270682,199.362908273,2.19005887905,0.0,2.19005887905
 04/12  23:00:00,299.992067662,0.0,0.0,0.0,24.9203635341,199.362908273,4.35982007392,0.0,4.35982007392
 04/12  24:00:00,287.769869898,0.0,0.0,0.0,24.9203635341,199.362908273,2.19002165911,0.0,2.19002165911
 04/13  01:00:00,287.769867152,0.0,0.0,0.0,24.9203635341,199.362908273,2.18987201172,0.0,2.18987201172
 04/13  02:00:00,287.769867199,0.0,0.0,0.0,24.9203635341,199.362908273,2.19004928572,0.0,2.19004928572
 04/13  03:00:00,287.769867063,0.0,0.0,0.0,24.9203635341,199.362908273,2.18990363049,0.0,2.18990363049
 04/13  04:00:00,299.992064948,0.0,0.0,0.0,24.9203635341,199.362908273,2.18975784875,0.0,2.18975784875
 04/13  05:00:00,349.358263053,0.0,0.0,0.0,49.8407270682,199.362908273,4.36506217522,0.0,4.36506217522
 04/13  06:00:00,849.44103615,33.0076053807,315.853225006,0.0,49.8407270682,199.362908273,211.602601605,209.411318029,2.19128357529
 04/13  07:00:00,764.183271946,30.3148174886,162.788424446,0.0,149.522181205,199.362908273,214.509595573,205.762261277,8.74733429644
 04/13  08:00:00,1276.05256372,30.340712754,129.086734235,0.0,448.566543614,448.566543614,66.5302458784,51.1388749382,15.3913709402
 04/13  09:00:00,1305.99033517,31.1000328278,199.361526629,0.0,448.566543614,448.566543614,44.2765734133,28.8652362918,15.4113371216
 04/13  10:00:00,1313.29040765,31.8620406666,254.505036989,0.0,448.566543614,448.566543614,36.3989762233,18.7826432499,17.6163329734
 04/13  11:00:00,1335.19776283,32.5521033192,274.904770466,0.0,448.566543614,448.566543614,31.8658773027,11.9857052076,19.8801720951
 04/13  12:00:00,1300.61965353,31.7825114948,290.466978747,0.0,448.566543614,398.725816546,39.5303220049,15.1380812767,24.3922407282
 04/13  13:00:00,1364.13508515,36.0294474309,299.447819215,0.0,448.566543614,448.566543614,28.4026534336,4.03690493153,24.3657485021
 04/13  14:00:00,1372.54498435,36.8645994937,306.727158361,0.0,448.566543614,448.566543614,16.3480929805,0.960773700249,15.3873192803
 04/13  15:00:00,1368.08776366,36.8200801135,302.268317658,0.0,448.566543614,448.566543614,13.1820416492,0.0,13.1820416492
 04/13  16:00:00,1422.80046935,36.5188980064,307.780982815,0.0,448.566543614,448.566543614,19.8575085269,0.0,19.8575085269
 04/13  17:00:00,1319.68623938,34.3617535795,319.299534813,0.0,348.885089477,398.725816546,10.9601900185,0.0,10.9601900185
 04/13  18:00:00,1112.35405449,31.9207060076,314.083650233,0.0,249.203635341,299.044362409,10.9360317405,2.18154586145,8.75448587907
 04/13  19:00:00,1078.88368352,30.5720905854,307.268072832,0.0,249.203635341,299.044362409,22.0559209914,15.5006750265,6.55524596487
 04/13  20:00:00,976.215257631,30.3148174886,304.373599385,0.0,149.522181205,249.203635341,47.9904489089,39.2491698289,8.74127908006
 04/13  21:00:00,923.77122709,30.3148174886,277.456118112,0.0,149.522181205,249.203635341,72.2327846199,70.0401296017,2.19265501824
 04/13  22:00:00,349.356824235,0.0,0.0,0.0,49.8407270682,199.362908273,2.19000466705,0.0,2.19000466705
 04/13  23:00:00,299.992065098,0.0,0.0,0.0,24.9203635341,199.362908273,4.35969733518,0.0,4.35969733518
 04/13  24:00:00,287.769867313,0.0,0.0,0.0,24.9203635341,199.362908273,2.18995260651,0.0,2.18995260651
 04/14  01:00:00,287.769864597,0.0,0.0,0.0,24.9203635341,199.362908273,2.18979826295,0.0,2.18979826295
 04/14  02:00:00,287.769864538,0.0,0.0,0.0,24.9203635341,199.362908273,2.18997012453,0.0,2.18997012453
 04/14  03:00:00,287.769864489,0.0,0.0,0.0,24.9203635341,199.362908273,2.18981981313,0.0,2.18981981313
 04/14  04:00:00,299.992062318,0.0,0.0,0.0,24.9203635341,199.362908273,2.18999136777,0.0,2.18999136777
 04/14  05:00:00,349.358258757,0.0,0.0,0.0,49.8407270682,199.362908273,4.3648511301,0.0,4.3648511301
 04/14  06:00:00,769.729525791,32.3429547284,243.143800307,0.0,49.8407270682,199.362908273,344.685040507,342.493341859,2.19169864809
 04/14  07:00:00,692.917455887,30.3148174886,105.612429488,0.0,149.522181205,199.362908273,329.628560481,320.880721579,8.74783890194
 04/14  08:00:00,1184.81210354,30.3148174886,61.4613725411,0.0,448.566543614,448.566543614,174.558675836,159.166860258,15.3918155779
 04/14  09:00:00,1175.43731881,30.3148174886,81.7989238081,0.0,448.566543614,448.566543614,123.462089508,108.052782515,15.4093069927
 04/14  10:00:00,1194.95707821,30.4906317843,138.934320987,0.0,448.566543614,448.566543614,70.1264665537,52.5104350979,17.6160314558
 04/14  11:00:00,1296.93937359,31.1089917152,239.178979375,0.0,448.566543614,448.566543614,48.2975633321,28.4210178546,19.8765454774
 04/14  12:00:00,1269.31437902,30.3700282021,261.337576064,0.0,448.566543614,398.725816546,49.9625853043,25.5722122695,24.3903730348
 04/14  13:00:00,1333.81311523,32.6148872668,273.375016313,0.0,448.566543614,448.566543614,34.622974954,10.2599692968,24.3630056572
 04/14  14:00:00,1334.04518232,33.6075905155,272.467609507,0.0,448.566543614,448.566543614,16.2972097142,3.10893799272,13.1882717214
 04/14  15:00:00,1335.38560588,34.3258040787,272.884332016,0.0,448.566543614,448.566543614,16.1559257413,0.778846134278,15.3770796071
 04/14  16:00:00,1382.61573057,34.1405034564,271.133773834,0.0,448.566543614,448.566543614,18.4007390304,0.748938870387,17.65180016
 04/14  17:00:00,1266.72639364,31.1770353534,270.942425347,0.0,348.885089477,398.725816546,14.7371496711,1.58998052095,13.1471691501
 04/14  18:00:00,1066.6818417,30.3148174886,271.319734222,0.0,249.203635341,299.044362409,26.66984637,17.9153321649,8.75451420514
 04/14  19:00:00,1037.45715979,30.3148174886,266.861413437,0.0,249.203635341,299.044362409,35.9467968748,29.3911572427,6.5556396321
 04/14  20:00:00,928.232762005,30.3148174886,256.929391649,0.0,149.522181205,249.203635341,66.9407322801,60.380576594,6.56015568616
 04/14  21:00:00,884.731410593,30.3148174886,238.788752751,0.0,149.522181205,249.203635341,103.716006216,99.3511706338,4.36483558225
 04/14  22:00:00,349.356821475,0.0,0.0,0.0,49.8407270682,199.362908273,2.18993088959,0.0,2.18993088959
 04/14  23:00:00,299.992062321,0.0,0.0,0.0,24.9203635341,199.362908273,2.18994021729,0.0,2.18994021729
 04/14  24:00:00,287.769864586,0.0,0.0,0.0,24.9203635341,199.362908273,2.18978955705,0.0,2.18978955705
 04/15  01:00:00,237.929134908,0.0,0.0,0.0,24.9203635341,149.522181205,2.18995493239,0.0,2.18995493239
 04/15  02:00:00,237.929135,0.0,0.0,0.0,24.9203635341,149.522181205,2.18980015769,0.0,2.18980015769
 04/15  03:00:00,237.929134984,0.0,0.0,0.0,24.9203635341,149.522181205,4.35977760063,0.0,4.35977760063
 04/15  04:00:00,250.151332811,0.0,0.0,0.0,24.9203635341,149.522181205,2.18997718539,0.0,2.18997718539
 04/15  05:00:00,274.597163481,0.0,0.0,0.0,24.9203635341,149.522181205,2.192634975,0.0,2.192634975
 04/15  06:00:00,737.352408541,31.1965537608,215.045827313,0.0,49.8407270682,199.362908273,443.113365535,438.750167971,4.36319756462
 04/15  07:00:00,555.113543167,30.3148174886,85.6090839719,0.0,49.8407270682,199.362908273,384.294893229,379.9252136,4.36967962957
 04/15  08:00:00,816.636043131,30.3148174886,86.8404133431,0.0,249.203635341,249.203635341,195.877205226,189.32171284,6.55549238634
 04/15  09:00:00,913.158231221,30.3173319744,207.102784786,0.0,249.203635341,249.203635341,129.976782748,121.224096777,8.75268597019
 04/15  10:00:00,927.54223669,30.3999325756,269.214379193,0.0,249.203635341,249.203635341,83.0581655692,74.310955254,8.74721031522
 04/15  11:00:00,958.354058726,30.3148174886,299.252296195,0.0,249.203635341,249.203635341,64.7468543653,53.8014776164,10.9453767489
 04/15  12:00:00,973.253601914,30.3148174886,313.63511279,0.0,249.203635341,249.203635341,52.0866399001,43.3362857341,8.75035416594
 04/15  13:00:00,986.956342615,30.7871979365,326.27413037,0.0,249.203635341,249.203635341,39.3941112188,32.8291111042,6.56500011454
 04/15  14:00:00,752.285536422,30.5822823907,340.770696887,0.0,74.7610906023,174.442544739,52.6639963423,43.9299745207,8.73402182165
 04/15  15:00:00,755.083673265,30.324661645,344.005842973,0.0,74.7610906023,174.442544739,25.6379266795,21.2644927768,4.37343390269
 04/15  16:00:00,809.215548056,30.3148174886,349.05845454,0.0,74.7610906023,174.442544739,21.5444959256,14.9920888179,6.55240710771
 04/15  17:00:00,785.075835159,30.3148174886,362.952230833,0.0,24.9203635341,149.522181205,31.2670320309,29.0752852327,2.19174679818
 04/15  18:00:00,537.385931974,12.8647118956,172.79587337,0.0,24.9203635341,149.522181205,4.36343977787,0.0,4.36343977787
 04/15  19:00:00,427.614238757,8.08883230475,116.61305513,0.0,24.9203635341,149.522181205,2.19169025572,0.0,2.19169025572
 04/15  20:00:00,323.485476465,0.0,0.0,0.0,24.9203635341,149.522181205,4.36331652022,0.0,4.36331652022
 04/15  21:00:00,299.042038046,0.0,0.0,0.0,24.9203635341,149.522181205,4.36654258079,0.0,4.36654258079
 04/15  22:00:00,274.595728148,0.0,0.0,0.0,24.9203635341,149.522181205,2.18974850536,0.0,2.18974850536
 04/15  23:00:00,250.1513325,0.0,0.0,0.0,24.9203635341,149.522181205,2.1899142493,0.0,2.1899142493
 04/15  24:00:00,237.929134758,0.0,0.0,0.0,24.9203635341,149.522181205,2.18975889861,0.0,2.18975889861
 04/16  01:00:00,237.92865431,0.0,0.0,0.0,24.9203635341,149.522181205,2.18893366418,0.0,2.18893366418
 04/16  02:00:00,237.928654298,0.0,0.0,0.0,24.9203635341,149.522181205,2.18901610752,0.0,2.18901610752
 04/16  03:00:00,237.928654314,0.0,0.0,0.0,24.9203635341,149.522181205,2.18909811493,0.0,2.18909811493
 04/16  04:00:00,250.15085207,0.0,0.0,0.0,24.9203635341,149.522181205,2.18891723271,0.0,2.18891723271
 04/16  05:00:00,274.596681034,0.0,0.0,0.0,24.9203635341,149.522181205,2.1915949105,0.0,2.1915949105
 04/16  06:00:00,323.484038913,0.0,0.0,0.0,24.9203635341,149.522181205,2.18905330456,0.0,2.18905330456
 04/16  07:00:00,296.666434597,0.0,0.0,0.0,24.9203635341,149.522181205,2.18913469417,0.0,2.18913469417
 04/16  08:00:00,296.666434531,0.0,0.0,0.0,24.9203635341,149.522181205,2.1889534928,0.0,2.1889534928
 04/16  09:00:00,259.9998411,0.0,0.0,0.0,24.9203635341,149.522181205,2.18903499879,0.0,2.18903499879
 04/16  10:00:00,211.111049873,0.0,0.0,0.0,24.9203635341,149.522181205,2.18911630557,0.0,2.18911630557
 04/16  11:00:00,211.112005677,0.0,0.0,0.0,24.9203635341,149.522181205,2.19086576614,0.0,2.19086576614
 04/16  12:00:00,211.112005406,0.0,0.0,0.0,24.9203635341,149.522181205,2.19061291753,0.0,2.19061291753
 04/16  13:00:00,211.113439772,0.0,0.0,0.0,24.9203635341,149.522181205,4.36637111631,0.0,4.36637111631
 04/16  14:00:00,211.112005657,0.0,0.0,0.0,24.9203635341,149.522181205,2.19033937778,0.0,2.19033937778
 04/16  15:00:00,211.111049841,0.0,0.0,0.0,24.9203635341,149.522181205,2.18888800831,0.0,2.18888800831
 04/16  16:00:00,259.999841104,0.0,0.0,0.0,24.9203635341,149.522181205,2.18910143473,0.0,2.18910143473
 04/16  17:00:00,532.932828389,12.1332484571,177.577083594,0.0,24.9203635341,149.522181205,2.18905153423,0.0,2.18905153423
 04/16  18:00:00,296.666434614,0.0,0.0,0.0,24.9203635341,149.522181205,2.18913207126,0.0,2.18913207126
 04/16  19:00:00,272.222038951,0.0,0.0,0.0,24.9203635341,149.522181205,2.18895075201,0.0,2.18895075201
 04/16  20:00:00,323.484038897,0.0,0.0,0.0,24.9203635341,149.522181205,2.18903210557,0.0,2.18903210557
 04/16  21:00:00,299.041076774,0.0,0.0,0.0,24.9203635341,149.522181205,2.19170804966,0.0,2.19170804966
 04/16  22:00:00,274.595247733,0.0,0.0,0.0,24.9203635341,149.522181205,2.18890462537,0.0,2.18890462537
 04/16  23:00:00,250.15085213,0.0,0.0,0.0,24.9203635341,149.522181205,2.18898609484,0.0,2.18898609484
 04/16  24:00:00,237.928654355,0.0,0.0,0.0,24.9203635341,149.522181205,2.18906739266,0.0,2.18906739266
 04/17  01:00:00,287.769856443,0.0,0.0,0.0,24.9203635341,199.362908273,2.1899177302,0.0,2.1899177302
 04/17  02:00:00,287.769856462,0.0,0.0,0.0,24.9203635341,199.362908273,2.18975344411,0.0,2.18975344411
 04/17  03:00:00,287.769856474,0.0,0.0,0.0,24.9203635341,199.362908273,2.189908215,0.0,2.189908215
 04/17  04:00:00,299.992054337,0.0,0.0,0.0,24.9203635341,199.362908273,2.18974370205,0.0,2.18974370205
 04/17  05:00:00,349.358245897,0.0,0.0,0.0,49.8407270682,199.362908273,4.36455649181,0.0,4.36455649181
 04/17  06:00:00,828.931412749,31.5964227889,303.547726678,0.0,49.8407270682,199.362908273,284.141577412,281.949985833,2.19159157857
 04/17  07:00:00,789.227798187,30.3148174886,196.993318193,0.0,149.522181205,199.362908273,267.721803729,258.975478993,8.74632473614
 04/17  08:00:00,1321.29154618,30.3148174886,180.400504431,0.0,448.566543614,448.566543614,120.210939558,104.82220829,15.3887312681
 04/17  09:00:00,1338.17726321,30.3148174886,233.282218496,0.0,448.566543614,448.566543614,97.1904027219,81.782422699,15.4079800229
 04/17  10:00:00,1330.02046676,30.3148174886,268.720728003,0.0,448.566543614,448.566543614,88.0891793116,70.475807242,17.6133720696
 04/17  11:00:00,1350.28305055,30.3148174886,283.923650779,0.0,448.566543614,448.566543614,79.0989995795,59.2223561271,19.8766434524
 04/17  12:00:00,1311.86735162,30.3148174886,295.340728816,0.0,448.566543614,398.725816546,87.9314935408,63.5451342575,24.3863592832
 04/17  13:00:00,1373.16318367,30.3165585731,306.813602273,0.0,448.566543614,448.566543614,61.4654723286,39.3217550978,22.1437172308
 04/17  14:00:00,1389.98544263,30.6325748426,323.397944108,0.0,448.566543614,448.566543614,41.840094725,26.4585461001,15.3815486249
 04/17  15:00:00,1409.02112078,31.056071236,343.721465452,0.0,448.566543614,448.566543614,31.3502799996,18.1669386499,13.1833413497
 04/17  16:00:00,1465.24653269,31.3822769251,352.854729623,0.0,448.566543614,448.566543614,39.3689522954,19.5170711049,19.8518811905
 04/17  17:00:00,1352.43931088,30.3148174886,355.150855251,0.0,348.885089477,398.725816546,49.6812239874,38.722864007,10.9583599804
 04/17  18:00:00,1153.8068639,30.3148174886,355.619447014,0.0,249.203635341,299.044362409,67.5678626511,58.8150582911,8.75280436001
 04/17  19:00:00,1133.61690554,30.3148174886,360.131990163,0.0,249.203635341,299.044362409,78.2450226609,71.6905657774,6.55445688348
 04/17  20:00:00,1043.34174829,30.3148174886,367.450030448,0.0,149.522181205,249.203635341,119.484051354,110.74398492,8.74006643368
 04/17  21:00:00,1008.97619176,30.3148174886,358.635635942,0.0,149.522181205,249.203635341,139.527430117,137.334943297,2.19248681979
 04/17  22:00:00,349.356813553,0.0,0.0,0.0,49.8407270682,199.362908273,2.18991338894,0.0,2.18991338894
 04/17  23:00:00,299.992054473,0.0,0.0,0.0,24.9203635341,199.362908273,2.18974767215,0.0,2.18974767215
 04/17  24:00:00,287.769856664,0.0,0.0,0.0,24.9203635341,199.362908273,4.35963914968,0.0,4.35963914968
 04/18  01:00:00,287.769853886,0.0,0.0,0.0,24.9203635341,199.362908273,2.18988203289,0.0,2.18988203289
 04/18  02:00:00,287.769853861,0.0,0.0,0.0,24.9203635341,199.362908273,2.18971290254,0.0,2.18971290254
 04/18  03:00:00,287.769853749,0.0,0.0,0.0,24.9203635341,199.362908273,2.1898619375,0.0,2.1898619375
 04/18  04:00:00,299.992051587,0.0,0.0,0.0,24.9203635341,199.362908273,2.18969259459,0.0,2.18969259459
 04/18  05:00:00,349.358241248,0.0,0.0,0.0,49.8407270682,199.362908273,4.3646127711,0.0,4.3646127711
 04/18  06:00:00,858.999834378,31.2739182083,329.941338212,0.0,49.8407270682,199.362908273,300.672721269,298.481408481,2.19131278829
 04/18  07:00:00,894.272296238,30.3148174886,297.691225711,0.0,149.522181205,199.362908273,292.812874239,284.067364021,8.74551021793
 04/18  08:00:00,1440.91246293,30.3148174886,294.429290327,0.0,448.566543614,448.566543614,140.551940386,125.162252299,15.3896880865
 04/18  09:00:00,1425.91814058,30.3148174886,316.098127088,0.0,448.566543614,448.566543614,112.481521461,97.0754267482,15.4060947128
 04/18  10:00:00,1386.66831806,30.3148174886,326.464171845,0.0,448.566543614,448.566543614,96.5199206561,81.1065085114,15.4134121447
 04/18  11:00:00,1392.62244524,30.3148174886,332.724197492,0.0,448.566543614,448.566543614,85.5484454215,63.46766059,22.0807848314
 04/18  12:00:00,1348.95582248,30.3148174886,339.08971779,0.0,448.566543614,398.725816546,88.3368382,66.1687005925,22.1681376076
 04/18  13:00:00,1403.57092341,30.3148174886,343.376919675,0.0,448.566543614,448.566543614,69.7304070968,45.3741988944,24.3562082024
 04/18  14:00:00,1411.40231631,30.3148174886,348.956348848,0.0,448.566543614,448.566543614,49.7041330866,36.517588034,13.1865450526
 04/18  15:00:00,1421.45398886,30.3954067282,357.520217797,0.0,448.566543614,448.566543614,40.6663858165,25.2922837472,15.3741020694
 04/18  16:00:00,1477.77106078,30.7876115288,364.02617859,0.0,448.566543614,448.566543614,38.1734688582,20.526288795,17.6471800632
 04/18  17:00:00,1364.96109879,30.3148174886,364.99684477,0.0,348.885089477,398.725816546,49.1417537359,38.1851842454,10.9565694906
 04/18  18:00:00,1159.43264403,30.3148174886,360.55710128,0.0,249.203635341,299.044362409,85.0672003589,74.130737005,10.9364633539
 04/18  19:00:00,1127.53344915,30.3148174886,354.692935968,0.0,249.203635341,299.044362409,99.3128757563,92.7594685694,6.55340718689
 04/18  20:00:00,1020.73013371,30.3148174886,346.254644637,0.0,149.522181205,249.203635341,133.401714912,126.842047905,6.55966700722
 04/18  21:00:00,982.647396441,30.3148174886,332.08551656,0.0,149.522181205,249.203635341,166.317013319,161.952272081,4.36474123781
 04/18  22:00:00,349.356810857,0.0,0.0,0.0,49.8407270682,199.362908273,2.18994712414,0.0,2.18994712414
 04/18  23:00:00,299.99205161,0.0,0.0,0.0,24.9203635341,199.362908273,2.18977757563,0.0,2.18977757563
 04/18  24:00:00,287.769853798,0.0,0.0,0.0,24.9203635341,199.362908273,2.18992601822,0.0,2.18992601822
 04/19  01:00:00,287.769850925,0.0,0.0,0.0,24.9203635341,199.362908273,2.18974861308,0.0,2.18974861308
 04/19  02:00:00,287.769850927,0.0,0.0,0.0,24.9203635341,199.362908273,2.18989192958,0.0,2.18989192958
 04/19  03:00:00,287.769850943,0.0,0.0,0.0,24.9203635341,199.362908273,2.18971791085,0.0,2.18971791085
 04/19  04:00:00,299.992048739,0.0,0.0,0.0,24.9203635341,199.362908273,2.18986102227,0.0,2.18986102227
 04/19  05:00:00,349.358237235,0.0,0.0,0.0,49.8407270682,199.362908273,4.36457632972,0.0,4.36457632972
 04/19  06:00:00,819.636252767,31.0451382476,296.449951149,0.0,49.8407270682,199.362908273,355.317136724,353.125790678,2.19134604617
 04/19  07:00:00,809.946144307,30.3148174886,208.745113987,0.0,149.522181205,199.362908273,337.161238513,328.415169215,8.74606929785
 04/19  08:00:00,1345.76347255,30.3148174886,193.780230746,0.0,448.566543614,448.566543614,175.808688867,160.420748265,15.3879406021
 04/19  09:00:00,1333.81223888,30.3148174886,218.525305928,0.0,448.566543614,448.566543614,133.737110189,118.331206352,15.4059038364
 04/19  10:00:00,1309.66246426,30.3148174886,243.278529657,0.0,448.566543614,448.566543614,116.105113171,98.4927892636,17.6123239073
 04/19  11:00:00,1324.76241283,30.3148174886,258.384628156,0.0,448.566543614,448.566543614,104.918952839,85.0468053061,19.8721475333
 04/19  12:00:00,1285.41724341,30.3148174886,268.873210116,0.0,448.566543614,398.725816546,112.494605557,88.1127163076,24.3818892496
 04/19  13:00:00,1313.49016944,30.3148174886,257.225009857,0.0,448.566543614,448.566543614,88.5647374584,66.4230549794,22.141682479
 04/19  14:00:00,1327.79683282,30.3148174886,271.429144311,0.0,448.566543614,448.566543614,75.7098249264,62.5230365879,13.1867883385
 04/19  15:00:00,1337.45193342,30.3148174886,274.405880292,0.0,448.566543614,448.566543614,76.9026807305,61.5304756892,15.3722050413
 04/19  16:00:00,1391.66558014,30.3148174886,276.419056636,0.0,448.566543614,448.566543614,77.6057218883,59.9591380075,17.6465838808
 04/19  17:00:00,1274.63477316,30.3148174886,273.848918713,0.0,348.885089477,398.725816546,83.2981499351,72.3418860105,10.9562639246
 04/19  18:00:00,1070.95394679,30.3148174886,277.799653319,0.0,249.203635341,299.044362409,81.3584252034,70.4223448125,10.9360803909
 04/19  19:00:00,1027.50455164,30.3148174886,259.36165306,0.0,249.203635341,299.044362409,108.035573229,101.482408075,6.55316515449
 04/19  20:00:00,871.631420869,30.3148174886,210.680145952,0.0,149.522181205,249.203635341,211.939777713,205.38042853,6.55934918303
 04/19  21:00:00,825.366478105,30.3148174886,180.709932356,0.0,149.522181205,249.203635341,244.904494892,240.539940183,4.36455470881
 04/19  22:00:00,349.356808062,0.0,0.0,0.0,49.8407270682,199.362908273,2.18985450974,0.0,2.18985450974
 04/19  23:00:00,299.992048945,0.0,0.0,0.0,24.9203635341,199.362908273,2.18968009495,0.0,2.18968009495
 04/19  24:00:00,287.769850999,0.0,0.0,0.0,24.9203635341,199.362908273,2.18982294276,0.0,2.18982294276
 04/20  01:00:00,287.769848227,0.0,0.0,0.0,24.9203635341,199.362908273,2.18969861287,0.0,2.18969861287
 04/20  02:00:00,287.769848087,0.0,0.0,0.0,24.9203635341,199.362908273,2.18977804051,0.0,2.18977804051
 04/20  03:00:00,287.769848146,0.0,0.0,0.0,24.9203635341,199.362908273,2.18991525308,0.0,2.18991525308
 04/20  04:00:00,299.992045909,0.0,0.0,0.0,24.9203635341,199.362908273,2.18973630967,0.0,2.18973630967
 04/20  05:00:00,349.358232696,0.0,0.0,0.0,49.8407270682,199.362908273,4.36477930514,0.0,4.36477930514
 04/20  06:00:00,743.860727747,30.6976440098,228.800945979,0.0,49.8407270682,199.362908273,514.023714636,511.832086234,2.1916284023
 04/20  07:00:00,691.224526802,30.3148174886,101.785877617,0.0,149.522181205,199.362908273,377.758664775,369.012275143,8.74638963158
 04/20  08:00:00,1222.07662725,30.3148174886,83.8911644997,0.0,448.566543614,448.566543614,165.989742676,150.601707368,15.3880353078
 04/20  09:00:00,1248.87700152,30.3148174886,145.00753125,0.0,448.566543614,448.566543614,100.727173534,85.3236144707,15.4035590636
 04/20  10:00:00,1255.04300836,30.3148174886,199.588432566,0.0,448.566543614,448.566543614,76.5132422789,58.9039609905,17.6092812885
 04/20  11:00:00,1308.35455827,30.3148174886,252.329391129,0.0,448.566543614,448.566543614,59.4983079101,41.0367721961,18.461535714
 04/20  12:00:00,1276.35575696,30.3148174886,269.753157537,0.0,448.566543614,398.725816546,62.7170785017,39.1393466751,23.5777318266
 04/20  13:00:00,1333.42986682,30.3148174886,276.488859516,0.0,448.566543614,448.566543614,47.9367900729,23.5839976152,24.3527924578
 04/20  14:00:00,1342.13539676,30.3148174886,284.73772042,0.0,448.566543614,448.566543614,21.0089827829,7.82579982575,13.1831829572
 04/20  15:00:00,1344.44658044,30.3148174886,286.860690644,0.0,448.566543614,448.566543614,24.7426688287,9.36513764678,15.3775311819
 04/20  16:00:00,1394.56212562,30.3148174886,287.861666764,0.0,448.566543614,448.566543614,28.0632703515,10.4198463097,17.6434240419
 04/20  17:00:00,1277.0831921,30.3148174886,283.349460102,0.0,348.885089477,398.725816546,37.9336461268,26.9765034786,10.9571426481
 04/20  18:00:00,1075.18040329,30.3148174886,281.177535699,0.0,249.203635341,299.044362409,72.7954781907,64.0423323938,8.75314579684
 04/20  19:00:00,1049.06269889,30.3148174886,279.884578553,0.0,249.203635341,299.044362409,91.2110893563,84.6573476562,6.55374170015
 04/20  20:00:00,946.119541254,30.3148174886,284.082176158,0.0,149.522181205,249.203635341,126.458957166,119.899439907,6.55951725909
 04/20  21:00:00,930.144597079,30.3148174886,284.42019022,0.0,149.522181205,249.203635341,152.97506379,148.610334326,4.36472946404
 04/20  22:00:00,349.356805145,0.0,0.0,0.0,49.8407270682,199.362908273,2.18980584759,0.0,2.18980584759
 04/20  23:00:00,299.992045979,0.0,0.0,0.0,24.9203635341,199.362908273,2.18978366346,0.0,2.18978366346
 04/20  24:00:00,287.769848296,0.0,0.0,0.0,24.9203635341,199.362908273,2.18992039547,0.0,2.18992039547
 04/21  01:00:00,287.769845431,0.0,0.0,0.0,24.9203635341,199.362908273,2.18973575617,0.0,2.18973575617
 04/21  02:00:00,287.769845445,0.0,0.0,0.0,24.9203635341,199.362908273,4.35955121894,0.0,4.35955121894
 04/21  03:00:00,287.769845438,0.0,0.0,0.0,24.9203635341,199.362908273,2.18981525238,0.0,2.18981525238
 04/21  04:00:00,299.992043281,0.0,0.0,0.0,24.9203635341,199.362908273,2.18963134204,0.0,2.18963134204
 04/21  05:00:00,349.358227497,0.0,0.0,0.0,49.8407270682,199.362908273,2.19203353813,0.0,2.19203353813
 04/21  06:00:00,798.513791104,30.8952176619,282.867826622,0.0,49.8407270682,199.362908273,307.731956983,303.369049422,4.36290756034
 04/21  07:00:00,836.936635275,30.3148174886,244.61350602,0.0,149.522181205,199.362908273,299.42853146,290.68317795,8.74535350923
 04/21  08:00:00,1331.45077791,30.3148174886,190.954627301,0.0,448.566543614,448.566543614,155.31683951,142.127679266,13.1891602442
 04/21  09:00:00,1325.34684296,30.3148174886,213.758778461,0.0,448.566543614,448.566543614,156.006194376,138.402743197,17.6034511792
 04/21  10:00:00,1285.20975894,30.3148174886,218.813460047,0.0,448.566543614,448.566543614,130.190278675,114.782597912,15.407680763
 04/21  11:00:00,1277.58352913,30.3148174886,211.201584405,0.0,448.566543614,448.566543614,110.222983009,90.350433754,19.8725492553
 04/21  12:00:00,1212.19713851,30.3148174886,195.622826755,0.0,448.566543614,398.725816546,153.163843881,128.786382249,24.3774616323
 04/21  13:00:00,1242.38045746,30.3148174886,175.985055805,0.0,448.566543614,448.566543614,126.370704428,104.232511214,22.1381932135
 04/21  14:00:00,1233.46582353,30.3148174886,167.096561991,0.0,448.566543614,448.566543614,97.1525050579,81.7707247944,15.3817802636
 04/21  15:00:00,1245.35882698,30.3148174886,178.982057305,0.0,448.566543614,448.566543614,105.853406912,92.6777093939,13.1756975177
 04/21  16:00:00,1286.57708824,30.3148174886,171.304000553,0.0,448.566543614,448.566543614,113.510824701,95.865993202,17.6448314993
 04/21  17:00:00,1162.98641557,30.3148174886,160.568296196,0.0,348.885089477,398.725816546,119.359429935,108.402678995,10.9567509402
 04/21  18:00:00,957.525483415,30.3148174886,154.38883007,0.0,249.203635341,299.044362409,231.152294617,222.399677159,8.75261745812
 04/21  19:00:00,927.131115464,30.3148174886,148.418687244,0.0,249.203635341,299.044362409,260.227937009,253.672755244,6.55518176493
 04/21  20:00:00,787.854285431,30.3148174886,125.698663591,0.0,149.522181205,249.203635341,288.986775843,280.248179935,8.73859590847
 04/21  21:00:00,773.675106381,30.3148174886,129.566728424,0.0,149.522181205,249.203635341,334.5720044,332.379825314,2.19217908654
 04/21  22:00:00,349.35680254,0.0,0.0,0.0,49.8407270682,199.362908273,2.18991460722,0.0,2.18991460722
 04/21  23:00:00,299.99204329,0.0,0.0,0.0,24.9203635341,199.362908273,4.35965186359,0.0,4.35965186359
 04/21  24:00:00,287.76984547,0.0,0.0,0.0,24.9203635341,199.362908273,2.18986483382,0.0,2.18986483382
 04/22  01:00:00,237.929115449,0.0,0.0,0.0,24.9203635341,149.522181205,2.18967181942,0.0,2.18967181942
 04/22  02:00:00,237.929115367,0.0,0.0,0.0,24.9203635341,149.522181205,2.1897975821,0.0,2.1897975821
 04/22  03:00:00,237.929115437,0.0,0.0,0.0,24.9203635341,149.522181205,2.18981976806,0.0,2.18981976806
 04/22  04:00:00,250.151313186,0.0,0.0,0.0,24.9203635341,149.522181205,2.18989214661,0.0,2.18989214661
 04/22  05:00:00,274.597132651,0.0,0.0,0.0,24.9203635341,149.522181205,4.36455718031,0.0,4.36455718031
 04/22  06:00:00,757.907777757,30.3148174886,243.634491711,0.0,49.8407270682,199.362908273,584.232077301,582.040812436,2.19126486495
 04/22  07:00:00,645.650759963,30.3148174886,154.241522824,0.0,49.8407270682,199.362908273,494.804693834,490.434819905,4.36987392892
 04/22  08:00:00,846.49344367,30.3148174886,105.904557698,0.0,249.203635341,249.203635341,370.582908656,364.028581579,6.55432707737
 04/22  09:00:00,826.851394387,30.3148174886,122.661836373,0.0,249.203635341,249.203635341,333.639220111,324.887910815,8.75130929512
 04/22  10:00:00,812.145219065,30.3148174886,156.557059317,0.0,249.203635341,249.203635341,293.322442855,284.577132306,8.74531054891
 04/22  11:00:00,888.947083251,30.3148174886,232.815717007,0.0,249.203635341,249.203635341,183.734644879,174.975570198,8.75907468136
 04/22  12:00:00,940.076155104,30.3148174886,283.44604758,0.0,249.203635341,249.203635341,126.504102887,117.754685283,8.74941760389
 04/22  13:00:00,949.72947412,30.3148174886,292.637817085,0.0,249.203635341,249.203635341,116.908408629,108.162448228,8.74596040125
 04/22  14:00:00,714.699989869,30.3148174886,306.395839043,0.0,74.7610906023,174.442544739,157.705954204,151.152348629,6.55360557505
 04/22  15:00:00,730.802831451,30.3148174886,322.361927807,0.0,74.7610906023,174.442544739,140.652082923,134.102619832,6.54946309116
 04/22  16:00:00,790.719572128,30.3148174886,333.178178493,0.0,74.7610906023,174.442544739,102.569057463,98.194546019,4.37451144397
 04/22  17:00:00,759.228240796,30.3148174886,339.481971092,0.0,24.9203635341,149.522181205,145.752394892,141.389475776,4.36291911648
 04/22  18:00:00,296.667844404,0.0,0.0,0.0,24.9203635341,149.522181205,2.19158775443,0.0,2.19158775443
 04/22  19:00:00,272.223449513,0.0,0.0,0.0,24.9203635341,149.522181205,4.36257262675,0.0,4.36257262675
 04/22  20:00:00,314.941782156,0.0,0.0,0.0,24.9203635341,149.522181205,2.1912921007,0.0,2.1912921007
 04/22  21:00:00,299.042002895,0.0,0.0,0.0,24.9203635341,149.522181205,4.36608309416,0.0,4.36608309416
 04/22  22:00:00,274.595708626,0.0,0.0,0.0,24.9203635341,149.522181205,2.18976879049,0.0,2.18976879049
 04/22  23:00:00,250.151313143,0.0,0.0,0.0,24.9203635341,149.522181205,2.18989370344,0.0,2.18989370344
 04/22  24:00:00,237.929115331,0.0,0.0,0.0,24.9203635341,149.522181205,2.18970469139,0.0,2.18970469139
 04/23  01:00:00,237.928638499,0.0,0.0,0.0,24.9203635341,149.522181205,2.18891837096,0.0,2.18891837096
 04/23  02:00:00,237.928638581,0.0,0.0,0.0,24.9203635341,149.522181205,2.18896273772,0.0,2.18896273772
 04/23  03:00:00,237.928638629,0.0,0.0,0.0,24.9203635341,149.522181205,2.18900675001,0.0,2.18900675001
 04/23  04:00:00,250.150836441,0.0,0.0,0.0,24.9203635341,149.522181205,2.18905048496,0.0,2.18905048496
 04/23  05:00:00,274.596653628,0.0,0.0,0.0,24.9203635341,149.522181205,2.19120179592,0.0,2.19120179592
 04/23  06:00:00,314.940356516,0.0,0.0,0.0,24.9203635341,149.522181205,2.18885101474,0.0,2.18885101474
 04/23  07:00:00,296.666418826,0.0,0.0,0.0,24.9203635341,149.522181205,2.18889462396,0.0,2.18889462396
 04/23  08:00:00,296.666418879,0.0,0.0,0.0,24.9203635341,149.522181205,2.1889388489,0.0,2.1889388489
 04/23  09:00:00,259.999825398,0.0,0.0,0.0,24.9203635341,149.522181205,2.18898221647,0.0,2.18898221647
 04/23  10:00:00,286.210180643,4.04441615237,55.8806963046,0.0,24.9203635341,149.522181205,2.18902599912,0.0,2.18902599912
 04/23  11:00:00,358.336024495,8.08883230475,108.916658753,0.0,24.9203635341,149.522181205,2.19069606577,0.0,2.19069606577
 04/23  12:00:00,211.111981853,0.0,0.0,0.0,24.9203635341,149.522181205,2.19040937173,0.0,2.19040937173
 04/23  13:00:00,211.113404198,0.0,0.0,0.0,24.9203635341,149.522181205,4.36626110827,0.0,4.36626110827
 04/23  14:00:00,211.111981833,0.0,0.0,0.0,24.9203635341,149.522181205,2.19055182299,0.0,2.19055182299
 04/23  15:00:00,211.111034198,0.0,0.0,0.0,24.9203635341,149.522181205,2.18895776932,0.0,2.18895776932
 04/23  16:00:00,462.461365328,11.2802082152,139.87650427,0.0,24.9203635341,149.522181205,2.18900098494,0.0,2.18900098494
 04/23  17:00:00,669.725480111,23.5816014784,259.118845337,0.0,24.9203635341,149.522181205,2.1890189344,0.0,2.1890189344
 04/23  18:00:00,617.888811778,19.7856149882,213.724719083,0.0,24.9203635341,149.522181205,2.18895901542,0.0,2.18895901542
 04/23  19:00:00,586.281195686,19.772696239,214.122404036,0.0,24.9203635341,149.522181205,2.18905393614,0.0,2.18905393614
 04/23  20:00:00,380.152907616,4.04441615237,46.0732588722,0.0,24.9203635341,149.522181205,0.02,0.0,0.02
 04/23  21:00:00,299.041049463,0.0,0.0,0.0,24.9203635341,149.522181205,4.36311464543,0.0,4.36311464543
 04/23  22:00:00,274.595231917,0.0,0.0,0.0,24.9203635341,149.522181205,2.18884132817,0.0,2.18884132817
 04/23  23:00:00,250.150836246,0.0,0.0,0.0,24.9203635341,149.522181205,2.18888465658,0.0,2.18888465658
 04/23  24:00:00,237.928638338,0.0,0.0,0.0,24.9203635341,149.522181205,2.18892792114,0.0,2.18892792114
 04/24  01:00:00,287.769836596,0.0,0.0,0.0,24.9203635341,199.362908273,2.1898295877,0.0,2.1898295877
 04/24  02:00:00,287.769836602,0.0,0.0,0.0,24.9203635341,199.362908273,2.18963112489,0.0,2.18963112489
 04/24  03:00:00,287.769836535,0.0,0.0,0.0,24.9203635341,199.362908273,2.18974482567,0.0,2.18974482567
 04/24  04:00:00,299.992034401,0.0,0.0,0.0,24.9203635341,199.362908273,2.18985816481,0.0,2.18985816481
 04/24  05:00:00,349.358213608,0.0,0.0,0.0,49.8407270682,199.362908273,2.19221821474,0.0,2.19221821474
 04/24  06:00:00,771.184162348,30.3148174886,257.41608855,0.0,49.8407270682,199.362908273,454.324649696,449.961666703,4.36298299351
 04/24  07:00:00,769.314655571,30.3148174886,178.278745733,0.0,149.522181205,199.362908273,368.854675173,360.110393559,8.74428161411
 04/24  08:00:00,1359.63722353,30.3148174886,219.483801433,0.0,448.566543614,448.566543614,157.940555462,144.752775962,13.1877795005
 04/24  09:00:00,1387.36866172,30.3148174886,282.905339706,0.0,448.566543614,448.566543614,73.7106704986,58.3080926101,15.4025778885
 04/24  10:00:00,1356.49923164,30.3148174886,300.345657947,0.0,448.566543614,448.566543614,70.5071056325,52.9001442785,17.606961354
 04/24  11:00:00,1366.05878649,30.3148174886,302.947989699,0.0,448.566543614,448.566543614,60.0837589115,40.2159856698,19.8677732416
 04/24  12:00:00,1313.05960421,30.3148174886,303.118639081,0.0,448.566543614,398.725816546,67.8189059155,45.6625717718,22.1563341437
 04/24  13:00:00,1375.43500622,30.3148174886,309.096870179,0.0,448.566543614,448.566543614,50.8209415538,26.4747012907,24.3462402631
 04/24  14:00:00,1376.25393231,30.3148174886,310.107455067,0.0,448.566543614,448.566543614,27.5973930693,14.4177076844,13.1796853848
 04/24  15:00:00,1377.21610951,30.3148174886,312.444722764,0.0,448.566543614,448.566543614,30.4421101533,17.2631953286,13.1789148247
 04/24  16:00:00,1432.80853596,30.3148174886,320.321100338,0.0,448.566543614,448.566543614,41.658711651,21.8137990852,19.8449125657
 04/24  17:00:00,1317.26868146,30.3148174886,318.249163282,0.0,348.885089477,398.725816546,60.4040621564,49.4486944128,10.9553677436
 04/24  18:00:00,1123.15807341,30.3148174886,324.586322465,0.0,249.203635341,299.044362409,94.6140474467,85.8626698096,8.75137763708
 04/24  19:00:00,1096.41086692,30.3148174886,322.912941077,0.0,249.203635341,299.044362409,101.079787521,94.5265784895,6.55320903135
 04/24  20:00:00,979.235110246,30.3148174886,312.593030293,0.0,149.522181205,249.203635341,172.882364181,166.323343409,6.55902077192
 04/24  21:00:00,921.438551329,30.3148174886,269.733948958,0.0,149.522181205,249.203635341,215.123180154,210.758731821,4.36444833254
 04/24  22:00:00,349.35679375,0.0,0.0,0.0,49.8407270682,199.362908273,2.18980190918,0.0,2.18980190918
 04/24  23:00:00,299.99203463,0.0,0.0,0.0,24.9203635341,199.362908273,2.18960296196,0.0,2.18960296196
 04/24  24:00:00,287.769836678,0.0,0.0,0.0,24.9203635341,199.362908273,2.18971628493,0.0,2.18971628493
 04/25  01:00:00,287.769833688,0.0,0.0,0.0,24.9203635341,199.362908273,2.1898202982,0.0,2.1898202982
 04/25  02:00:00,287.769833674,0.0,0.0,0.0,24.9203635341,199.362908273,2.18961689603,0.0,2.18961689603
 04/25  03:00:00,287.769833603,0.0,0.0,0.0,24.9203635341,199.362908273,2.18972463433,0.0,2.18972463433
 04/25  04:00:00,299.992031456,0.0,0.0,0.0,24.9203635341,199.362908273,2.1898320169,0.0,2.1898320169
 04/25  05:00:00,349.35820927,0.0,0.0,0.0,49.8407270682,199.362908273,4.36416965373,0.0,4.36416965373
 04/25  06:00:00,825.082338838,30.3148174886,302.630203286,0.0,49.8407270682,199.362908273,346.664978969,344.473684217,2.19129475193
 04/25  07:00:00,882.421457813,30.3148174886,282.160297793,0.0,149.522181205,199.362908273,324.888908773,316.144869514,8.7440392585
 04/25  08:00:00,1432.49839468,30.3148174886,283.534204513,0.0,448.566543614,448.566543614,162.001468712,148.812857893,13.1886108197
 04/25  09:00:00,1420.57305189,30.3148174886,309.357929663,0.0,448.566543614,448.566543614,126.216260223,108.617489282,17.5987709417
 04/25  10:00:00,1375.94514311,30.3148174886,314.627811814,0.0,448.566543614,448.566543614,106.911351976,91.5049712136,15.406380762
 04/25  11:00:00,1381.6389047,30.3148174886,320.706920208,0.0,448.566543614,448.566543614,95.892349995,76.0249808929,19.867369102
 04/25  12:00:00,1343.48641301,30.3148174886,332.572595655,0.0,448.566543614,398.725816546,97.1092299878,74.9542958768,22.1549341111
 04/25  13:00:00,1409.80157413,30.3148174886,348.868068627,0.0,448.566543614,448.566543614,65.0053430292,40.7590405427,24.2463024865
 04/25  14:00:00,1427.21316483,30.3148174886,366.09724996,0.0,448.566543614,448.566543614,39.2469053482,25.9715644692,13.275340879
 04/25  15:00:00,1434.73572363,30.3148174886,371.87528231,0.0,448.566543614,448.566543614,18.5017121888,5.32415173628,13.1775604525
 04/25  16:00:00,1484.89814243,30.3148174886,371.924554565,0.0,448.566543614,448.566543614,26.6932594305,6.85104523645,19.8422141941
 04/25  17:00:00,1382.74868834,30.3148174886,381.424223375,0.0,348.885089477,398.725816546,21.7337646762,12.9660185803,8.76774609595
 04/25  18:00:00,1196.73295996,30.3148174886,394.471055635,0.0,249.203635341,299.044362409,36.0935910339,25.1599951472,10.9335958868
 04/25  19:00:00,1177.91423446,30.3148174886,401.179613559,0.0,249.203635341,299.044362409,41.0341873748,36.6583984743,4.37578890052
 04/25  20:00:00,1064.21059123,30.3148174886,395.30412512,0.0,149.522181205,249.203635341,90.6858082011,81.9478023115,8.73800588957
 04/25  21:00:00,1040.89556795,30.3148174886,388.948315266,0.0,149.522181205,249.203635341,104.067484598,101.875405729,2.19207886895
 04/25  22:00:00,349.356790781,0.0,0.0,0.0,49.8407270682,199.362908273,2.18982401537,0.0,2.18982401537
 04/25  23:00:00,299.99203159,0.0,0.0,0.0,24.9203635341,199.362908273,4.35940635416,0.0,4.35940635416
 04/25  24:00:00,287.769833763,0.0,0.0,0.0,24.9203635341,199.362908273,2.18970848751,0.0,2.18970848751
 04/26  01:00:00,287.769830746,0.0,0.0,0.0,24.9203635341,199.362908273,2.18980553758,0.0,2.18980553758
 04/26  02:00:00,287.76983073,0.0,0.0,0.0,24.9203635341,199.362908273,2.1895970952,0.0,2.1895970952
 04/26  03:00:00,287.769830641,0.0,0.0,0.0,24.9203635341,199.362908273,2.18969878519,0.0,2.18969878519
 04/26  04:00:00,299.992028469,0.0,0.0,0.0,24.9203635341,199.362908273,2.18980014297,0.0,2.18980014297
 04/26  05:00:00,349.358204049,0.0,0.0,0.0,49.8407270682,199.362908273,2.19213127038,0.0,2.19213127038
 04/26  06:00:00,944.622498478,30.7963080945,430.462279714,0.0,49.8407270682,199.362908273,129.984534543,125.621666001,4.36286854171
 04/26  07:00:00,1050.34185135,30.3148174886,447.98288963,0.0,149.522181205,199.362908273,80.8441985614,72.0990976124,8.74510094893
 04/26  08:00:00,1612.42596744,30.3148174886,460.868060332,0.0,448.566543614,448.566543614,35.2838824672,22.098349652,13.1855328152
 04/26  09:00:00,1593.23556489,30.7888549242,477.553952355,0.0,448.566543614,448.566543614,26.3610942822,10.9618470364,15.3992472457
 04/26  10:00:00,1528.08245535,31.6136733715,460.471103973,0.0,448.566543614,448.566543614,19.3809124969,1.77626632566,17.6046461713
 04/26  11:00:00,1483.81654307,30.81507103,417.400226763,0.0,448.566543614,448.566543614,18.2892912578,0.632840559005,17.6564506988
 04/26  12:00:00,1410.1503908,31.1575992153,392.828383319,0.0,448.566543614,398.725816546,24.7345698295,0.365102995773,24.3694668337
 04/26  13:00:00,1461.98605383,32.4646453608,393.517956689,0.0,448.566543614,448.566543614,22.1311315952,0.0,22.1311315952
 04/26  14:00:00,1454.84705412,33.2145002492,387.872961919,0.0,448.566543614,448.566543614,15.3790826773,0.0,15.3790826773
 04/26  15:00:00,1460.03109998,34.3861480374,393.827479652,0.0,448.566543614,448.566543614,13.176137889,0.0,13.176137889
 04/26  16:00:00,1515.42792328,35.8256910612,398.706296891,0.0,448.566543614,448.566543614,17.6371026048,0.0,17.6371026048
 04/26  17:00:00,1388.10776285,32.5009579852,387.784439938,0.0,348.885089477,398.725816546,10.9539047225,0.0,10.9539047225
 04/26  18:00:00,1170.96946666,30.5468922705,372.293718737,0.0,249.203635341,299.044362409,8.75186697646,0.0,8.75186697646
 04/26  19:00:00,1122.08386325,30.3148174886,349.151089928,0.0,249.203635341,299.044362409,6.55316595064,0.0,6.55316595064
 04/26  20:00:00,978.493098084,30.3148174886,314.177974647,0.0,149.522181205,249.203635341,12.9635258596,6.40541262599,6.55811323366
 04/26  21:00:00,943.453429406,30.3148174886,296.315301539,0.0,149.522181205,249.203635341,41.9521647129,37.5880782384,4.36408647447
 04/26  22:00:00,349.356787433,0.0,0.0,0.0,49.8407270682,199.362908273,2.18971442494,0.0,2.18971442494
 04/26  23:00:00,299.992028405,0.0,0.0,0.0,24.9203635341,199.362908273,2.18981540096,0.0,2.18981540096
 04/26  24:00:00,287.769830603,0.0,0.0,0.0,24.9203635341,199.362908273,2.18960647265,0.0,2.18960647265
 04/27  01:00:00,287.769827534,0.0,0.0,0.0,24.9203635341,199.362908273,2.18970026318,0.0,2.18970026318
 04/27  02:00:00,287.769827608,0.0,0.0,0.0,24.9203635341,199.362908273,2.18979590025,0.0,2.18979590025
 04/27  03:00:00,287.769827643,0.0,0.0,0.0,24.9203635341,199.362908273,2.18958235809,0.0,2.18958235809
 04/27  04:00:00,299.992025421,0.0,0.0,0.0,24.9203635341,199.362908273,2.18967792081,0.0,2.18967792081
 04/27  05:00:00,349.358199689,0.0,0.0,0.0,49.8407270682,199.362908273,4.36408194852,0.0,4.36408194852
 04/27  06:00:00,770.428102658,31.7933696214,261.62730654,0.0,49.8407270682,199.362908273,216.981463762,214.790169973,2.19129378935
 04/27  07:00:00,746.184561779,30.3148174886,154.095018141,0.0,149.522181205,199.362908273,163.453801835,154.709012925,8.74478891046
 04/27  08:00:00,1317.36802241,30.6276801071,175.635329218,0.0,448.566543614,448.566543614,60.6124271499,45.228483075,15.3839440749
 04/27  09:00:00,1356.37064641,31.8895626385,248.612432604,0.0,448.566543614,448.566543614,43.1519223473,27.7546625416,15.3972598057
 04/27  10:00:00,1328.76014306,31.7301918941,269.160976779,0.0,448.566543614,448.566543614,31.1595860169,15.7557813184,15.4038046985
 04/27  11:00:00,1338.75568726,31.3413560686,279.017665322,0.0,448.566543614,448.566543614,26.4692478048,6.60368773892,19.8655600659
 04/27  12:00:00,1293.69820474,30.4096844638,284.450293886,0.0,448.566543614,398.725816546,31.5968828816,9.44605884262,22.150824039
 04/27  13:00:00,1351.59214856,33.0106500544,289.630629067,0.0,448.566543614,448.566543614,23.2338698376,1.10551549015,22.1283543474
 04/27  14:00:00,1360.81503989,34.1097697859,297.265433763,0.0,448.566543614,448.566543614,15.4184194845,0.0447086892642,15.3737107952
 04/27  15:00:00,1369.45350048,34.6301002662,304.893314717,0.0,448.566543614,448.566543614,13.1751812427,0.0,13.1751812427
 04/27  16:00:00,1431.41394038,34.8390501428,317.339721655,0.0,448.566543614,448.566543614,17.6375910725,0.0,17.6375910725
 04/27  17:00:00,1318.55309236,31.7430471538,320.433437085,0.0,348.885089477,398.725816546,10.9536470284,0.0,10.9536470284
 04/27  18:00:00,1115.40174744,31.1484545066,317.340910569,0.0,249.203635341,299.044362409,8.74977220654,0.0,8.74977220654
 04/27  19:00:00,1085.44647125,30.8309773963,312.745414237,0.0,249.203635341,299.044362409,6.57793690405,0.0249605342138,6.55297636984
 04/27  20:00:00,959.40195681,30.3148174886,295.237989212,0.0,149.522181205,249.203635341,19.2278844269,12.6686679639,6.55921646301
 04/27  21:00:00,930.420443009,30.3148174886,282.867189087,0.0,149.522181205,249.203635341,37.3898468373,33.0253373215,4.36450951584
 04/27  22:00:00,349.356784552,0.0,0.0,0.0,49.8407270682,199.362908273,2.18977114282,0.0,2.18977114282
 04/27  23:00:00,299.992025378,0.0,0.0,0.0,24.9203635341,199.362908273,2.18971077981,0.0,2.18971077981
 04/27  24:00:00,287.769827652,0.0,0.0,0.0,24.9203635341,199.362908273,2.18980568899,0.0,2.18980568899
 04/28  01:00:00,287.769824577,0.0,0.0,0.0,24.9203635341,199.362908273,2.18958516561,0.0,2.18958516561
 04/28  02:00:00,287.769824567,0.0,0.0,0.0,24.9203635341,199.362908273,2.18967496265,0.0,2.18967496265
 04/28  03:00:00,287.769824632,0.0,0.0,0.0,24.9203635341,199.362908273,2.18976438522,0.0,2.18976438522
 04/28  04:00:00,299.992022505,0.0,0.0,0.0,24.9203635341,199.362908273,2.18954567745,0.0,2.18954567745
 04/28  05:00:00,349.358194612,0.0,0.0,0.0,49.8407270682,199.362908273,4.36439898778,0.0,4.36439898778
 04/28  06:00:00,797.601182896,32.4898614096,287.645928894,0.0,49.8407270682,199.362908273,137.330408162,135.138962553,2.19144560919
 04/28  07:00:00,874.511455638,30.3148174886,280.853701277,0.0,149.522181205,199.362908273,163.637051109,154.892415909,8.74463519928
 04/28  08:00:00,1424.67667413,30.3148174886,282.343726177,0.0,448.566543614,448.566543614,73.7930913675,58.4108814914,15.3822098762
 04/28  09:00:00,1394.83142185,30.3148174886,288.43175715,0.0,448.566543614,448.566543614,51.7271015696,36.3301186915,15.3969828781
 04/28  10:00:00,1345.63173485,30.7147329753,287.41528149,0.0,448.566543614,448.566543614,39.2687756357,23.8655852579,15.4031903778
 04/28  11:00:00,1357.23857234,31.284274826,297.868329034,0.0,448.566543614,448.566543614,30.4091477585,10.5450963072,19.8640514513
 04/28  12:00:00,1339.53366099,30.3148174886,325.487285602,0.0,448.566543614,398.725816546,31.5007697419,9.35231395225,22.1484557897
 04/28  13:00:00,1427.64348734,33.15586466,358.483669451,0.0,448.566543614,448.566543614,22.9022210217,0.777351149482,22.1248698722
 04/28  14:00:00,1451.79992569,34.5366795886,381.269276704,0.0,448.566543614,448.566543614,15.3754651425,0.0,15.3754651425
 04/28  15:00:00,1475.39851518,34.9503689461,404.454655858,0.0,448.566543614,448.566543614,13.1749776569,0.0,13.1749776569
 04/28  16:00:00,1549.63631458,35.6950485872,429.447938469,0.0,448.566543614,448.566543614,17.6355387299,0.0,17.6355387299
 04/28  17:00:00,1387.39300732,31.4459439501,386.533183438,0.0,348.885089477,398.725816546,11.1942871201,0.239723213904,10.9545639062
 04/28  18:00:00,1137.92020828,30.3148174886,338.982855764,0.0,249.203635341,299.044362409,30.1738201658,21.4227365491,8.75108361671
 04/28  19:00:00,1104.98365496,30.3148174886,331.882462735,0.0,249.203635341,299.044362409,39.6609968369,33.106710778,6.55428605895
 04/28  20:00:00,983.577771322,30.3148174886,316.918457886,0.0,149.522181205,249.203635341,69.6286441309,63.0708046635,6.55783946745
 04/28  21:00:00,950.385180456,30.3148174886,298.056395404,0.0,149.522181205,249.203635341,100.096246182,95.7321426317,4.36410355052
 04/28  22:00:00,349.356781362,0.0,0.0,0.0,49.8407270682,199.362908273,2.18979451044,0.0,2.18979451044
 04/28  23:00:00,299.992022265,0.0,0.0,0.0,24.9203635341,199.362908273,2.18957549048,0.0,2.18957549048
 04/28  24:00:00,287.769824438,0.0,0.0,0.0,24.9203635341,199.362908273,2.18966451759,0.0,2.18966451759
 04/29  01:00:00,237.929094335,0.0,0.0,0.0,24.9203635341,149.522181205,2.18974502412,0.0,2.18974502412
 04/29  02:00:00,237.929094424,0.0,0.0,0.0,24.9203635341,149.522181205,2.1895214557,0.0,2.1895214557
 04/29  03:00:00,237.929094358,0.0,0.0,0.0,24.9203635341,149.522181205,2.18960501038,0.0,2.18960501038
 04/29  04:00:00,250.151292176,0.0,0.0,0.0,24.9203635341,149.522181205,2.18968826205,0.0,2.18968826205
 04/29  05:00:00,274.597099432,0.0,0.0,0.0,24.9203635341,149.522181205,4.36435939113,0.0,4.36435939113
 04/29  06:00:00,786.70750707,31.3594870115,271.748657574,0.0,49.8407270682,199.362908273,359.40040861,357.209043495,2.19136511457
 04/29  07:00:00,643.845934982,30.3148174886,140.077523781,0.0,49.8407270682,199.362908273,370.758078375,366.3895863,4.36849207471
 04/29  08:00:00,835.80507639,30.3148174886,90.1726541727,0.0,249.203635341,249.203635341,268.060173575,261.507001072,6.55317250243
 04/29  09:00:00,820.346824328,30.3148174886,115.256618152,0.0,249.203635341,249.203635341,259.992812858,251.243549246,8.74926361179
 04/29  10:00:00,812.935396577,30.3148174886,156.454244032,0.0,249.203635341,249.203635341,190.159096223,181.415298371,8.7437978513
 04/29  11:00:00,864.895343111,30.3148174886,208.132672493,0.0,249.203635341,249.203635341,99.4513839935,90.694640098,8.75674389551
 04/29  12:00:00,900.972561879,30.3148174886,243.975988458,0.0,249.203635341,249.203635341,128.237286895,119.48968451,8.74760238414
 04/29  13:00:00,907.507394909,30.3148174886,250.50860978,0.0,249.203635341,249.203635341,146.058503662,137.31506842,8.74343524226
 04/29  14:00:00,677.063620642,30.3148174886,269.000188494,0.0,74.7610906023,174.442544739,133.503074799,126.951008788,6.55206601084
 04/29  15:00:00,694.764124529,30.3148174886,286.606051833,0.0,74.7610906023,174.442544739,121.408259166,117.036144415,4.37211475064
 04/29  16:00:00,745.366214634,30.3148174886,288.293685418,0.0,74.7610906023,174.442544739,130.964602701,124.413303969,6.55129873265
 04/29  17:00:00,711.322542454,30.3148174886,292.36906255,0.0,24.9203635341,149.522181205,125.879663332,123.688282102,2.19138122966
 04/29  18:00:00,467.855570899,11.0853469095,121.464373743,0.0,24.9203635341,149.522181205,4.36257801342,0.0,4.36257801342
 04/29  19:00:00,451.376520971,10.6061388565,119.834946467,0.0,24.9203635341,149.522181205,2.19130011418,0.0,2.19130011418
 04/29  20:00:00,314.941753125,0.0,0.0,0.0,24.9203635341,149.522181205,2.19141166951,0.0,2.19141166951
 04/29  21:00:00,299.041964857,0.0,0.0,0.0,24.9203635341,149.522181205,4.36575956353,0.0,4.36575956353
 04/29  22:00:00,274.595687863,0.0,0.0,0.0,24.9203635341,149.522181205,2.18958420359,0.0,2.18958420359
 04/29  23:00:00,250.151292257,0.0,0.0,0.0,24.9203635341,149.522181205,2.18966711151,0.0,2.18966711151
 04/29  24:00:00,237.929094512,0.0,0.0,0.0,24.9203635341,149.522181205,2.18974986939,0.0,2.18974986939
 04/30  01:00:00,237.928621625,0.0,0.0,0.0,24.9203635341,149.522181205,2.18894379352,0.0,2.18894379352
 04/30  02:00:00,237.928621743,0.0,0.0,0.0,24.9203635341,149.522181205,2.18894860282,0.0,2.18894860282
 04/30  03:00:00,237.928621786,0.0,0.0,0.0,24.9203635341,149.522181205,2.18895311152,0.0,2.18895311152
 04/30  04:00:00,250.150819552,0.0,0.0,0.0,24.9203635341,149.522181205,2.18895739419,0.0,2.18895739419
 04/30  05:00:00,274.596624023,0.0,0.0,0.0,24.9203635341,149.522181205,2.19142785319,0.0,2.19142785319
 04/30  06:00:00,306.396672977,0.0,0.0,0.0,24.9203635341,149.522181205,2.18893283539,0.0,2.18893283539
 04/30  07:00:00,296.666401965,0.0,0.0,0.0,24.9203635341,149.522181205,2.18893736382,0.0,2.18893736382
 04/30  08:00:00,296.66640193,0.0,0.0,0.0,24.9203635341,149.522181205,2.18894125047,0.0,2.18894125047
 04/30  09:00:00,259.999808402,0.0,0.0,0.0,24.9203635341,149.522181205,2.18894444186,0.0,2.18894444186
 04/30  10:00:00,211.111017025,0.0,0.0,0.0,24.9203635341,149.522181205,0.02,0.0,0.02
 04/30  11:00:00,211.111956921,0.0,0.0,0.0,24.9203635341,149.522181205,4.36106422345,0.0,4.36106422345
 04/30  12:00:00,211.111956502,0.0,0.0,0.0,24.9203635341,149.522181205,2.19032308058,0.0,2.19032308058
 04/30  13:00:00,211.113366197,0.0,0.0,0.0,24.9203635341,149.522181205,4.36562892435,0.0,4.36562892435
 04/30  14:00:00,211.111956552,0.0,0.0,0.0,24.9203635341,149.522181205,2.19033877095,0.0,2.19033877095
 04/30  15:00:00,211.111017298,0.0,0.0,0.0,24.9203635341,149.522181205,2.18876245856,0.0,2.18876245856
 04/30  16:00:00,259.999808406,0.0,0.0,0.0,24.9203635341,149.522181205,2.18876624688,0.0,2.18876624688
 04/30  17:00:00,296.666401671,0.0,0.0,0.0,24.9203635341,149.522181205,2.18889641803,0.0,2.18889641803
 04/30  18:00:00,296.666401586,0.0,0.0,0.0,24.9203635341,149.522181205,0.02,0.0,0.02
 04/30  19:00:00,272.222006159,0.0,0.0,0.0,24.9203635341,149.522181205,2.18877383844,0.0,2.18877383844
 04/30  20:00:00,306.396672989,0.0,0.0,0.0,24.9203635341,149.522181205,2.18890398191,0.0,2.18890398191
 04/30  21:00:00,299.041020161,0.0,0.0,0.0,24.9203635341,149.522181205,4.36224089234,0.0,4.36224089234
 04/30  22:00:00,274.59521495,0.0,0.0,0.0,24.9203635341,149.522181205,0.02,0.0,0.02
 04/30  23:00:00,250.150819486,0.0,0.0,0.0,24.9203635341,149.522181205,2.18875487348,0.0,2.18875487348
 04/30  24:00:00,237.928621795,0.0,0.0,0.0,24.9203635341,149.522181205,2.18875873396,0.0,2.18875873396
 05/01  01:00:00,287.769815337,0.0,0.0,0.0,24.9203635341,199.362908273,2.18968945587,0.0,2.18968945587
 05/01  02:00:00,287.769815384,0.0,0.0,0.0,24.9203635341,199.362908273,2.18976060429,0.0,2.18976060429
 05/01  03:00:00,287.769815357,0.0,0.0,0.0,24.9203635341,199.362908273,2.18952678832,0.0,2.18952678832
 05/01  04:00:00,299.992013117,0.0,0.0,0.0,24.9203635341,199.362908273,2.18959789628,0.0,2.18959789628
 05/01  05:00:00,377.962223341,0.821471083491,2.58676639245,0.0,49.8407270682,199.362908273,8.51094508864,4.1469271854,4.36401790324
 05/01  06:00:00,721.715361143,30.3338786318,216.175567037,0.0,49.8407270682,199.362908273,653.580462063,651.389343982,2.19111808175
 05/01  07:00:00,657.592616131,30.3148174886,83.4929617569,0.0,149.522181205,199.362908273,467.406456026,458.66269872,8.74375730648
 05/01  08:00:00,1220.30141275,30.3148174886,87.4048618819,0.0,448.566543614,448.566543614,179.480551666,166.295028539,13.1855231264
 05/01  09:00:00,1331.73966034,30.3539936351,227.198653194,0.0,448.566543614,448.566543614,97.620192031,82.2253750944,15.3948169366
 05/01  10:00:00,1330.54960462,30.7199075952,273.537263099,0.0,448.566543614,448.566543614,72.5540606721,54.9541142024,17.5999464697
 05/01  11:00:00,1338.80699584,30.3676682362,281.26975289,0.0,448.566543614,448.566543614,53.9624671908,36.308559265,17.6539079258
 05/01  12:00:00,1300.58684263,30.3148174886,292.315041561,0.0,448.566543614,398.725816546,58.8413626187,34.4815469473,24.3598156713
 05/01  13:00:00,1369.14423147,30.3148174886,310.739705928,0.0,448.566543614,448.566543614,36.1750447069,14.0539044968,22.1211402101
 05/01  14:00:00,1382.68061084,30.437540705,323.612099904,0.0,448.566543614,448.566543614,17.27699218,4.1026262385,13.1743659416
 05/01  15:00:00,1398.81676771,30.5581468344,338.985295355,0.0,448.566543614,448.566543614,13.3854234419,0.210672432863,13.174751009
 05/01  16:00:00,1459.60355703,30.6599100779,350.359794454,0.0,448.566543614,448.566543614,17.6332660267,0.0,17.6332660267
 05/01  17:00:00,1344.93766845,31.1236550085,347.924861453,0.0,348.885089477,398.725816546,10.9518480954,0.0,10.9518480954
 05/01  18:00:00,1142.89886885,31.0530981228,345.566974495,0.0,249.203635341,299.044362409,9.6102246709,0.860890271864,8.74933439903
 05/01  19:00:00,1113.69955434,30.3375767421,342.227746742,0.0,249.203635341,299.044362409,11.0940163252,4.54062539127,6.55339093392
 05/01  20:00:00,982.584417196,30.3148174886,327.792357707,0.0,149.522181205,249.203635341,35.7778916045,29.2192283061,6.55866329845
 05/01  21:00:00,957.401650943,30.3148174886,310.922077377,0.0,149.522181205,249.203635341,65.765542031,61.4016406491,4.36390138195
 05/01  22:00:00,349.356772256,0.0,0.0,0.0,49.8407270682,199.362908273,2.18976371072,0.0,2.18976371072
 05/01  23:00:00,299.992013101,0.0,0.0,0.0,24.9203635341,199.362908273,2.18952945249,0.0,2.18952945249
 05/01  24:00:00,287.769815254,0.0,0.0,0.0,24.9203635341,199.362908273,2.18960012591,0.0,2.18960012591
 05/02  01:00:00,287.769812087,0.0,0.0,0.0,24.9203635341,199.362908273,2.18966129234,0.0,2.18966129234
 05/02  02:00:00,287.769812142,0.0,0.0,0.0,24.9203635341,199.362908273,2.18972622108,0.0,2.18972622108
 05/02  03:00:00,287.769812166,0.0,0.0,0.0,24.9203635341,199.362908273,2.18948720855,0.0,2.18948720855
 05/02  04:00:00,299.992009901,0.0,0.0,0.0,24.9203635341,199.362908273,2.18955214827,0.0,2.18955214827
 05/02  05:00:00,349.358174616,0.0,0.0,0.0,49.8407270682,199.362908273,2.19209959875,0.0,2.19209959875
 05/02  06:00:00,806.853591457,31.0804663912,299.286095403,0.0,49.8407270682,199.362908273,222.731559853,218.368914233,4.36264561963
 05/02  07:00:00,880.475770233,30.3148174886,287.474480918,0.0,149.522181205,199.362908273,158.62259377,152.059832599,6.56276117007
 05/02  08:00:00,1434.50116055,30.4141715717,292.444103257,0.0,448.566543614,448.566543614,56.2822827866,40.9046158994,15.3776668871
 05/02  09:00:00,1426.2689143,31.4229419132,311.478853707,0.0,448.566543614,448.566543614,38.5435570862,23.148594418,15.3949626682
 05/02  10:00:00,1417.1266171,31.7197531156,349.40313673,0.0,448.566543614,448.566543614,25.2907804054,9.89108091234,15.3996994931
 05/02  11:00:00,1457.35884904,30.8543990253,390.502665728,0.0,448.566543614,448.566543614,22.2447703826,2.38790449349,19.8568658892
 05/02  12:00:00,1444.34908996,30.4506083783,428.932886286,0.0,448.566543614,398.725816546,23.8548262997,1.70888576438,22.1459405353
 05/02  13:00:00,1539.64337468,31.6409357611,471.999000821,0.0,448.566543614,448.566543614,22.3677763643,0.248070297826,22.1197060664
 05/02  14:00:00,1546.08427919,32.8933813175,477.197018907,0.0,448.566543614,448.566543614,13.178322533,0.0,13.178322533
 05/02  15:00:00,1541.34175987,33.7217245945,471.626619118,0.0,448.566543614,448.566543614,13.1757024646,0.0,13.1757024646
 05/02  16:00:00,1589.33400243,34.4303370679,470.016308854,0.0,448.566543614,448.566543614,17.6325544848,0.0,17.6325544848
 05/02  17:00:00,1485.44142007,31.1137788389,482.304303693,0.0,348.885089477,398.725816546,10.9530885304,0.0,10.9530885304
 05/02  18:00:00,1258.58689864,30.3148174886,455.613996292,0.0,249.203635341,299.044362409,8.74905831586,0.0,8.74905831586
 05/02  19:00:00,1218.77635091,30.3148174886,440.250481465,0.0,249.203635341,299.044362409,6.78163385697,0.229260453202,6.55237340377
 05/02  20:00:00,1107.12887884,30.3148174886,444.005180919,0.0,149.522181205,249.203635341,25.0398640449,18.4826258869,6.55723815795
 05/02  21:00:00,1071.07743804,30.3148174886,416.904524665,0.0,149.522181205,249.203635341,55.7539527288,51.3899863489,4.36396637988
 05/02  22:00:00,349.356769077,0.0,0.0,0.0,49.8407270682,199.362908273,2.18965265293,0.0,2.18965265293
 05/02  23:00:00,299.992010002,0.0,0.0,0.0,24.9203635341,199.362908273,2.18971694892,0.0,2.18971694892
 05/02  24:00:00,287.769812219,0.0,0.0,0.0,24.9203635341,199.362908273,2.18947753835,0.0,2.18947753835
 05/03  01:00:00,287.769808945,0.0,0.0,0.0,24.9203635341,199.362908273,2.18953449886,0.0,2.18953449886
 05/03  02:00:00,287.769808936,0.0,0.0,0.0,24.9203635341,199.362908273,2.18959351613,0.0,2.18959351613
 05/03  03:00:00,287.769808962,0.0,0.0,0.0,24.9203635341,199.362908273,2.1896522405,0.0,2.1896522405
 05/03  04:00:00,299.992006814,0.0,0.0,0.0,24.9203635341,199.362908273,2.18971073097,0.0,2.18971073097
 05/03  05:00:00,349.358170134,0.0,0.0,0.0,49.8407270682,199.362908273,4.3642569467,0.0,4.3642569467
 05/03  06:00:00,945.751694662,32.1643430014,430.192378916,0.0,49.8407270682,199.362908273,78.2401468858,76.0488574357,2.19128945007
 05/03  07:00:00,1034.45788983,30.3148174886,431.811423152,0.0,149.522181205,199.362908273,91.7091014958,82.9667386308,8.74236286502
 05/03  08:00:00,1583.22918333,30.3148174886,431.812144548,0.0,448.566543614,448.566543614,28.7357704037,15.5537421627,13.182028241
 05/03  09:00:00,1551.56809823,30.3148174886,436.361307688,0.0,448.566543614,448.566543614,25.265677986,9.86989249757,15.3957854885
 05/03  10:00:00,1510.59687128,30.4982101717,444.101291516,0.0,448.566543614,448.566543614,16.9548199453,1.55547642717,15.3993435182
 05/03  11:00:00,1517.13665457,31.3272561672,449.809035838,0.0,448.566543614,448.566543614,20.4097817884,0.554310587728,19.8554712006
 05/03  12:00:00,1453.88863111,30.708961295,437.015434217,0.0,448.566543614,398.725816546,22.5933077428,0.451372805512,22.1419349373
 05/03  13:00:00,1493.22957253,34.0566079888,423.169749563,0.0,448.566543614,448.566543614,22.1198257088,0.0,22.1198257088
 05/03  14:00:00,1469.56977664,35.1153784295,398.460540689,0.0,448.566543614,448.566543614,13.1782542339,0.0,13.1782542339
 05/03  15:00:00,1466.38680954,35.6397522729,394.753661928,0.0,448.566543614,448.566543614,13.1753964783,0.0,13.1753964783
 05/03  16:00:00,1513.4432205,35.7599365565,392.795956275,0.0,448.566543614,448.566543614,17.6314814743,0.0,17.6314814743
 05/03  17:00:00,1395.9737591,32.2883900848,391.662048146,0.0,348.885089477,398.725816546,10.9524912715,0.0,10.9524912715
 05/03  18:00:00,1181.02252542,31.0911839091,377.912487938,0.0,249.203635341,299.044362409,8.7485261396,0.0,8.7485261396
 05/03  19:00:00,1138.80890021,30.3213072609,363.538075978,0.0,249.203635341,299.044362409,7.47305046688,0.920654873782,6.5523955931
 05/03  20:00:00,1009.0543529,30.3148174886,349.449075713,0.0,149.522181205,249.203635341,27.9716734807,21.4139519968,6.55772148388
 05/03  21:00:00,987.37767443,30.3148174886,334.825773484,0.0,149.522181205,249.203635341,48.9666152779,44.6029479938,4.36366728416
 05/03  22:00:00,349.356765822,0.0,0.0,0.0,49.8407270682,199.362908273,2.18950362029,0.0,2.18950362029
 05/03  23:00:00,299.9920067,0.0,0.0,0.0,24.9203635341,199.362908273,2.18956193748,0.0,2.18956193748
 05/03  24:00:00,287.769808914,0.0,0.0,0.0,24.9203635341,199.362908273,2.18962016168,0.0,2.18962016168
 05/04  01:00:00,287.769805734,0.0,0.0,0.0,24.9203635341,199.362908273,2.18966974666,0.0,2.18966974666
 05/04  02:00:00,287.769805801,0.0,0.0,0.0,24.9203635341,199.362908273,2.18972230279,0.0,2.18972230279
 05/04  03:00:00,287.769805784,0.0,0.0,0.0,24.9203635341,199.362908273,2.18947307433,0.0,2.18947307433
 05/04  04:00:00,299.992003553,0.0,0.0,0.0,24.9203635341,199.362908273,2.18952563287,0.0,2.18952563287
 05/04  05:00:00,349.35816469,0.0,0.0,0.0,49.8407270682,199.362908273,4.36384908291,0.0,4.36384908291
 05/04  06:00:00,795.65150852,32.414265818,288.272514248,0.0,49.8407270682,199.362908273,229.35258685,227.161506944,2.19107990631
 05/04  07:00:00,781.126612623,30.3148174886,177.545868429,0.0,149.522181205,199.362908273,241.503138043,232.760767638,8.74237040448
 05/04  08:00:00,1274.02616699,30.3148174886,128.985345416,0.0,448.566543614,448.566543614,117.093717254,103.913800303,13.1799169512
 05/04  09:00:00,1246.47795139,30.3148174886,141.222360363,0.0,448.566543614,448.566543614,119.387288015,103.994583158,15.392704857
 05/04  10:00:00,1204.65916611,30.3712365542,143.230764636,0.0,448.566543614,448.566543614,111.866883285,96.468864067,15.398019218
 05/04  11:00:00,1186.04374806,30.8116206346,129.699573926,0.0,448.566543614,448.566543614,95.9029593186,76.0497031701,19.8532561484
 05/04  12:00:00,1144.26140405,30.3148174886,136.509880733,0.0,448.566543614,398.725816546,123.221358136,101.081392525,22.139965611
 05/04  13:00:00,1243.128444,31.1188497395,182.912480181,0.0,448.566543614,448.566543614,104.953820116,82.8382129013,22.1156072149
 05/04  14:00:00,1314.52927929,31.5150974588,246.975039308,0.0,448.566543614,448.566543614,74.0346154307,60.8604477376,13.174167693
 05/04  15:00:00,1344.50910076,31.7970488634,276.678782252,0.0,448.566543614,448.566543614,66.8166698335,53.6456001094,13.1710697241
 05/04  16:00:00,1400.25347436,32.0086816067,283.31682843,0.0,448.566543614,448.566543614,72.3428282566,54.7127245695,17.6301036872
 05/04  17:00:00,1256.17038778,30.3148174886,253.773210501,0.0,348.885089477,398.725816546,90.4961076432,79.5445937796,10.9515138636
 05/04  18:00:00,1002.81799965,30.3148174886,199.744292036,0.0,249.203635341,299.044362409,144.708502531,135.958992196,8.74951033502
 05/04  19:00:00,946.294210165,30.3148174886,167.639366748,0.0,249.203635341,299.044362409,180.90293378,174.350790952,6.55214282804
 05/04  20:00:00,807.14422092,30.3148174886,145.665396657,0.0,149.522181205,249.203635341,242.717849002,236.160674727,6.55717427523
 05/04  21:00:00,762.216735743,30.3148174886,117.663122524,0.0,149.522181205,249.203635341,267.733720925,265.541799935,2.1919209902
 05/04  22:00:00,349.35676305,0.0,0.0,0.0,49.8407270682,199.362908273,2.18968766762,0.0,2.18968766762
 05/04  23:00:00,299.992003808,0.0,0.0,0.0,24.9203635341,199.362908273,2.18961753144,0.0,2.18961753144
 05/04  24:00:00,287.769806011,0.0,0.0,0.0,24.9203635341,199.362908273,2.18966948949,0.0,2.18966948949
 05/05  01:00:00,287.769802736,0.0,0.0,0.0,24.9203635341,199.362908273,4.35917680452,0.0,4.35917680452
 05/05  02:00:00,287.769802687,0.0,0.0,0.0,24.9203635341,199.362908273,2.18950794379,0.0,2.18950794379
 05/05  03:00:00,287.769802657,0.0,0.0,0.0,24.9203635341,199.362908273,2.18955429373,0.0,2.18955429373
 05/05  04:00:00,299.992000457,0.0,0.0,0.0,24.9203635341,199.362908273,2.1896004483,0.0,2.1896004483
 05/05  05:00:00,349.35815894,0.0,0.0,0.0,49.8407270682,199.362908273,2.19195843634,0.0,2.19195843634
 05/05  06:00:00,724.495184615,31.0598495194,225.729788895,0.0,49.8407270682,199.362908273,513.493031624,509.130813581,4.36221804275
 05/05  07:00:00,705.190249109,30.3148174886,113.994909621,0.0,149.522181205,199.362908273,368.589932293,362.028484943,6.56144735023
 05/05  08:00:00,1210.69805156,30.3148174886,79.3832068319,0.0,448.566543614,448.566543614,163.493018967,148.11466272,15.378356247
 05/05  09:00:00,1227.13304373,30.3368433626,123.916943219,0.0,448.566543614,448.566543614,110.546180635,97.3520086841,13.1941719508
 05/05  10:00:00,1239.11818273,30.3787107186,183.105585739,0.0,448.566543614,448.566543614,82.3247371037,64.7287635362,17.5959735675
 05/05  11:00:00,1288.75123573,30.3148174886,232.344461177,0.0,448.566543614,448.566543614,67.4735777544,49.8262222224,17.647355532
 05/05  12:00:00,1256.22789173,30.3148174886,249.277702854,0.0,448.566543614,398.725816546,67.3345243986,45.1958858261,22.1386385725
 05/05  13:00:00,1324.01402505,30.3148174886,266.81241198,0.0,448.566543614,448.566543614,50.1903470719,28.0757638297,22.1145832422
 05/05  14:00:00,1334.84025937,30.353150415,277.157314314,0.0,448.566543614,448.566543614,27.4839319211,14.3069264301,13.177005491
 05/05  15:00:00,1340.40636378,30.7848550328,281.993714038,0.0,448.566543614,448.566543614,15.0141345037,1.84046366627,13.1736708374
 05/05  16:00:00,1393.00652773,31.2043201847,285.083786473,0.0,448.566543614,448.566543614,18.7732772819,1.14535454005,17.6279227418
 05/05  17:00:00,1278.55417601,30.3369755035,284.242208989,0.0,348.885089477,398.725816546,12.2471079344,1.29535362533,10.951754309
 05/05  18:00:00,1084.49512101,30.5745999995,289.2269599,0.0,249.203635341,299.044362409,17.7801044519,9.03101618627,8.74908826568
 05/05  19:00:00,1062.0069239,30.323530972,291.849923859,0.0,249.203635341,299.044362409,29.8877263491,23.3345919301,6.55313441898
 05/05  20:00:00,938.658280347,30.3148174886,284.666914922,0.0,149.522181205,249.203635341,58.3743696418,51.8162690954,6.55810054641
 05/05  21:00:00,921.868144872,30.3148174886,275.844661271,0.0,149.522181205,249.203635341,106.456193517,102.092563635,4.36362988208
 05/05  22:00:00,349.356759485,0.0,0.0,0.0,49.8407270682,199.362908273,2.18962579551,0.0,2.18962579551
 05/05  23:00:00,299.992000431,0.0,0.0,0.0,24.9203635341,199.362908273,2.18967149303,0.0,2.18967149303
 05/05  24:00:00,287.769802683,0.0,0.0,0.0,24.9203635341,199.362908273,2.18971713202,0.0,2.18971713202
 05/06  01:00:00,237.929072282,0.0,0.0,0.0,24.9203635341,149.522181205,2.18945283726,0.0,2.18945283726
 05/06  02:00:00,237.929072258,0.0,0.0,0.0,24.9203635341,149.522181205,2.18949322987,0.0,2.18949322987
 05/06  03:00:00,237.929072257,0.0,0.0,0.0,24.9203635341,149.522181205,2.18953338264,0.0,2.18953338264
 05/06  04:00:00,250.151270074,0.0,0.0,0.0,24.9203635341,149.522181205,2.18957334718,0.0,2.18957334718
 05/06  05:00:00,274.597063245,0.0,0.0,0.0,24.9203635341,149.522181205,2.19175680879,0.0,2.19175680879
 05/06  06:00:00,741.658367611,30.7242564759,243.33241674,0.0,49.8407270682,199.362908273,418.254818634,413.892258633,4.3625600011
 05/06  07:00:00,609.953690371,30.3148174886,118.408191701,0.0,49.8407270682,199.362908273,334.553083673,330.184173926,4.36890974725
 05/06  08:00:00,844.65468115,30.3148174886,103.433895669,0.0,249.203635341,249.203635341,184.595912492,178.043942746,6.5519697455
 05/06  09:00:00,907.154892193,30.3148174886,201.624674872,0.0,249.203635341,249.203635341,123.809518301,115.061715834,8.7478024671
 05/06  10:00:00,932.47000804,30.3148174886,274.987056263,0.0,249.203635341,249.203635341,80.5463357602,73.9842340837,6.56210167653
 05/06  11:00:00,960.421658274,30.3148174886,302.224288295,0.0,249.203635341,249.203635341,63.5162515468,54.7613954319,8.75485611489
 05/06  12:00:00,984.377862896,30.3148174886,325.444649148,0.0,249.203635341,249.203635341,50.1301852221,41.3847859798,8.74539924236
 05/06  13:00:00,1019.83899728,30.3148174886,356.246850521,0.0,249.203635341,249.203635341,38.5686407983,29.8269249378,8.74171586054
 05/06  14:00:00,787.723145668,30.3148174886,369.325451804,0.0,74.7610906023,174.442544739,40.8627217264,36.4879110181,4.37481070826
 05/06  15:00:00,777.333130671,30.3148174886,366.151506865,0.0,74.7610906023,174.442544739,19.8251967726,13.2775267332,6.54767003942
 05/06  16:00:00,834.204229614,30.3148174886,373.924309074,0.0,74.7610906023,174.442544739,15.4534106406,11.0804184419,4.37299219869
 05/06  17:00:00,802.560776214,30.3148174886,380.401183516,0.0,24.9203635341,149.522181205,24.0757119627,19.7132730401,4.36243892259
 05/06  18:00:00,296.667784159,0.0,0.0,0.0,24.9203635341,149.522181205,2.19121809757,0.0,2.19121809757
 05/06  19:00:00,272.223389294,0.0,0.0,0.0,24.9203635341,149.522181205,4.36242645,0.0,4.36242645
 05/06  20:00:00,306.398055332,0.0,0.0,0.0,24.9203635341,149.522181205,2.19100705127,0.0,2.19100705127
 05/06  21:00:00,299.041925517,0.0,0.0,0.0,24.9203635341,149.522181205,4.36547260483,0.0,4.36547260483
 05/06  22:00:00,274.595665696,0.0,0.0,0.0,24.9203635341,149.522181205,2.18959490444,0.0,2.18959490444
 05/06  23:00:00,250.151270121,0.0,0.0,0.0,24.9203635341,149.522181205,2.18963442226,0.0,2.18963442226
 05/06  24:00:00,237.929072354,0.0,0.0,0.0,24.9203635341,149.522181205,2.18967388974,0.0,2.18967388974
 05/07  01:00:00,237.928603769,0.0,0.0,0.0,24.9203635341,149.522181205,2.18868730869,0.0,2.18868730869
 05/07  02:00:00,237.928603555,0.0,0.0,0.0,24.9203635341,149.522181205,2.18865176353,0.0,2.18865176353
 05/07  03:00:00,237.928603535,0.0,0.0,0.0,24.9203635341,149.522181205,0.02,0.0,0.02
 05/07  04:00:00,250.150801572,0.0,0.0,0.0,24.9203635341,149.522181205,2.18886156957,0.0,2.18886156957
 05/07  05:00:00,274.596593348,0.0,0.0,0.0,24.9203635341,149.522181205,4.36216319774,0.0,4.36216319774
 05/07  06:00:00,297.852988228,0.0,0.0,0.0,24.9203635341,149.522181205,0.02,0.0,0.02
 05/07  07:00:00,296.666383991,0.0,0.0,0.0,24.9203635341,149.522181205,2.18871580424,0.0,2.18871580424
 05/07  08:00:00,296.666384185,0.0,0.0,0.0,24.9203635341,149.522181205,2.18867944455,0.0,2.18867944455
 05/07  09:00:00,259.999790858,0.0,0.0,0.0,24.9203635341,149.522181205,2.18864304369,0.0,2.18864304369
 05/07  10:00:00,211.110999569,0.0,0.0,0.0,24.9203635341,149.522181205,2.18885275674,0.0,2.18885275674
 05/07  11:00:00,211.111929851,0.0,0.0,0.0,24.9203635341,149.522181205,2.19024922061,0.0,2.19024922061
 05/07  12:00:00,211.111929808,0.0,0.0,0.0,24.9203635341,149.522181205,2.19024726491,0.0,2.19024726491
 05/07  13:00:00,211.113326261,0.0,0.0,0.0,24.9203635341,149.522181205,4.36540749702,0.0,4.36540749702
 05/07  14:00:00,211.111929862,0.0,0.0,0.0,24.9203635341,149.522181205,2.19048417472,0.0,2.19048417472
 05/07  15:00:00,211.110999541,0.0,0.0,0.0,24.9203635341,149.522181205,2.18866263833,0.0,2.18866263833
 05/07  16:00:00,259.999790728,0.0,0.0,0.0,24.9203635341,149.522181205,2.18887149481,0.0,2.18887149481
 05/07  17:00:00,296.666383935,0.0,0.0,0.0,24.9203635341,149.522181205,2.18883480113,0.0,2.18883480113
 05/07  18:00:00,296.666383717,0.0,0.0,0.0,24.9203635341,149.522181205,0.02,0.0,0.02
 05/07  19:00:00,272.221988205,0.0,0.0,0.0,24.9203635341,149.522181205,2.18879811804,0.0,2.18879811804
 05/07  20:00:00,306.396655097,0.0,0.0,0.0,24.9203635341,149.522181205,2.18876145023,0.0,2.18876145023
 05/07  21:00:00,299.040988981,0.0,0.0,0.0,24.9203635341,149.522181205,4.36195762413,0.0,4.36195762413
 05/07  22:00:00,274.595197113,0.0,0.0,0.0,24.9203635341,149.522181205,0.02,0.0,0.02
 05/07  23:00:00,250.150801711,0.0,0.0,0.0,24.9203635341,149.522181205,2.18886012505,0.0,2.18886012505
 05/07  24:00:00,237.928604007,0.0,0.0,0.0,24.9203635341,149.522181205,2.18882346603,0.0,2.18882346603
 05/08  01:00:00,287.76979294,0.0,0.0,0.0,24.9203635341,199.362908273,2.18944287548,0.0,2.18944287548
 05/08  02:00:00,287.769792903,0.0,0.0,0.0,24.9203635341,199.362908273,2.18947088488,0.0,2.18947088488
 05/08  03:00:00,287.769792885,0.0,0.0,0.0,24.9203635341,199.362908273,2.18949865169,0.0,2.18949865169
 05/08  04:00:00,299.991990681,0.0,0.0,0.0,24.9203635341,199.362908273,2.18952623234,0.0,2.18952623234
 05/08  05:00:00,349.358144089,0.0,0.0,0.0,49.8407270682,199.362908273,4.36370126432,0.0,4.36370126432
 05/08  06:00:00,844.436497545,32.1160990672,337.424054133,0.0,49.8407270682,199.362908273,139.165762154,136.974780788,2.19098136557
 05/08  07:00:00,899.96754707,30.3148174886,296.283319814,0.0,149.522181205,199.362908273,109.320021159,100.578904526,8.74111663283
 05/08  08:00:00,1465.45495977,30.3660969545,313.519247975,0.0,448.566543614,448.566543614,39.9580086563,26.7781479783,13.1798606781
 05/08  09:00:00,1457.60426077,31.348463828,341.571458848,0.0,448.566543614,448.566543614,27.8994215429,12.5094653848,15.389956158
 05/08  10:00:00,1429.71004658,32.1774426572,363.599060193,0.0,448.566543614,448.566543614,19.3745935946,3.97984160592,15.3947519887
 05/08  11:00:00,1453.84990158,31.8841568696,388.26982254,0.0,448.566543614,448.566543614,19.3780920651,1.73484320397,17.6432488612
 05/08  12:00:00,1429.34654677,30.3903125922,412.791513391,0.0,448.566543614,398.725816546,23.4818686177,1.35113894666,22.130729671
 05/08  13:00:00,1507.62275495,33.6064573068,438.013238486,0.0,448.566543614,448.566543614,22.1325114851,0.0239850398941,22.1085264453
 05/08  14:00:00,1512.95156152,34.7047160962,442.253099283,0.0,448.566543614,448.566543614,13.1732188188,0.0,13.1732188188
 05/08  15:00:00,1514.00371078,35.1185133928,442.89191262,0.0,448.566543614,448.566543614,13.1691828823,0.0,13.1691828823
 05/08  16:00:00,1564.03444141,35.4633745265,443.683875019,0.0,448.566543614,448.566543614,17.6248968053,0.0,17.6248968053
 05/08  17:00:00,1452.70738045,32.396664431,448.287480342,0.0,348.885089477,398.725816546,10.9485313241,0.0,10.9485313241
 05/08  18:00:00,1240.38879446,30.4467638601,437.284025563,0.0,249.203635341,299.044362409,8.74746657285,0.0,8.74746657285
 05/08  19:00:00,1206.98490098,30.3148174886,428.459262331,0.0,249.203635341,299.044362409,4.37521826393,0.0,4.37521826393
 05/08  20:00:00,1091.60808522,30.3148174886,428.427578331,0.0,149.522181205,249.203635341,8.50243764581,1.94504229687,6.55739534894
 05/08  21:00:00,1076.7957718,30.3148174886,421.645219783,0.0,149.522181205,249.203635341,24.089390307,19.7256474283,4.36374287874
 05/08  22:00:00,349.35674971,0.0,0.0,0.0,49.8407270682,199.362908273,2.18961959306,0.0,2.18961959306
 05/08  23:00:00,299.991990553,0.0,0.0,0.0,24.9203635341,199.362908273,2.18949716837,0.0,2.18949716837
 05/08  24:00:00,287.769792781,0.0,0.0,0.0,24.9203635341,199.362908273,2.1895243208,0.0,2.1895243208
 05/09  01:00:00,287.769789483,0.0,0.0,0.0,24.9203635341,199.362908273,2.18954367139,0.0,2.18954367139
 05/09  02:00:00,287.769789519,0.0,0.0,0.0,24.9203635341,199.362908273,2.18956527739,0.0,2.18956527739
 05/09  03:00:00,287.769789551,0.0,0.0,0.0,24.9203635341,199.362908273,2.18958666234,0.0,2.18958666234
 05/09  04:00:00,299.991987381,0.0,0.0,0.0,24.9203635341,199.362908273,2.18960787877,0.0,2.18960787877
 05/09  05:00:00,349.358138889,0.0,0.0,0.0,49.8407270682,199.362908273,4.36382731796,0.0,4.36382731796
 05/09  06:00:00,918.918725756,33.0673623953,411.009328706,0.0,49.8407270682,199.362908273,66.9051193078,64.7140812689,2.19103803891
 05/09  07:00:00,996.422416063,30.3148174886,395.258412923,0.0,149.522181205,199.362908273,86.8526416641,78.1115123633,8.7411293008
 05/09  08:00:00,1550.28889831,30.3148174886,399.537355201,0.0,448.566543614,448.566543614,37.8860352632,24.7105108377,13.1755244255
 05/09  09:00:00,1534.65748405,30.7663523276,418.997918042,0.0,448.566543614,448.566543614,27.2542966361,11.8652884789,15.3890081571
 05/09  10:00:00,1501.05625352,31.4744860842,433.583221668,0.0,448.566543614,448.566543614,18.7487071414,3.35526117118,15.3934459702
 05/09  11:00:00,1509.88726059,32.0173888464,441.869274861,0.0,448.566543614,448.566543614,18.772316287,1.12864838372,17.6436679033
 05/09  12:00:00,1465.58513828,30.4021719242,449.018537118,0.0,448.566543614,398.725816546,23.1473343655,1.01375164838,22.1335827171
 05/09  13:00:00,1534.78001131,34.3496393633,464.427367002,0.0,448.566543614,448.566543614,22.1062701483,0.0,22.1062701483
 05/09  14:00:00,1537.80843615,36.1238807298,465.690830454,0.0,448.566543614,448.566543614,13.1707115273,0.0,13.1707115273
 05/09  15:00:00,1534.01542738,36.5677982063,461.454366227,0.0,448.566543614,448.566543614,13.1664433519,0.0,13.1664433519
 05/09  16:00:00,1577.03591806,38.3036810327,453.845074281,0.0,448.566543614,448.566543614,17.6263224202,0.0,17.6263224202
 05/09  17:00:00,1476.87207547,35.1466358855,469.702220272,0.0,348.885089477,398.725816546,8.76376295941,0.0,8.76376295941
 05/09  18:00:00,1280.10455079,30.4723729287,476.974187883,0.0,249.203635341,299.044362409,8.74789201885,0.0,8.74789201885
 05/09  19:00:00,1247.08129898,30.3148174886,468.555662915,0.0,249.203635341,299.044362409,6.56196630745,0.0105570740735,6.55140923337
 05/09  20:00:00,1117.02219193,30.3148174886,453.832368498,0.0,149.522181205,249.203635341,21.0394032258,14.4836751645,6.55572806133
 05/09  21:00:00,1098.5280342,30.3148174886,442.691832249,0.0,149.522181205,249.203635341,29.0873217932,24.7232915491,4.36403024413
 05/09  22:00:00,349.356746412,0.0,0.0,0.0,49.8407270682,199.362908273,2.18952565851,0.0,2.18952565851
 05/09  23:00:00,299.991987336,0.0,0.0,0.0,24.9203635341,199.362908273,2.189546533,0.0,2.189546533
 05/09  24:00:00,287.769789559,0.0,0.0,0.0,24.9203635341,199.362908273,2.18956738627,0.0,2.18956738627
 05/10  01:00:00,287.769786235,0.0,0.0,0.0,24.9203635341,199.362908273,2.18957862428,0.0,2.18957862428
 05/10  02:00:00,287.769786263,0.0,0.0,0.0,24.9203635341,199.362908273,2.18959387792,0.0,2.18959387792
 05/10  03:00:00,287.769786285,0.0,0.0,0.0,24.9203635341,199.362908273,2.18960893748,0.0,2.18960893748
 05/10  04:00:00,299.991984106,0.0,0.0,0.0,24.9203635341,199.362908273,2.18962385008,0.0,2.18962385008
 05/10  05:00:00,349.35813284,0.0,0.0,0.0,49.8407270682,199.362908273,2.19174785153,0.0,2.19174785153
 05/10  06:00:00,939.624829962,33.5121293139,431.274836648,0.0,49.8407270682,199.362908273,63.7062351465,59.3442338677,4.36200127878
 05/10  07:00:00,1017.96725281,30.3148174886,415.520121792,0.0,149.522181205,199.362908273,75.7963886831,69.2350995667,6.56128911649
 05/10  08:00:00,1571.51677071,30.5050206774,419.779417848,0.0,448.566543614,448.566543614,19.5930229342,6.41240182522,13.180621109
 05/10  09:00:00,1560.14981945,31.6962371392,443.568432538,0.0,448.566543614,448.566543614,16.4707837043,1.08186531451,15.3889183898
 05/10  10:00:00,1526.77913934,32.4440494178,458.338659026,0.0,448.566543614,448.566543614,15.9437595194,0.54898419776,15.3947753216
 05/10  11:00:00,1539.9648164,33.230437049,470.734617458,0.0,448.566543614,448.566543614,19.8902505635,0.0442407248164,19.8460098387
 05/10  12:00:00,1493.57574736,32.6225229674,474.78959095,0.0,448.566543614,398.725816546,22.129059118,0.0,22.129059118
 05/10  13:00:00,1529.33463208,37.7331253216,455.598533911,0.0,448.566543614,448.566543614,19.8965525367,0.0,19.8965525367
 05/10  14:00:00,1527.36056212,37.3731985445,453.993658585,0.0,448.566543614,448.566543614,13.1750813262,0.0,13.1750813262
 05/10  15:00:00,1529.73539296,37.4601744138,456.281977298,0.0,448.566543614,448.566543614,13.1705224624,0.0,13.1705224624
 05/10  16:00:00,1572.90620925,39.1055348278,448.913544452,0.0,448.566543614,448.566543614,17.6240789077,0.0,17.6240789077
 05/10  17:00:00,1464.47377278,36.1903740125,456.260198295,0.0,348.885089477,398.725816546,10.9489067025,0.0,10.9489067025
 05/10  18:00:00,1289.48750573,30.4574694633,486.372058978,0.0,249.203635341,299.044362409,8.74822620009,0.0,8.74822620009
 05/10  19:00:00,1267.39782801,30.3148174886,488.872208449,0.0,249.203635341,299.044362409,4.37446349872,0.0,4.37446349872
 05/10  20:00:00,1137.93598113,30.3148174886,483.300042592,0.0,149.522181205,249.203635341,9.50835671168,0.772643521087,8.73571319059
 05/10  21:00:00,1137.13138515,30.3148174886,481.305929704,0.0,149.522181205,249.203635341,12.5060741768,10.3143967753,2.1916774015
 05/10  22:00:00,349.356743065,0.0,0.0,0.0,49.8407270682,199.362908273,2.18962705622,0.0,2.18962705622
 05/10  23:00:00,299.991983907,0.0,0.0,0.0,24.9203635341,199.362908273,2.18949328248,0.0,2.18949328248
 05/10  24:00:00,287.769786154,0.0,0.0,0.0,24.9203635341,199.362908273,2.18950793148,0.0,2.18950793148
 05/11  01:00:00,287.769782828,0.0,0.0,0.0,24.9203635341,199.362908273,2.18951476814,0.0,2.18951476814
 05/11  02:00:00,287.769782868,0.0,0.0,0.0,24.9203635341,199.362908273,2.18952391198,0.0,2.18952391198
 05/11  03:00:00,287.769782898,0.0,0.0,0.0,24.9203635341,199.362908273,2.18953285129,0.0,2.18953285129
 05/11  04:00:00,299.991980723,0.0,0.0,0.0,24.9203635341,199.362908273,2.18954163771,0.0,2.18954163771
 05/11  05:00:00,349.358128189,0.0,0.0,0.0,49.8407270682,199.362908273,4.36361984852,0.0,4.36361984852
 05/11  06:00:00,980.643862127,33.7596338995,472.068026752,0.0,49.8407270682,199.362908273,32.4736211662,30.2826990273,2.1909221389
 05/11  07:00:00,1085.60132824,30.3148174886,481.959308126,0.0,149.522181205,199.362908273,51.1510633687,44.5905342653,6.56052910345
 05/11  08:00:00,1640.02997826,31.1045043953,487.375103341,0.0,448.566543614,448.566543614,16.4983379642,1.13161989938,15.3667180648
 05/11  09:00:00,1595.83650959,32.4509859447,478.50101757,0.0,448.566543614,448.566543614,15.6330871251,0.245676799795,15.3874103253
 05/11  10:00:00,1540.56324359,33.1038283786,471.463420714,0.0,448.566543614,448.566543614,13.1946645925,0.0,13.1946645925
 05/11  11:00:00,1533.91981328,34.0614432361,463.858672986,0.0,448.566543614,448.566543614,19.8450622539,0.0,19.8450622539
 05/11  12:00:00,1480.49854365,33.3900618602,460.944886136,0.0,448.566543614,398.725816546,22.1298384055,0.0,22.1298384055
 05/11  13:00:00,1518.31186227,38.9187214791,443.390204342,0.0,448.566543614,448.566543614,19.893798052,0.0,19.893798052
 05/11  14:00:00,1515.38927344,39.513878216,439.881710107,0.0,448.566543614,448.566543614,13.175278284,0.0,13.175278284
 05/11  15:00:00,1514.9417315,41.7490720461,437.199441026,0.0,448.566543614,448.566543614,13.1704480457,0.0,13.1704480457
 05/11  16:00:00,1564.08049104,42.5913108868,436.602081289,0.0,448.566543614,448.566543614,17.6213667578,0.0,17.6213667578
 05/11  17:00:00,1454.38631492,36.9153190754,445.447812422,0.0,348.885089477,398.725816546,10.9485007299,0.0,10.9485007299
 05/11  18:00:00,1264.00854297,31.8857754978,459.464804115,0.0,249.203635341,299.044362409,8.74725318256,0.0,8.74725318256
 05/11  19:00:00,1244.92377746,30.6935988533,466.01938674,0.0,249.203635341,299.044362409,4.37426737334,0.0,4.37426737334
 05/11  20:00:00,1128.21270779,30.3148174886,473.577249458,0.0,149.522181205,249.203635341,6.6985036468,0.14150469805,6.55699894875
 05/11  21:00:00,1135.96290021,30.3148174886,480.140115083,0.0,149.522181205,249.203635341,11.0968085982,6.73325640147,4.36355219672
 05/11  22:00:00,349.356739761,0.0,0.0,0.0,49.8407270682,199.362908273,2.18952295254,0.0,2.18952295254
 05/11  23:00:00,299.991980651,0.0,0.0,0.0,24.9203635341,199.362908273,2.18938333481,0.0,2.18938333481
 05/11  24:00:00,287.769782874,0.0,0.0,0.0,24.9203635341,199.362908273,2.18939186448,0.0,2.18939186448
 05/12  01:00:00,287.769779513,0.0,0.0,0.0,24.9203635341,199.362908273,2.18939257389,0.0,2.18939257389
 05/12  02:00:00,287.769779541,0.0,0.0,0.0,24.9203635341,199.362908273,2.18939560843,0.0,2.18939560843
 05/12  03:00:00,287.769779562,0.0,0.0,0.0,24.9203635341,199.362908273,2.18939844229,0.0,2.18939844229
 05/12  04:00:00,299.99197738,0.0,0.0,0.0,24.9203635341,199.362908273,2.18940112775,0.0,2.18940112775
 05/12  05:00:00,349.35812276,0.0,0.0,0.0,49.8407270682,199.362908273,4.36330113742,0.0,4.36330113742
 05/12  06:00:00,993.316035662,35.4520740705,483.069419758,0.0,49.8407270682,199.362908273,3.29589571298,1.10474158662,2.19115412635
 05/12  07:00:00,1086.94994477,30.3148174886,483.339057624,0.0,149.522181205,199.362908273,9.19417236046,2.63429625136,6.5598761091
 05/12  08:00:00,1624.26761273,32.4265115693,470.291590589,0.0,448.566543614,448.566543614,15.3703160269,0.0,15.3703160269
 05/12  09:00:00,1578.68584521,36.0433049546,457.758246314,0.0,448.566543614,448.566543614,13.1923730585,0.0,13.1923730585
 05/12  10:00:00,1525.20182906,40.3454580201,448.860402445,0.0,448.566543614,448.566543614,15.3904833045,0.0,15.3904833045
 05/12  11:00:00,1522.41501576,41.938069037,444.477278959,0.0,448.566543614,448.566543614,19.8431398344,0.0,19.8431398344
 05/12  12:00:00,1480.75557054,38.2265734144,456.36543832,0.0,448.566543614,398.725816546,22.123869338,0.0,22.123869338
 05/12  13:00:00,1519.57795627,43.614897125,439.960159516,0.0,448.566543614,448.566543614,19.8937154571,0.0,19.8937154571
 05/12  14:00:00,1513.92890775,45.2981235419,432.637129223,0.0,448.566543614,448.566543614,13.171350419,0.0,13.171350419
 05/12  15:00:00,1512.53615306,46.4771943268,430.065761826,0.0,448.566543614,448.566543614,13.1663739074,0.0,13.1663739074
 05/12  16:00:00,1560.22423781,50.0505272524,425.286633931,0.0,448.566543614,448.566543614,17.6208540077,0.0,17.6208540077
 05/12  17:00:00,1451.01288779,46.5193723558,432.470348266,0.0,348.885089477,398.725816546,8.76146747076,0.0,8.76146747076
 05/12  18:00:00,1258.8033514,37.0295290685,449.115874107,0.0,249.203635341,299.044362409,8.74686685557,0.0,8.74686685557
 05/12  19:00:00,1233.7120557,35.9282653816,449.573008857,0.0,249.203635341,299.044362409,6.55060419085,0.0,6.55060419085
 05/12  20:00:00,1118.27845452,31.1839738327,462.773956446,0.0,149.522181205,249.203635341,6.55607967043,0.0,6.55607967043
 05/12  21:00:00,1137.21245164,30.3148174886,481.460868744,0.0,149.522181205,249.203635341,4.54963574417,0.186239138987,4.36339660518
 05/12  22:00:00,349.356736489,0.0,0.0,0.0,49.8407270682,199.362908273,2.18950567455,0.0,2.18950567455
 05/12  23:00:00,299.99197733,0.0,0.0,0.0,24.9203635341,199.362908273,2.18950692823,0.0,2.18950692823
 05/12  24:00:00,287.769779556,0.0,0.0,0.0,24.9203635341,199.362908273,2.18950908194,0.0,2.18950908194
 05/13  01:00:00,237.929049109,0.0,0.0,0.0,24.9203635341,149.522181205,2.1895007,0.0,2.1895007
 05/13  02:00:00,237.929049132,0.0,0.0,0.0,24.9203635341,149.522181205,2.18949727531,0.0,2.18949727531
 05/13  03:00:00,237.929049149,0.0,0.0,0.0,24.9203635341,149.522181205,2.18949368522,0.0,2.18949368522
 05/13  04:00:00,250.151246964,0.0,0.0,0.0,24.9203635341,149.522181205,2.18948997414,0.0,2.18948997414
 05/13  05:00:00,274.597026124,0.0,0.0,0.0,24.9203635341,149.522181205,2.19172331544,0.0,2.19172331544
 05/13  06:00:00,947.919794621,33.9200123961,439.200140727,0.0,49.8407270682,199.362908273,10.182086609,7.99097435307,2.19111225593
 05/13  07:00:00,926.777026732,30.3148174886,423.004111103,0.0,49.8407270682,199.362908273,20.5416122554,13.9995502081,6.54206204725
 05/13  08:00:00,1165.83137076,30.3154607591,412.816049928,0.0,249.203635341,249.203635341,8.62066285247,4.24606490253,4.37459794994
 05/13  09:00:00,1139.74530166,30.3148174886,423.278801453,0.0,249.203635341,249.203635341,10.189225239,1.44192862053,8.74729661852
 05/13  10:00:00,1103.08675411,30.3148174886,435.510668881,0.0,249.203635341,249.203635341,9.2356855525,0.495708648492,8.73997690401
 05/13  11:00:00,1103.32731914,30.3173681679,435.747184799,0.0,249.203635341,249.203635341,8.78039042706,0.0282111906682,8.75217923639
 05/13  12:00:00,1106.58447074,30.694050629,438.632547016,0.0,249.203635341,249.203635341,6.56293098162,0.0,6.56293098162
 05/13  13:00:00,1127.56087255,31.5663773934,458.734323494,0.0,249.203635341,249.203635341,8.74032390879,0.0,8.74032390879
 05/13  14:00:00,901.226046523,31.1962909395,481.974335507,0.0,74.7610906023,174.442544739,4.37355953896,0.0,4.37355953896
 05/13  15:00:00,902.567047825,30.8928338198,483.619716992,0.0,74.7610906023,174.442544739,6.54700842871,0.0,6.54700842871
 05/13  16:00:00,944.867078948,31.1886734744,476.734655745,0.0,74.7610906023,174.442544739,4.37266846705,0.0,4.37266846705
 05/13  17:00:00,903.96399536,30.7672103856,474.350761612,0.0,24.9203635341,149.522181205,4.36183998108,0.0,4.36183998108
 05/13  18:00:00,783.706306141,21.2809241751,390.98731327,0.0,24.9203635341,149.522181205,2.19113070287,0.0,2.19113070287
 05/13  19:00:00,722.99955617,19.3794972222,363.277855058,0.0,24.9203635341,149.522181205,2.19111105476,0.0,2.19111105476
 05/13  20:00:00,618.694361261,12.5565718519,258.198454814,0.0,24.9203635341,149.522181205,4.36213634254,0.0,4.36213634254
 05/13  21:00:00,299.041883368,0.0,0.0,0.0,24.9203635341,149.522181205,4.36475684654,0.0,4.36475684654
 05/13  22:00:00,274.595642782,0.0,0.0,0.0,24.9203635341,149.522181205,2.18930249936,0.0,2.18930249936
 05/13  23:00:00,250.151247136,0.0,0.0,0.0,24.9203635341,149.522181205,0.1163753032,0.0,0.1163753032
 05/13  24:00:00,237.929049296,0.0,0.0,0.0,24.9203635341,149.522181205,2.09312629572,0.0,2.09312629572
 05/14  01:00:00,237.928584985,0.0,0.0,0.0,24.9203635341,149.522181205,2.18879695041,0.0,2.18879695041
 05/14  02:00:00,237.928585237,0.0,0.0,0.0,24.9203635341,149.522181205,2.18872091739,0.0,2.18872091739
 05/14  03:00:00,237.928585383,0.0,0.0,0.0,24.9203635341,149.522181205,2.18864455743,0.0,2.18864455743
 05/14  04:00:00,250.150783207,0.0,0.0,0.0,24.9203635341,149.522181205,2.18856796038,0.0,2.18856796038
 05/14  05:00:00,274.596560223,0.0,0.0,0.0,24.9203635341,149.522181205,2.19106106457,0.0,2.19106106457
 05/14  06:00:00,289.309303305,0.0,0.0,0.0,24.9203635341,149.522181205,2.18861560973,0.0,2.18861560973
 05/14  07:00:00,296.66636557,0.0,0.0,0.0,24.9203635341,149.522181205,2.18877814692,0.0,2.18877814692
 05/14  08:00:00,504.022070832,9.45591504423,163.840366777,0.0,24.9203635341,149.522181205,2.18872353981,0.0,2.18872353981
 05/14  09:00:00,683.385486069,19.3794972222,335.887369862,0.0,24.9203635341,149.522181205,0.02,0.0,0.02
 05/14  10:00:00,766.302306885,24.2757090299,445.767057959,0.0,24.9203635341,149.522181205,2.18876868276,0.0,2.18876868276
 05/14  11:00:00,657.298669722,19.2236081776,358.844312032,0.0,24.9203635341,149.522181205,2.19035236233,0.0,2.19035236233
 05/14  12:00:00,618.250439854,16.3355562118,328.515735493,0.0,24.9203635341,149.522181205,4.36061338231,0.0,4.36061338231
 05/14  13:00:00,629.886232259,16.0266777914,329.129665439,0.0,24.9203635341,149.522181205,2.19264854835,0.0,2.19264854835
 05/14  14:00:00,559.67616779,13.5708228532,277.404830998,0.0,24.9203635341,149.522181205,2.1903375503,0.0,2.1903375503
 05/14  15:00:00,701.889076872,17.1703668117,381.04447252,0.0,24.9203635341,149.522181205,2.18875449873,0.0,2.18875449873
 05/14  16:00:00,804.861252421,20.1189698847,429.942534358,0.0,24.9203635341,149.522181205,2.18877301445,0.0,2.18877301445
 05/14  17:00:00,890.053294032,23.5018421571,471.5355218,0.0,24.9203635341,149.522181205,2.18879149839,0.0,2.18879149839
 05/14  18:00:00,828.676937973,20.3193987785,417.011611755,0.0,24.9203635341,149.522181205,2.18876219502,0.0,2.18876219502
 05/14  19:00:00,847.984267086,23.3635336918,454.505468824,0.0,24.9203635341,149.522181205,2.18878068401,0.0,2.18878068401
 05/14  20:00:00,657.90480151,14.1449003052,282.235898797,0.0,24.9203635341,149.522181205,0.02,0.0,0.02
 05/14  21:00:00,299.040956656,0.0,0.0,0.0,24.9203635341,149.522181205,4.3621224928,0.0,4.3621224928
 05/14  22:00:00,274.595178375,0.0,0.0,0.0,24.9203635341,149.522181205,1.44268345837,0.0,1.44268345837
 05/14  23:00:00,250.150782745,0.0,0.0,0.0,24.9203635341,149.522181205,0.76554997048,0.0,0.76554997048
 05/14  24:00:00,237.928585206,0.0,0.0,0.0,24.9203635341,149.522181205,2.18871766864,0.0,2.18871766864
 05/15  01:00:00,287.769769503,0.0,0.0,0.0,24.9203635341,199.362908273,2.18951665927,0.0,2.18951665927
 05/15  02:00:00,287.769769497,0.0,0.0,0.0,24.9203635341,199.362908273,2.18950087957,0.0,2.18950087957
 05/15  03:00:00,287.769769495,0.0,0.0,0.0,24.9203635341,199.362908273,2.18948491291,0.0,2.18948491291
 05/15  04:00:00,299.991967297,0.0,0.0,0.0,24.9203635341,199.362908273,2.18946881194,0.0,2.18946881194
 05/15  05:00:00,349.358106638,0.0,0.0,0.0,49.8407270682,199.362908273,4.36332465992,0.0,4.36332465992
 05/15  06:00:00,967.016462125,32.9577217421,467.806768964,0.0,49.8407270682,199.362908273,4.79486843894,2.60411836722,2.19075007172
 05/15  07:00:00,1059.47189508,30.3148174886,455.861040251,0.0,149.522181205,199.362908273,9.2035551759,2.64415522766,6.55939994824
 05/15  08:00:00,1603.99815572,30.3148174886,452.133896438,0.0,448.566543614,448.566543614,15.3699751669,0.0,15.3699751669
 05/15  09:00:00,1576.95290856,31.1922539901,460.876440966,0.0,448.566543614,448.566543614,13.1857339245,0.0,13.1857339245
 05/15  10:00:00,1542.09493519,32.2914179584,473.807625428,0.0,448.566543614,448.566543614,15.3895233812,0.0,15.3895233812
 05/15  11:00:00,1546.28166689,33.1611021434,477.120993225,0.0,448.566543614,448.566543614,17.6376538737,0.0,17.6376538737
 05/15  12:00:00,1492.90494451,31.0901914568,475.651308629,0.0,448.566543614,398.725816546,22.1204921115,0.0,22.1204921115
 05/15  13:00:00,1539.88617171,34.6748598498,469.208521925,0.0,448.566543614,448.566543614,19.8883981991,0.0,19.8883981991
 05/15  14:00:00,1535.4856121,35.4016742176,464.090340919,0.0,448.566543614,448.566543614,13.1738345134,0.0,13.1738345134
 05/15  15:00:00,1530.71557758,36.2693649903,458.453086117,0.0,448.566543614,448.566543614,13.1680085729,0.0,13.1680085729
 05/15  16:00:00,1576.14579497,36.8067673863,454.452047632,0.0,448.566543614,448.566543614,17.616232019,0.0,17.616232019
 05/15  17:00:00,1469.78300505,32.8696252842,464.890265348,0.0,348.885089477,398.725816546,10.9464793859,0.0,10.9464793859
 05/15  18:00:00,1280.57270862,30.3215461115,477.59325626,0.0,249.203635341,299.044362409,6.5647740458,0.0,6.5647740458
 05/15  19:00:00,1259.67586983,30.3148174886,481.150301751,0.0,249.203635341,299.044362409,6.55062779451,0.0,6.55062779451
 05/15  20:00:00,1138.05373758,30.3148174886,483.414804264,0.0,149.522181205,249.203635341,11.4494927878,4.89408861675,6.55540417105
 05/15  21:00:00,1145.56350528,30.3148174886,489.726374741,0.0,149.522181205,249.203635341,30.5013288844,26.1380137914,4.36331509294
 05/15  22:00:00,349.35672637,0.0,0.0,0.0,49.8407270682,199.362908273,2.1894617953,0.0,2.1894617953
 05/15  23:00:00,299.991967267,0.0,0.0,0.0,24.9203635341,199.362908273,2.18944529577,0.0,2.18944529577
 05/15  24:00:00,287.76976947,0.0,0.0,0.0,24.9203635341,199.362908273,2.18942881068,0.0,2.18942881068
 05/16  01:00:00,287.769766034,0.0,0.0,0.0,24.9203635341,199.362908273,2.18940179944,0.0,2.18940179944
 05/16  02:00:00,287.769766051,0.0,0.0,0.0,24.9203635341,199.362908273,2.18937978623,0.0,2.18937978623
 05/16  03:00:00,287.769766068,0.0,0.0,0.0,24.9203635341,199.362908273,2.18935762091,0.0,2.18935762091
 05/16  04:00:00,299.991963887,0.0,0.0,0.0,24.9203635341,199.362908273,2.18933534833,0.0,2.18933534833
 05/16  05:00:00,349.35810072,0.0,0.0,0.0,49.8407270682,199.362908273,2.19152172736,0.0,2.19152172736
 05/16  06:00:00,954.674015485,33.560343286,454.821860489,0.0,49.8407270682,199.362908273,58.6277800542,56.4366872696,2.19109278461
 05/16  07:00:00,1044.09673926,30.3148174886,440.437487869,0.0,149.522181205,199.362908273,76.8425214593,68.1031230888,8.73939837054
 05/16  08:00:00,1596.33178179,30.874826391,443.897406735,0.0,448.566543614,448.566543614,26.8890405492,13.7147341855,13.1743063637
 05/16  09:00:00,1580.55506104,32.4763612553,463.19377645,0.0,448.566543614,448.566543614,16.3633257493,0.977665860022,15.3856598893
 05/16  10:00:00,1535.62928705,34.1147307846,465.518657808,0.0,448.566543614,448.566543614,13.2432887637,0.0525196706279,13.1907690931
 05/16  11:00:00,1537.62430824,34.8550257788,466.769741942,0.0,448.566543614,448.566543614,19.8382035777,0.0,19.8382035777
 05/16  12:00:00,1493.37149346,32.5667732438,474.641316183,0.0,448.566543614,398.725816546,19.9081641492,0.0,19.9081641492
 05/16  13:00:00,1525.63654735,36.6215635645,453.012230569,0.0,448.566543614,448.566543614,22.0956949025,0.0,22.0956949025
 05/16  14:00:00,1529.49081486,36.8231435458,456.674101768,0.0,448.566543614,448.566543614,13.1645681275,0.0,13.1645681275
 05/16  15:00:00,1543.49661524,36.0062413102,471.497260267,0.0,448.566543614,448.566543614,10.9708134741,0.0,10.9708134741
 05/16  16:00:00,1589.70445578,35.7704530134,469.04705798,0.0,448.566543614,448.566543614,17.6152360717,0.0,17.6152360717
 05/16  17:00:00,1455.34667712,32.4406742021,450.882907058,0.0,348.885089477,398.725816546,10.9460149713,0.0,10.9460149713
 05/16  18:00:00,1218.7694821,30.3148174886,415.792368825,0.0,249.203635341,299.044362409,12.5214798724,5.95730875084,6.5641711216
 05/16  19:00:00,1164.02844807,30.3148174886,385.831383201,0.0,249.203635341,299.044362409,23.0958793972,16.5447463684,6.55113302877
 05/16  20:00:00,1023.73648015,30.3148174886,370.701684078,0.0,149.522181205,249.203635341,63.3546045224,56.7997021085,6.55490241396
 05/16  21:00:00,1010.77803079,30.3148174886,358.276528602,0.0,149.522181205,249.203635341,82.26479518,77.9011800321,4.36361514795
 05/16  22:00:00,349.356723073,0.0,0.0,0.0,49.8407270682,199.362908273,2.18932132535,0.0,2.18932132535
 05/16  23:00:00,299.991963974,0.0,0.0,0.0,24.9203635341,199.362908273,2.18929873034,0.0,2.18929873034
 05/16  24:00:00,287.769766181,0.0,0.0,0.0,24.9203635341,199.362908273,2.18927615407,0.0,2.18927615407
 05/17  01:00:00,287.769762729,0.0,0.0,0.0,24.9203635341,199.362908273,2.18953191631,0.0,2.18953191631
 05/17  02:00:00,287.769762681,0.0,0.0,0.0,24.9203635341,199.362908273,2.18950360789,0.0,2.18950360789
 05/17  03:00:00,287.769762651,0.0,0.0,0.0,24.9203635341,199.362908273,2.18947514393,0.0,2.18947514393
 05/17  04:00:00,299.991960438,0.0,0.0,0.0,24.9203635341,199.362908273,2.18944657109,0.0,2.18944657109
 05/17  05:00:00,349.358094983,0.0,0.0,0.0,49.8407270682,199.362908273,2.19161775897,0.0,2.19161775897
 05/17  06:00:00,843.749081131,33.1783883618,346.060072513,0.0,49.8407270682,199.362908273,130.239746596,128.048755711,2.19099088475
 05/17  07:00:00,933.954644279,30.3148174886,336.444313496,0.0,149.522181205,199.362908273,98.5846220614,89.8450675987,8.73955446264
 05/17  08:00:00,1494.92374601,30.4411621823,347.95798753,0.0,448.566543614,448.566543614,41.6009024801,28.427501909,13.173400571
 05/17  09:00:00,1485.23874838,31.4181591664,370.498773141,0.0,448.566543614,448.566543614,32.1567539498,16.7728155,15.3839384498
 05/17  10:00:00,1463.08122647,32.162087096,394.918002869,0.0,448.566543614,448.566543614,20.3919503315,7.20209555248,13.189854779
 05/17  11:00:00,1502.92018678,32.8628957229,434.056857046,0.0,448.566543614,448.566543614,18.8915000288,1.25715192993,17.6343480988
 05/17  12:00:00,1466.31211167,31.4178399841,448.730108826,0.0,448.566543614,398.725816546,23.2001409509,1.08279054717,22.1173504037
 05/17  13:00:00,1530.01990483,35.1711805865,458.845940974,0.0,448.566543614,448.566543614,22.1838096074,0.0892194415865,22.0945901659
 05/17  14:00:00,1538.78107502,36.0929257169,466.694597277,0.0,448.566543614,448.566543614,10.9738319317,0.0,10.9738319317
 05/17  15:00:00,1538.42414605,36.8853733481,465.545692553,0.0,448.566543614,448.566543614,13.1669416973,0.0,13.1669416973
 05/17  16:00:00,1581.41145564,38.5631946532,457.961341051,0.0,448.566543614,448.566543614,17.6135028932,0.0,17.6135028932
 05/17  17:00:00,1473.38685081,35.9528671166,465.410904907,0.0,348.885089477,398.725816546,8.7604814408,0.0,8.7604814408
 05/17  18:00:00,1284.68378807,32.2523761565,479.773534379,0.0,249.203635341,299.044362409,8.74562470569,0.0,8.74562470569
 05/17  19:00:00,1253.3807827,31.4376435463,473.732408518,0.0,249.203635341,299.044362409,6.55040745115,0.0,6.55040745115
 05/17  20:00:00,1110.05417115,30.3148174886,455.418685444,0.0,149.522181205,249.203635341,6.83088345399,0.274860159087,6.5560232949
 05/17  21:00:00,1091.77757086,30.3148174886,435.97116563,0.0,149.522181205,249.203635341,11.604397456,9.41267244037,2.19172501565
 05/17  22:00:00,349.356719669,0.0,0.0,0.0,49.8407270682,199.362908273,2.18952373529,0.0,2.18952373529
 05/17  23:00:00,299.991960459,0.0,0.0,0.0,24.9203635341,199.362908273,2.18937835644,0.0,2.18937835644
 05/17  24:00:00,287.769762671,0.0,0.0,0.0,24.9203635341,199.362908273,2.18934949599,0.0,2.18934949599
 05/18  01:00:00,287.769759223,0.0,0.0,0.0,24.9203635341,199.362908273,2.18931457539,0.0,2.18931457539
 05/18  02:00:00,287.769759257,0.0,0.0,0.0,24.9203635341,199.362908273,2.1892804105,0.0,2.1892804105
 05/18  03:00:00,287.769759294,0.0,0.0,0.0,24.9203635341,199.362908273,2.18924605185,0.0,2.18924605185
 05/18  04:00:00,299.991957087,0.0,0.0,0.0,24.9203635341,199.362908273,2.18949842316,0.0,2.18949842316
 05/18  05:00:00,349.358090422,0.0,0.0,0.0,49.8407270682,199.362908273,4.36296918396,0.0,4.36296918396
 05/18  06:00:00,898.303870976,33.5661373078,398.443158808,0.0,49.8407270682,199.362908273,62.7248517159,60.5338587582,2.19099295773
 05/18  07:00:00,965.807973912,30.3148174886,365.944814766,0.0,149.522181205,199.362908273,87.4699461047,79.3119839349,8.15796216979
 05/18  08:00:00,1514.80882381,30.7363054456,364.823403447,0.0,448.566543614,448.566543614,39.3490552568,25.5968786394,13.7521766174
 05/18  09:00:00,1489.66093672,31.87535503,373.056792407,0.0,448.566543614,448.566543614,26.5790508059,13.3952117261,13.1838390798
 05/18  10:00:00,1445.14291336,32.4553466742,376.688653496,0.0,448.566543614,448.566543614,19.6052154897,4.21896283101,15.3862526587
 05/18  11:00:00,1457.13762582,32.9087143806,388.228271294,0.0,448.566543614,448.566543614,19.2194158656,1.58745253791,17.6319633277
 05/18  12:00:00,1427.35710232,31.2036445422,409.989644309,0.0,448.566543614,398.725816546,22.775680974,0.662430634099,22.1132503399
 05/18  13:00:00,1516.57500973,34.3775514478,446.194776361,0.0,448.566543614,448.566543614,19.885508319,0.0,19.885508319
 05/18  14:00:00,1539.81870606,35.2466232024,468.578567518,0.0,448.566543614,448.566543614,13.1668332028,0.0,13.1668332028
 05/18  15:00:00,1535.88446252,36.2907880872,463.600608798,0.0,448.566543614,448.566543614,13.1639804839,0.0,13.1639804839
 05/18  16:00:00,1581.00870318,39.4634078796,456.658402646,0.0,448.566543614,448.566543614,15.4139476153,0.0,15.4139476153
 05/18  17:00:00,1465.99577783,37.4762219901,456.496494773,0.0,348.885089477,398.725816546,10.9454774271,0.0,10.9454774271
 05/18  18:00:00,1272.37082536,33.7041985804,466.008762511,0.0,249.203635341,299.044362409,8.7454961768,0.0,8.7454961768
 05/18  19:00:00,1259.60496301,32.4579340429,478.936281575,0.0,249.203635341,299.044362409,4.41106252796,0.0368995323691,4.37416299559
 05/18  20:00:00,1139.96845107,30.4063347967,485.230348027,0.0,149.522181205,249.203635341,21.9556259072,15.4004787706,6.55514713663
 05/18  21:00:00,1112.94025848,30.3148174886,457.102404428,0.0,149.522181205,249.203635341,31.7287706204,27.3658452759,4.36292534453
 05/18  22:00:00,349.356716109,0.0,0.0,0.0,49.8407270682,199.362908273,2.18941660763,0.0,2.18941660763
 05/18  23:00:00,299.991957012,0.0,0.0,0.0,24.9203635341,199.362908273,2.18938151678,0.0,2.18938151678
 05/18  24:00:00,287.769759229,0.0,0.0,0.0,24.9203635341,199.362908273,2.18934645054,0.0,2.18934645054
 05/19  01:00:00,287.769755781,0.0,0.0,0.0,24.9203635341,199.362908273,2.18930179333,0.0,2.18930179333
 05/19  02:00:00,287.769755825,0.0,0.0,0.0,24.9203635341,199.362908273,2.18926129269,0.0,2.18926129269
 05/19  03:00:00,287.769755872,0.0,0.0,0.0,24.9203635341,199.362908273,2.18922064209,0.0,2.18922064209
 05/19  04:00:00,299.99195362,0.0,0.0,0.0,24.9203635341,199.362908273,2.18946573903,0.0,2.18946573903
 05/19  05:00:00,349.358083953,0.0,0.0,0.0,49.8407270682,199.362908273,2.19160615817,0.0,2.19160615817
 05/19  06:00:00,920.05813738,33.6260541589,420.141436748,0.0,49.8407270682,199.362908273,57.5266271098,55.3356558789,2.19097123082
 05/19  07:00:00,993.310429086,30.3148174886,391.972599756,0.0,149.522181205,199.362908273,82.2384864822,73.4994392423,8.73904723998
 05/19  08:00:00,1535.57324629,30.7943699483,384.590275212,0.0,448.566543614,448.566543614,35.6181256368,22.4477674556,13.1703581812
 05/19  09:00:00,1515.69740549,31.9527098819,398.852067216,0.0,448.566543614,448.566543614,24.7888120219,11.6026001206,13.1862119013
 05/19  10:00:00,1482.55780241,32.5260863053,414.031530557,0.0,448.566543614,448.566543614,21.3912858409,6.00689679157,15.3843890493
 05/19  11:00:00,1491.68736346,32.9617081221,422.724524042,0.0,448.566543614,448.566543614,19.9306531585,2.30141469772,17.6292384608
 05/19  12:00:00,1447.36494702,31.0832142529,430.114803694,0.0,448.566543614,398.725816546,27.0829964964,4.96828107284,22.1147154236
 05/19  13:00:00,1523.35699931,33.4896689446,453.864476015,0.0,448.566543614,448.566543614,20.1686440025,0.287169346639,19.8814746559
 05/19  14:00:00,1535.07923711,34.7318762423,464.353867364,0.0,448.566543614,448.566543614,13.1674357566,0.0,13.1674357566
 05/19  15:00:00,1533.03846833,35.2310717696,461.814355699,0.0,448.566543614,448.566543614,13.1608229162,0.0,13.1608229162
 05/19  16:00:00,1580.29367292,35.4081640205,459.998644778,0.0,448.566543614,448.566543614,15.4119266192,0.0,15.4119266192
 05/19  17:00:00,1475.22661747,32.0210704315,471.182503625,0.0,348.885089477,398.725816546,10.9454307367,0.0,10.9454307367
 05/19  18:00:00,1288.78736692,30.3148174886,485.814696891,0.0,249.203635341,299.044362409,8.74788050551,0.00359849581931,8.74428200969
 05/19  19:00:00,1269.03481483,30.3148174886,490.506336269,0.0,249.203635341,299.044362409,8.40005063322,4.02594599483,4.37410463839
 05/19  20:00:00,1116.77330213,30.3148174886,462.113816756,0.0,149.522181205,249.203635341,39.6106886012,33.055706849,6.5549817522
 05/19  21:00:00,1090.34771505,30.3148174886,434.61084175,0.0,149.522181205,249.203635341,63.8070031626,59.4441591654,4.36284399722
 05/19  22:00:00,349.356712706,0.0,0.0,0.0,49.8407270682,199.362908273,2.18937473852,0.0,2.18937473852
 05/19  23:00:00,299.991953611,0.0,0.0,0.0,24.9203635341,199.362908273,2.18933349853,0.0,2.18933349853
 05/19  24:00:00,287.769755832,0.0,0.0,0.0,24.9203635341,199.362908273,2.18929228481,0.0,2.18929228481
 05/20  01:00:00,237.929025316,0.0,0.0,0.0,24.9203635341,149.522181205,2.18924149406,0.0,2.18924149406
 05/20  02:00:00,237.929025349,0.0,0.0,0.0,24.9203635341,149.522181205,2.18947963894,0.0,2.18947963894
 05/20  03:00:00,237.929025276,0.0,0.0,0.0,24.9203635341,149.522181205,2.18943267689,0.0,2.18943267689
 05/20  04:00:00,250.151223044,0.0,0.0,0.0,24.9203635341,149.522181205,2.18938560631,0.0,2.18938560631
 05/20  05:00:00,274.596987931,0.0,0.0,0.0,24.9203635341,149.522181205,2.19151039502,0.0,2.19151039502
 05/20  06:00:00,952.821802266,32.6662596045,453.851486655,0.0,49.8407270682,199.362908273,76.0037094945,73.8128376258,2.19087186867
 05/20  07:00:00,962.981938618,30.3148174886,458.992180652,0.0,49.8407270682,199.362908273,94.6206086672,90.2528076814,4.36780098579
 05/20  08:00:00,1213.25381355,30.3148174886,460.078039822,0.0,249.203635341,249.203635341,70.2620429892,63.7117514885,6.55029150071
 05/20  09:00:00,1182.57214608,30.3148174886,466.067816737,0.0,249.203635341,249.203635341,62.1030796459,53.3588719378,8.74420770811
 05/20  10:00:00,1136.55397957,30.3148174886,468.946615401,0.0,249.203635341,249.203635341,50.0026099519,43.4433312378,6.55927871405
 05/20  11:00:00,1135.48571518,30.3148174886,467.881988813,0.0,249.203635341,249.203635341,44.729995705,35.9783660568,8.75162964822
 05/20  12:00:00,1143.21968415,30.3148174886,475.618048076,0.0,249.203635341,249.203635341,43.7471188859,35.0050442232,8.74207466269
 05/20  13:00:00,1154.09070237,30.3148174886,486.492708156,0.0,249.203635341,249.203635341,37.2108631676,30.6511918228,6.55967134475
 05/20  14:00:00,913.243506522,30.3148174886,494.840375386,0.0,74.7610906023,174.442544739,51.7420877616,45.1915881368,6.55049962474
 05/20  15:00:00,912.846045943,30.3148174886,494.448112081,0.0,74.7610906023,174.442544739,43.7034919525,39.3328849756,4.3706069769
 05/20  16:00:00,963.889426972,30.3148174886,496.617090842,0.0,74.7610906023,174.442544739,24.7360388796,18.9790910218,5.75694785785
 05/20  17:00:00,926.32512096,30.3148174886,497.144896207,0.0,24.9203635341,149.522181205,29.6203010384,26.6408012277,2.97949981068
 05/20  18:00:00,296.667718375,0.0,0.0,0.0,24.9203635341,149.522181205,2.19095876443,0.0,2.19095876443
 05/20  19:00:00,579.85477529,12.1332484571,245.328907623,0.0,24.9203635341,149.522181205,2.19074021504,0.0,2.19074021504
 05/20  20:00:00,297.854323555,0.0,0.0,0.0,24.9203635341,149.522181205,4.36187025367,0.0,4.36187025367
 05/20  21:00:00,299.041840227,0.0,0.0,0.0,24.9203635341,149.522181205,2.19219875909,0.0,2.19219875909
 05/20  22:00:00,274.595618752,0.0,0.0,0.0,24.9203635341,149.522181205,2.18932541203,0.0,2.18932541203
 05/20  23:00:00,250.151223159,0.0,0.0,0.0,24.9203635341,149.522181205,2.18927805134,0.0,2.18927805134
 05/20  24:00:00,237.929025386,0.0,0.0,0.0,24.9203635341,149.522181205,2.18923071568,0.0,2.18923071568
 05/21  01:00:00,237.928566069,0.0,0.0,0.0,24.9203635341,149.522181205,2.18864999254,0.0,2.18864999254
 05/21  02:00:00,237.928566256,0.0,0.0,0.0,24.9203635341,149.522181205,2.18853353544,0.0,2.18853353544
 05/21  03:00:00,237.928566181,0.0,0.0,0.0,24.9203635341,149.522181205,2.18865063062,0.0,2.18865063062
 05/21  04:00:00,250.150763638,0.0,0.0,0.0,24.9203635341,149.522181205,2.18853363208,0.0,2.18853363208
 05/21  05:00:00,274.596526933,0.0,0.0,0.0,24.9203635341,149.522181205,2.19082728265,0.0,2.19082728265
 05/21  06:00:00,289.30928393,0.0,0.0,0.0,24.9203635341,149.522181205,2.18849138071,0.0,2.18849138071
 05/21  07:00:00,296.666345816,0.0,0.0,0.0,24.9203635341,149.522181205,0.02,0.0,0.02
 05/21  08:00:00,296.666345993,0.0,0.0,0.0,24.9203635341,149.522181205,2.18860782679,0.0,2.18860782679
 05/21  09:00:00,259.99975297,0.0,0.0,0.0,24.9203635341,149.522181205,2.18849031166,0.0,2.18849031166
 05/21  10:00:00,211.110961837,0.0,0.0,0.0,24.9203635341,149.522181205,2.18860733131,0.0,2.18860733131
 05/21  11:00:00,420.653049186,8.08883230475,167.392920126,0.0,24.9203635341,149.522181205,2.19007378999,0.0,2.19007378999
 05/21  12:00:00,319.288715658,4.04441615237,87.1027144476,0.0,24.9203635341,149.522181205,2.19020892198,0.0,2.19020892198
 05/21  13:00:00,544.411149469,12.1332484571,270.075524037,0.0,24.9203635341,149.522181205,4.3648298143,0.0,4.3648298143
 05/21  14:00:00,627.210146855,13.036866649,323.489644134,0.0,24.9203635341,149.522181205,2.19021241462,0.0,2.19021241462
 05/21  15:00:00,718.438992391,14.2897407761,402.979954669,0.0,24.9203635341,149.522181205,2.1886628957,0.0,2.1886628957
 05/21  16:00:00,825.660672578,19.9956254163,450.483190606,0.0,24.9203635341,149.522181205,2.18867384267,0.0,2.18867384267
 05/21  17:00:00,794.164975241,16.7095025378,388.805124645,0.0,24.9203635341,149.522181205,0.02,0.0,0.02
 05/21  18:00:00,708.92352369,13.5614454694,314.937945789,0.0,24.9203635341,149.522181205,2.18869636152,0.0,2.18869636152
 05/21  19:00:00,308.058196656,0.410735541745,22.4265587352,0.0,24.9203635341,149.522181205,2.188640987,0.0,2.188640987
 05/21  20:00:00,289.309284063,0.0,0.0,0.0,24.9203635341,149.522181205,2.18860047002,0.0,2.18860047002
 05/21  21:00:00,299.040922269,0.0,0.0,0.0,24.9203635341,149.522181205,2.19074281413,0.0,2.19074281413
 05/21  22:00:00,274.595159573,0.0,0.0,0.0,24.9203635341,149.522181205,2.18855758331,0.0,2.18855758331
 05/21  23:00:00,250.150763783,0.0,0.0,0.0,24.9203635341,149.522181205,2.18867355601,0.0,2.18867355601
 05/21  24:00:00,237.928565622,0.0,0.0,0.0,24.9203635341,149.522181205,0.02,0.0,0.02
 05/22  01:00:00,287.769745296,0.0,0.0,0.0,24.9203635341,199.362908273,2.18930926575,0.0,2.18930926575
 05/22  02:00:00,287.769745364,0.0,0.0,0.0,24.9203635341,199.362908273,2.18925045606,0.0,2.18925045606
 05/22  03:00:00,287.769745446,0.0,0.0,0.0,24.9203635341,199.362908273,2.18919146033,0.0,2.18919146033
 05/22  04:00:00,299.991943243,0.0,0.0,0.0,24.9203635341,199.362908273,2.18941508051,0.0,2.18941508051
 05/22  05:00:00,349.358068578,0.0,0.0,0.0,49.8407270682,199.362908273,4.36265976208,0.0,4.36265976208
 05/22  06:00:00,981.392512025,34.2415044343,480.896923296,0.0,49.8407270682,199.362908273,7.78457192448,5.59376444559,2.19080747888
 05/22  07:00:00,1091.39527394,30.3148174886,487.780503572,0.0,149.522181205,199.362908273,14.7460068106,8.18749039497,6.55851641565
 05/22  08:00:00,1630.29942501,30.4759860559,478.274168977,0.0,448.566543614,448.566543614,13.1730473717,0.0,13.1730473717
 05/22  09:00:00,1582.49379358,32.5523713932,465.057384026,0.0,448.566543614,448.566543614,15.376350928,0.0,15.376350928
 05/22  10:00:00,1526.49249207,35.7762211685,454.720566679,0.0,448.566543614,448.566543614,14.0617417243,0.0,14.0617417243
 05/22  11:00:00,1527.63996339,37.0557473122,454.584872441,0.0,448.566543614,448.566543614,16.7531247066,0.0,16.7531247066
 05/22  12:00:00,1484.60096807,34.4567919607,463.981006919,0.0,448.566543614,398.725816546,22.1097168541,0.0,22.1097168541
 05/22  13:00:00,1526.5883139,39.3299065676,451.255877741,0.0,448.566543614,448.566543614,19.8752333299,0.0,19.8752333299
 05/22  14:00:00,1524.17753458,40.3810463771,447.803064759,0.0,448.566543614,448.566543614,13.1653170812,0.0,13.1653170812
 05/22  15:00:00,1523.7379256,41.0036228808,446.741327811,0.0,448.566543614,448.566543614,13.1580274775,0.0,13.1580274775
 05/22  16:00:00,1566.99128499,41.8963287957,440.208185639,0.0,448.566543614,448.566543614,15.4091619472,0.0,15.4091619472
 05/22  17:00:00,1453.59862064,39.87836815,441.697262493,0.0,348.885089477,398.725816546,10.9434211097,0.0,10.9434211097
 05/22  18:00:00,1265.87694863,34.0940167514,459.12512571,0.0,249.203635341,299.044362409,6.5634811349,0.0,6.5634811349
 05/22  19:00:00,1248.9059715,32.5775434188,468.117748747,0.0,249.203635341,299.044362409,6.55008904457,0.0,6.55008904457
 05/22  20:00:00,1124.86959917,30.3662866629,478.726571701,0.0,149.522181205,249.203635341,6.55527311282,0.0,6.55527311282
 05/22  21:00:00,1138.7687459,30.3148174886,482.950965844,0.0,149.522181205,249.203635341,2.25625198604,0.0647011780278,2.19155080802
 05/22  22:00:00,349.356702463,0.0,0.0,0.0,49.8407270682,199.362908273,2.18941856307,0.0,2.18941856307
 05/22  23:00:00,299.991943326,0.0,0.0,0.0,24.9203635341,199.362908273,2.18918788773,0.0,2.18918788773
 05/22  24:00:00,287.7697455,0.0,0.0,0.0,24.9203635341,199.362908273,2.18941098479,0.0,2.18941098479
 05/23  01:00:00,287.769741959,0.0,0.0,0.0,24.9203635341,199.362908273,2.18934438355,0.0,2.18934438355
 05/23  02:00:00,287.76974198,0.0,0.0,0.0,24.9203635341,199.362908273,2.1892794269,0.0,2.1892794269
 05/23  03:00:00,287.769742034,0.0,0.0,0.0,24.9203635341,199.362908273,2.18921428723,0.0,2.18921428723
 05/23  04:00:00,299.991939895,0.0,0.0,0.0,24.9203635341,199.362908273,2.18943063554,0.0,2.18943063554
 05/23  05:00:00,349.358062649,0.0,0.0,0.0,49.8407270682,199.362908273,4.36295262687,0.0,4.36295262687
 05/23  06:00:00,983.004986815,35.475807901,481.278275174,0.0,49.8407270682,199.362908273,3.42634562615,1.23544921761,2.19089640854
 05/23  07:00:00,1092.7396062,30.3148174886,489.125877041,0.0,149.522181205,199.362908273,13.3349020892,6.77643359592,6.5584684933
 05/23  08:00:00,1609.0643743,32.4666413958,455.048492415,0.0,448.566543614,448.566543614,13.1704091651,0.0,13.1704091651
 05/23  09:00:00,1577.04655536,34.0495411903,458.112994043,0.0,448.566543614,448.566543614,15.378910664,0.0,15.378910664
 05/23  10:00:00,1523.55406666,34.685452656,452.87294499,0.0,448.566543614,448.566543614,13.1854658014,0.0,13.1854658014
 05/23  11:00:00,1526.57291347,35.9300178239,454.643581708,0.0,448.566543614,448.566543614,17.6248546356,0.0,17.6248546356
 05/23  12:00:00,1490.05392391,32.8052138299,471.085580145,0.0,448.566543614,398.725816546,22.1055278466,0.0,22.1055278466
 05/23  13:00:00,1538.70465803,36.5095725997,466.192592514,0.0,448.566543614,448.566543614,19.8766494754,0.0,19.8766494754
 05/23  14:00:00,1525.40542158,39.6840222276,449.727993668,0.0,448.566543614,448.566543614,13.1607849736,0.0,13.1607849736
 05/23  15:00:00,1521.29573323,40.50224942,444.800531773,0.0,448.566543614,448.566543614,10.9698840966,0.0,10.9698840966
 05/23  16:00:00,1568.10059217,41.1580487541,442.055804755,0.0,448.566543614,448.566543614,17.6094774643,0.0,17.6094774643
 05/23  17:00:00,1462.67909803,35.4839982908,455.172128948,0.0,348.885089477,398.725816546,8.75965819168,0.0,8.75965819168
 05/23  18:00:00,1276.15592324,30.4917978162,473.006336172,0.0,249.203635341,299.044362409,8.74396585372,0.0,8.74396585372
 05/23  19:00:00,1257.90220898,30.3253433067,479.366197216,0.0,249.203635341,299.044362409,4.37289040421,0.0,4.37289040421
 05/23  20:00:00,1130.87110592,30.3148174886,484.7747689,0.0,149.522181205,249.203635341,13.1290072798,6.57377238057,6.55523489927
 05/23  21:00:00,1145.84914485,30.3148174886,490.016716436,0.0,149.522181205,249.203635341,24.5429280366,20.1798281072,4.36309992944
 05/23  22:00:00,349.356698867,0.0,0.0,0.0,49.8407270682,199.362908273,2.1892153578,0.0,2.1892153578
 05/23  23:00:00,299.991939845,0.0,0.0,0.0,24.9203635341,199.362908273,2.18943116525,0.0,2.18943116525
 05/23  24:00:00,287.769741964,0.0,0.0,0.0,24.9203635341,199.362908273,2.18936538425,0.0,2.18936538425
 05/24  01:00:00,287.769738437,0.0,0.0,0.0,24.9203635341,199.362908273,2.18929008539,0.0,2.18929008539
 05/24  02:00:00,287.769738479,0.0,0.0,0.0,24.9203635341,199.362908273,2.18921894803,0.0,2.18921894803
 05/24  03:00:00,287.769738557,0.0,0.0,0.0,24.9203635341,199.362908273,2.18914765981,0.0,2.18914765981
 05/24  04:00:00,299.991936263,0.0,0.0,0.0,24.9203635341,199.362908273,2.18935700852,0.0,2.18935700852
 05/24  05:00:00,349.358056326,0.0,0.0,0.0,49.8407270682,199.362908273,2.19142072514,0.0,2.19142072514
 05/24  06:00:00,944.848173214,33.8814544775,444.68414938,0.0,49.8407270682,199.362908273,46.9132897212,44.7225231271,2.19076659413
 05/24  07:00:00,1017.93545874,30.3148174886,414.930416491,0.0,149.522181205,199.362908273,63.5693456366,54.8312026662,8.73814297031
 05/24  08:00:00,1570.23403716,31.594661845,417.218772436,0.0,448.566543614,448.566543614,16.8269825278,3.6619858175,13.1649967103
 05/24  09:00:00,1549.40417892,33.0038112996,431.516100386,0.0,448.566543614,448.566543614,13.5728959364,0.393786710497,13.1791092259
 05/24  10:00:00,1509.54267814,33.8035475398,439.743474509,0.0,448.566543614,448.566543614,15.3826453966,0.0,15.3826453966
 05/24  11:00:00,1527.34267985,35.0845718805,456.258831319,0.0,448.566543614,448.566543614,17.6241892261,0.0,17.6241892261
 05/24  12:00:00,1493.32235466,33.0518685723,474.107395227,0.0,448.566543614,398.725816546,19.8960735338,0.0,19.8960735338
 05/24  13:00:00,1530.10553944,38.0931130433,456.009971821,0.0,448.566543614,448.566543614,19.8718959205,0.0,19.8718959205
 05/24  14:00:00,1527.96382693,39.6450144938,452.325436699,0.0,448.566543614,448.566543614,13.1631810942,0.0,13.1631810942
 05/24  15:00:00,1525.77748391,39.9741700854,449.810380206,0.0,448.566543614,448.566543614,12.7287812445,0.0,12.7287812445
 05/24  16:00:00,1567.54556095,40.7636753012,441.895178701,0.0,448.566543614,448.566543614,15.8359815475,0.0,15.8359815475
 05/24  17:00:00,1461.67487103,36.4043961728,453.247521436,0.0,348.885089477,398.725816546,8.75818826027,0.0,8.75818826027
 05/24  18:00:00,1278.27478304,31.4940798467,474.12292747,0.0,249.203635341,299.044362409,8.74405571595,0.0,8.74405571595
 05/24  19:00:00,1259.88784814,30.587954541,481.089235928,0.0,249.203635341,299.044362409,6.54986809864,0.0,6.54986809864
 05/24  20:00:00,1135.41234617,30.3148174886,489.319037084,0.0,149.522181205,249.203635341,8.99060592173,2.43728578708,6.55332013464
 05/24  21:00:00,1148.02979724,30.3148174886,492.202499249,0.0,149.522181205,249.203635341,15.3496396781,13.1582731811,2.19136649697
 05/24  22:00:00,349.356695571,0.0,0.0,0.0,49.8407270682,199.362908273,2.18934326065,0.0,2.18934326065
 05/24  23:00:00,299.991936462,0.0,0.0,0.0,24.9203635341,199.362908273,2.18941074247,0.0,2.18941074247
 05/24  24:00:00,287.769738574,0.0,0.0,0.0,24.9203635341,199.362908273,2.18933890645,0.0,2.18933890645
 05/25  01:00:00,287.769735048,0.0,0.0,0.0,24.9203635341,199.362908273,2.189258447,0.0,2.189258447
 05/25  02:00:00,287.769735102,0.0,0.0,0.0,24.9203635341,199.362908273,2.18918130409,0.0,2.18918130409
 05/25  03:00:00,287.769735124,0.0,0.0,0.0,24.9203635341,199.362908273,2.18938361325,0.0,2.18938361325
 05/25  04:00:00,299.991932847,0.0,0.0,0.0,24.9203635341,199.362908273,2.18930610912,0.0,2.18930610912
 05/25  05:00:00,349.358050908,0.0,0.0,0.0,49.8407270682,199.362908273,2.19163508279,0.0,2.19163508279
 05/25  06:00:00,942.548522261,33.8301270545,442.425181246,0.0,49.8407270682,199.362908273,63.7648879659,59.4035616077,4.36132635819
 05/25  07:00:00,1019.31050631,30.3148174886,416.279779681,0.0,149.522181205,199.362908273,62.4998028849,55.9419127431,6.55789014185
 05/25  08:00:00,1580.83463018,31.4739927637,427.852486321,0.0,448.566543614,448.566543614,16.0988487468,2.9333560979,13.1654926489
 05/25  09:00:00,1567.60191827,32.8894266738,449.828116921,0.0,448.566543614,448.566543614,13.7541543849,0.574828392446,13.1793259925
 05/25  10:00:00,1527.2387333,33.6376167271,457.605429908,0.0,448.566543614,448.566543614,15.4593873025,0.0780126827097,15.3813746198
 05/25  11:00:00,1540.67848234,34.9381543951,469.741084137,0.0,448.566543614,448.566543614,17.6233908354,0.0,17.6233908354
 05/25  12:00:00,1489.89986453,32.3050385051,471.431775197,0.0,448.566543614,398.725816546,19.8943135298,0.0,19.8943135298
 05/25  13:00:00,1537.4589814,36.1681539377,465.28840883,0.0,448.566543614,448.566543614,19.8696772923,0.0,19.8696772923
 05/25  14:00:00,1533.85482078,37.8406454151,460.020823551,0.0,448.566543614,448.566543614,13.1617335957,0.0,13.1617335957
 05/25  15:00:00,1530.86746904,38.777539783,456.09701767,0.0,448.566543614,448.566543614,10.9668488402,0.0,10.9668488402
 05/25  16:00:00,1577.7030416,39.1171275033,453.69923799,0.0,448.566543614,448.566543614,17.6052150393,0.0,17.6052150393
 05/25  17:00:00,1470.93878561,35.1033042706,463.812546176,0.0,348.885089477,398.725816546,8.75812493953,0.0,8.75812493953
 05/25  18:00:00,1285.27283771,30.6233402276,481.991738057,0.0,249.203635341,299.044362409,8.74367781335,0.0,8.74367781335
 05/25  19:00:00,1244.94999369,30.3148174886,466.424528059,0.0,249.203635341,299.044362409,4.37313038877,0.0,4.37313038877
 05/25  20:00:00,1104.14724723,30.3148174886,458.049979453,0.0,149.522181205,249.203635341,14.4555912728,7.90072897766,6.55486229511
 05/25  21:00:00,1096.04476502,30.3148174886,440.211257794,0.0,149.522181205,249.203635341,26.0834678114,21.7205767731,4.3628910383
 05/25  22:00:00,349.356692018,0.0,0.0,0.0,49.8407270682,199.362908273,2.18939018284,0.0,2.18939018284
 05/25  23:00:00,299.991932826,0.0,0.0,0.0,24.9203635341,199.362908273,2.18931229734,0.0,2.18931229734
 05/25  24:00:00,287.769735019,0.0,0.0,0.0,24.9203635341,199.362908273,2.18923441743,0.0,2.18923441743
 05/26  01:00:00,287.769731559,0.0,0.0,0.0,24.9203635341,199.362908273,2.18914707898,0.0,2.18914707898
 05/26  02:00:00,287.769731515,0.0,0.0,0.0,24.9203635341,199.362908273,2.189342589,0.0,2.189342589
 05/26  03:00:00,287.769731452,0.0,0.0,0.0,24.9203635341,199.362908273,2.18925917151,0.0,2.18925917151
 05/26  04:00:00,299.991929273,0.0,0.0,0.0,24.9203635341,199.362908273,2.1891756374,0.0,2.1891756374
 05/26  05:00:00,349.358045661,0.0,0.0,0.0,49.8407270682,199.362908273,2.1912087247,0.0,2.1912087247
 05/26  06:00:00,905.121715091,33.6078603069,413.758285305,0.0,49.8407270682,199.362908273,69.9521415834,67.761408089,2.19073349439
 05/26  07:00:00,997.483357142,30.3148174886,395.550323256,0.0,149.522181205,199.362908273,84.7365985236,75.9987936093,8.73780491433
 05/26  08:00:00,1561.73308089,31.0339123313,409.519664936,0.0,448.566543614,448.566543614,24.9962925855,14.0189401933,10.9773523922
 05/26  09:00:00,1538.88009936,32.3928358313,421.601789424,0.0,448.566543614,448.566543614,17.5004476712,2.12878853097,15.3716591402
 05/26  10:00:00,1492.14511803,33.1097408399,423.038991194,0.0,448.566543614,448.566543614,14.2784055537,1.09344973165,13.1849558221
 05/26  11:00:00,1513.12908687,34.1118541626,443.017964841,0.0,448.566543614,448.566543614,17.6962644215,0.0739932274194,17.6222711941
 05/26  12:00:00,1493.14016407,32.1992445222,474.777703904,0.0,448.566543614,398.725816546,22.3803793519,0.27953046061,22.1008488913
 05/26  13:00:00,1531.48249943,35.9738249478,459.506294269,0.0,448.566543614,448.566543614,19.8695018412,0.0,19.8695018412
 05/26  14:00:00,1519.03721825,38.0570131815,444.986866831,0.0,448.566543614,448.566543614,10.9722978266,0.0,10.9722978266
 05/26  15:00:00,1514.69385068,39.4092638037,439.291714445,0.0,448.566543614,448.566543614,13.1588152839,0.0,13.1588152839
 05/26  16:00:00,1563.77354415,41.8238994726,437.062995442,0.0,448.566543614,448.566543614,15.4056270429,0.0,15.4056270429
 05/26  17:00:00,1452.91410541,37.8299988549,443.061188574,0.0,348.885089477,398.725816546,10.9427398655,0.0,10.9427398655
 05/26  18:00:00,1259.20549716,32.3772121224,454.170537057,0.0,249.203635341,299.044362409,6.56290652148,0.0,6.56290652148
 05/26  19:00:00,1236.28817782,31.0678486447,457.009691716,0.0,249.203635341,299.044362409,6.54948281903,0.0,6.54948281903
 05/26  20:00:00,1107.8606351,30.3148174886,461.769116424,0.0,149.522181205,249.203635341,6.5651514593,0.0108192827476,6.55433217655
 05/26  21:00:00,1124.82722158,30.3148174886,469.006610892,0.0,149.522181205,249.203635341,6.18447242589,3.99317504379,2.1912973821
 05/26  22:00:00,349.356688626,0.0,0.0,0.0,49.8407270682,199.362908273,2.18937824435,0.0,2.18937824435
 05/26  23:00:00,299.991929434,0.0,0.0,0.0,24.9203635341,199.362908273,2.18920045665,0.0,2.18920045665
 05/26  24:00:00,287.769731716,0.0,0.0,0.0,24.9203635341,199.362908273,2.18911658115,0.0,2.18911658115
 05/27  01:00:00,237.929001052,0.0,0.0,0.0,24.9203635341,149.522181205,2.18930366864,0.0,2.18930366864
 05/27  02:00:00,237.929001058,0.0,0.0,0.0,24.9203635341,149.522181205,2.18921453505,0.0,2.18921453505
 05/27  03:00:00,237.929001137,0.0,0.0,0.0,24.9203635341,149.522181205,2.18912521422,0.0,2.18912521422
 05/27  04:00:00,250.151198895,0.0,0.0,0.0,24.9203635341,149.522181205,2.1893134307,0.0,2.1893134307
 05/27  05:00:00,274.596949321,0.0,0.0,0.0,24.9203635341,149.522181205,2.19146454839,0.0,2.19146454839
 05/27  06:00:00,968.18152183,33.6712468666,476.779810944,0.0,49.8407270682,199.362908273,37.6148119175,33.2532261289,4.36158578864
 05/27  07:00:00,987.991427354,30.3148174886,484.027334719,0.0,49.8407270682,199.362908273,60.0526979243,55.685746463,4.36695146126
 05/27  08:00:00,1229.42344098,30.3148174886,476.27524667,0.0,249.203635341,249.203635341,30.6673236273,26.2940204546,4.37330317275
 05/27  09:00:00,1196.51508,30.5553710239,479.803687743,0.0,249.203635341,249.203635341,16.4745389987,7.73111600488,8.74342299381
 05/27  10:00:00,1136.37625431,31.1782277529,467.936122852,0.0,249.203635341,249.203635341,8.19165595892,1.63364449678,6.55801146214
 05/27  11:00:00,1130.74992735,30.4847827121,463.002311074,0.0,249.203635341,249.203635341,9.17680531561,0.427919705978,8.74888560963
 05/27  12:00:00,1128.56024021,30.3270765585,460.971982509,0.0,249.203635341,249.203635341,6.57597474299,0.0164584847491,6.55951625824
 05/27  13:00:00,1126.1717193,30.6725022734,458.238499082,0.0,249.203635341,249.203635341,8.73735505487,0.0,8.73735505487
 05/27  14:00:00,876.578235647,30.5300088815,457.992951851,0.0,74.7610906023,174.442544739,4.37264538397,0.0,4.37264538397
 05/27  15:00:00,879.174771443,30.6501536798,460.470245887,0.0,74.7610906023,174.442544739,6.54498212993,0.0,6.54498212993
 05/27  16:00:00,929.370104219,31.786244085,460.640245338,0.0,74.7610906023,174.442544739,4.37117441003,0.0,4.37117441003
 05/27  17:00:00,891.631744419,32.8331794572,459.952609798,0.0,24.9203635341,149.522181205,2.19063766925,0.0,2.19063766925
 05/27  18:00:00,821.959597109,22.436560806,424.64940209,0.0,24.9203635341,149.522181205,4.36153760593,0.0,4.36153760593
 05/27  19:00:00,739.634580418,19.4921123457,379.800331504,0.0,24.9203635341,149.522181205,2.19080329498,0.0,2.19080329498
 05/27  20:00:00,858.420594482,22.6713160247,462.277704914,0.0,24.9203635341,149.522181205,2.19080906668,0.0,2.19080906668
 05/27  21:00:00,453.3368273,4.86588723587,119.424497031,0.0,24.9203635341,149.522181205,4.36462738399,0.0,4.36462738399
 05/27  22:00:00,349.916704889,0.821471083491,48.5017342174,0.0,24.9203635341,149.522181205,2.18931924857,0.0,2.18931924857
 05/27  23:00:00,250.151198728,0.0,0.0,0.0,24.9203635341,149.522181205,2.18922936291,0.0,2.18922936291
 05/27  24:00:00,237.929000947,0.0,0.0,0.0,24.9203635341,149.522181205,2.18913947749,0.0,2.18913947749
 05/28  01:00:00,237.928546267,0.0,0.0,0.0,24.9203635341,149.522181205,0.02,0.0,0.02
 05/28  02:00:00,237.928546675,0.0,0.0,0.0,24.9203635341,149.522181205,2.18851483264,0.0,2.18851483264
 05/28  03:00:00,237.928546865,0.0,0.0,0.0,24.9203635341,149.522181205,2.18858666276,0.0,2.18858666276
 05/28  04:00:00,250.150744468,0.0,0.0,0.0,24.9203635341,149.522181205,2.18843024186,0.0,2.18843024186
 05/28  05:00:00,274.596492902,0.0,0.0,0.0,24.9203635341,149.522181205,2.19046869939,0.0,2.19046869939
 05/28  06:00:00,280.765597926,0.0,0.0,0.0,24.9203635341,149.522181205,2.18852978754,0.0,2.18852978754
 05/28  07:00:00,782.713130626,20.7086587423,378.561523111,0.0,24.9203635341,149.522181205,0.02,0.0,0.02
 05/28  08:00:00,781.653140557,19.8016368772,371.202578215,0.0,24.9203635341,149.522181205,2.18860100505,0.0,2.18860100505
 05/28  09:00:00,816.611811347,24.0357880837,434.516616317,0.0,24.9203635341,149.522181205,2.18858109011,0.0,2.18858109011
 05/28  10:00:00,694.911248521,19.8921340475,369.980161613,0.0,24.9203635341,149.522181205,2.1886064441,0.0,2.1886064441
 05/28  11:00:00,773.985883563,23.7574128158,441.094738509,0.0,24.9203635341,149.522181205,2.19009283255,0.0,2.19009283255
 05/28  12:00:00,710.420757712,18.9897746107,386.5692999,0.0,24.9203635341,149.522181205,2.19009147009,0.0,2.19009147009
 05/28  13:00:00,739.327896589,21.9414157699,425.684429316,0.0,24.9203635341,149.522181205,4.36435719258,0.0,4.36435719258
 05/28  14:00:00,643.38604547,16.1565853286,337.687921636,0.0,24.9203635341,149.522181205,2.19002356954,0.0,2.19002356954
 05/28  15:00:00,670.653267692,19.9708711242,364.36092999,0.0,24.9203635341,149.522181205,2.1885869564,0.0,2.1885869564
 05/28  16:00:00,699.530025144,19.3912793676,352.020165433,0.0,24.9203635341,149.522181205,0.02,0.0,0.02
 05/28  17:00:00,851.104760276,24.4008579357,444.889016271,0.0,24.9203635341,149.522181205,2.18860083171,0.0,2.18860083171
 05/28  18:00:00,738.991289838,19.5142826535,354.691832752,0.0,24.9203635341,149.522181205,2.18861468561,0.0,2.18861468561
 05/28  19:00:00,821.37093197,24.3982432847,439.6021982,0.0,24.9203635341,149.522181205,2.18859449985,0.0,2.18859449985
 05/28  20:00:00,763.979711562,19.1846359164,374.494047154,0.0,24.9203635341,149.522181205,0.02,0.0,0.02
 05/28  21:00:00,669.837675546,13.1190137573,289.32599741,0.0,24.9203635341,149.522181205,4.36155031013,0.0,4.36155031013
 05/28  22:00:00,372.835778204,1.09529477799,62.481474023,0.0,24.9203635341,149.522181205,2.18851010487,0.0,2.18851010487
 05/28  23:00:00,250.150744031,0.0,0.0,0.0,24.9203635341,149.522181205,0.02,0.0,0.02
 05/28  24:00:00,237.928546642,0.0,0.0,0.0,24.9203635341,149.522181205,2.18846640979,0.0,2.18846640979
 05/29  01:00:00,237.928543965,0.0,0.0,0.0,24.9203635341,149.522181205,2.18853068746,0.0,2.18853068746
 05/29  02:00:00,237.928543779,0.0,0.0,0.0,24.9203635341,149.522181205,2.18859629012,0.0,2.18859629012
 05/29  03:00:00,237.928543322,0.0,0.0,0.0,24.9203635341,149.522181205,0.02,0.0,0.02
 05/29  04:00:00,250.150741488,0.0,0.0,0.0,24.9203635341,149.522181205,2.18843446499,0.0,2.18843446499
 05/29  05:00:00,274.596488234,0.0,0.0,0.0,24.9203635341,149.522181205,2.19062468279,0.0,2.19062468279
 05/29  06:00:00,280.765594981,0.0,0.0,0.0,24.9203635341,149.522181205,2.18852080001,0.0,2.18852080001
 05/29  07:00:00,296.666324324,0.0,0.0,0.0,24.9203635341,149.522181205,2.18858560254,0.0,2.18858560254
 05/29  08:00:00,296.666324329,0.0,0.0,0.0,24.9203635341,149.522181205,2.18853746631,0.0,2.18853746631
 05/29  09:00:00,759.549238625,20.7086587423,392.064226715,0.0,24.9203635341,149.522181205,2.18857980661,0.0,2.18857980661
 05/29  10:00:00,716.128449937,19.7891366713,391.239474445,0.0,24.9203635341,149.522181205,0.02,0.0,0.02
 05/29  11:00:00,772.416729848,23.4620762629,439.842478498,0.0,24.9203635341,149.522181205,2.19005689452,0.0,2.19005689452
 05/29  12:00:00,639.482994163,17.546783082,339.173891168,0.0,24.9203635341,149.522181205,4.36002553213,0.0,4.36002553213
 05/29  13:00:00,602.501079115,12.5945619488,291.188073045,0.0,24.9203635341,149.522181205,2.19221821614,0.0,2.19221821614
 05/29  14:00:00,565.969792488,11.6718354396,259.400440235,0.0,24.9203635341,149.522181205,2.18995196436,0.0,2.18995196436
 05/29  15:00:00,704.166336748,18.0002629725,381.988422989,0.0,24.9203635341,149.522181205,2.18859142663,0.0,2.18859142663
 05/29  16:00:00,874.057989315,23.7356914637,492.016065376,0.0,24.9203635341,149.522181205,2.18856517408,0.0,2.18856517408
 05/29  17:00:00,747.920185092,13.8373248021,358.262312537,0.0,24.9203635341,149.522181205,2.18858424446,0.0,2.18858424446
 05/29  18:00:00,334.972097264,0.410735541745,24.8960853214,0.0,24.9203635341,149.522181205,0.02,0.0,0.02
 05/29  19:00:00,272.221928426,0.0,0.0,0.0,24.9203635341,149.522181205,2.18860232614,0.0,2.18860232614
 05/29  20:00:00,289.309261976,0.0,0.0,0.0,24.9203635341,149.522181205,2.18843974488,0.0,2.18843974488
 05/29  21:00:00,299.04088342,0.0,0.0,0.0,24.9203635341,149.522181205,2.1905445154,0.0,2.1905445154
 05/29  22:00:00,274.59513742,0.0,0.0,0.0,24.9203635341,149.522181205,2.18852469885,0.0,2.18852469885
 05/29  23:00:00,250.150741831,0.0,0.0,0.0,24.9203635341,149.522181205,2.18858910827,0.0,2.18858910827
 05/29  24:00:00,237.928543575,0.0,0.0,0.0,24.9203635341,149.522181205,2.18842650719,0.0,2.18842650719
 05/30  01:00:00,287.769717464,0.0,0.0,0.0,24.9203635341,199.362908273,0.02,0.0,0.02
 05/30  02:00:00,287.769717458,0.0,0.0,0.0,24.9203635341,199.362908273,2.18927636932,0.0,2.18927636932
 05/30  03:00:00,287.769717505,0.0,0.0,0.0,24.9203635341,199.362908273,2.18916930454,0.0,2.18916930454
 05/30  04:00:00,299.991915452,0.0,0.0,0.0,24.9203635341,199.362908273,2.1890620685,0.0,2.1890620685
 05/30  05:00:00,349.358024067,0.0,0.0,0.0,49.8407270682,199.362908273,4.36264389978,0.0,4.36264389978
 05/30  06:00:00,945.917142227,32.9106052852,455.281357643,0.0,49.8407270682,199.362908273,28.2103106083,26.0197814627,2.19052914563
 05/30  07:00:00,1029.59233311,30.3148174886,426.555372064,0.0,149.522181205,199.362908273,37.4890150372,30.9325122587,6.55650277843
 05/30  08:00:00,1586.90118343,30.3208166877,435.082610649,0.0,448.566543614,448.566543614,13.3060567569,0.141081397227,13.1649753597
 05/30  09:00:00,1586.06489435,31.9970477028,469.184020771,0.0,448.566543614,448.566543614,13.1783737033,0.0,13.1783737033
 05/30  10:00:00,1538.8688348,34.1814399635,468.691902275,0.0,448.566543614,448.566543614,15.376278,0.0,15.376278
 05/30  11:00:00,1534.31093309,34.2215139759,464.090339466,0.0,448.566543614,448.566543614,15.4170273621,0.0,15.4170273621
 05/30  12:00:00,1478.80882086,32.9988502496,459.647119346,0.0,448.566543614,398.725816546,22.0925497052,0.0,22.0925497052
 05/30  13:00:00,1517.28686333,38.2204509091,443.064180945,0.0,448.566543614,448.566543614,19.8638381676,0.0,19.8638381676
 05/30  14:00:00,1515.21845391,39.6571348589,439.568079609,0.0,448.566543614,448.566543614,10.9718409956,0.0,10.9718409956
 05/30  15:00:00,1515.13971387,39.5913715857,439.555557311,0.0,448.566543614,448.566543614,13.1544086125,0.0,13.1544086125
 05/30  16:00:00,1562.89210826,41.9992771663,436.006302972,0.0,448.566543614,448.566543614,15.4013373647,0.0,15.4013373647
 05/30  17:00:00,1451.46250531,39.3590595187,440.080600444,0.0,348.885089477,398.725816546,8.7559415968,0.0,8.7559415968
 05/30  18:00:00,1255.34994694,34.2582068412,448.434052729,0.0,249.203635341,299.044362409,8.7425372186,0.0,8.7425372186
 05/30  19:00:00,1234.50665835,31.9432318375,454.352831035,0.0,249.203635341,299.044362409,4.37214623026,0.0,4.37214623026
 05/30  20:00:00,1108.49957707,30.3452171966,462.377713507,0.0,149.522181205,249.203635341,6.55360025802,0.0,6.55360025802
 05/30  21:00:00,1121.25787989,30.3148174886,465.440190531,0.0,149.522181205,249.203635341,4.36258250264,0.0,4.36258250264
 05/30  22:00:00,349.356674509,0.0,0.0,0.0,49.8407270682,199.362908273,2.18929551307,0.0,2.18929551307
 05/30  23:00:00,299.991915295,0.0,0.0,0.0,24.9203635341,199.362908273,2.18918784399,0.0,2.18918784399
 05/30  24:00:00,287.769717527,0.0,0.0,0.0,24.9203635341,199.362908273,2.18908015227,0.0,2.18908015227
 05/31  01:00:00,287.769714016,0.0,0.0,0.0,24.9203635341,199.362908273,0.02,0.0,0.02
 05/31  02:00:00,287.769713999,0.0,0.0,0.0,24.9203635341,199.362908273,2.18923608752,0.0,2.18923608752
 05/31  03:00:00,287.769714075,0.0,0.0,0.0,24.9203635341,199.362908273,2.1891231582,0.0,2.1891231582
 05/31  04:00:00,299.99191197,0.0,0.0,0.0,24.9203635341,199.362908273,2.18928361063,0.0,2.18928361063
 05/31  05:00:00,349.358018512,0.0,0.0,0.0,49.8407270682,199.362908273,4.36291904303,0.0,4.36291904303
 05/31  06:00:00,975.774854312,35.7151197266,482.352516601,0.0,49.8407270682,199.362908273,3.45955096223,1.26909978072,2.1904511815
 05/31  07:00:00,1076.81596142,30.3148174886,473.207080897,0.0,149.522181205,199.362908273,6.82622379438,0.268657838639,6.55756595574
 05/31  08:00:00,1608.43767489,35.9081470676,450.98048404,0.0,448.566543614,448.566543614,13.1642305008,0.0,13.1642305008
 05/31  09:00:00,1563.00727275,41.7351643551,436.388307065,0.0,448.566543614,448.566543614,13.1767995055,0.0,13.1767995055
 05/31  10:00:00,1513.87605629,44.8976927358,432.982894728,0.0,448.566543614,448.566543614,15.3773679555,0.0,15.3773679555
 05/31  11:00:00,1516.11477279,45.6292620953,434.486466256,0.0,448.566543614,448.566543614,15.4166127325,0.0,15.4166127325
 05/31  12:00:00,1464.49688255,40.6779193515,437.656148421,0.0,448.566543614,398.725816546,22.093438723,0.0,22.093438723
 05/31  13:00:00,1519.79224997,46.6077280095,437.182330418,0.0,448.566543614,448.566543614,17.6597784318,0.0,17.6597784318
 05/31  14:00:00,1521.22576137,47.3851557899,437.847394817,0.0,448.566543614,448.566543614,13.1604299028,0.0,13.1604299028
 05/31  15:00:00,1521.19331553,49.6468294994,435.553713058,0.0,448.566543614,448.566543614,10.9635519167,0.0,10.9635519167
 05/31  16:00:00,1572.24392087,54.016214452,433.627169059,0.0,448.566543614,448.566543614,17.6000579621,0.0,17.6000579621
 05/31  17:00:00,1463.51091779,47.5370317303,445.818894432,0.0,348.885089477,398.725816546,8.75601689181,0.0,8.75601689181
 05/31  18:00:00,1261.10326768,38.1692927655,452.094033721,0.0,249.203635341,299.044362409,6.56109269377,0.0,6.56109269377
 05/31  19:00:00,1234.58393663,33.1743345234,453.214598811,0.0,249.203635341,299.044362409,6.54898588999,0.0,6.54898588999
 05/31  20:00:00,1104.36497052,30.72183155,457.866503264,0.0,149.522181205,249.203635341,6.55332179386,0.0,6.55332179386
 05/31  21:00:00,1116.97749677,30.3270951174,461.147536853,0.0,149.522181205,249.203635341,2.19131681191,0.0,2.19131681191
 05/31  22:00:00,349.356670959,0.0,0.0,0.0,49.8407270682,199.362908273,2.18887988216,0.0,2.18887988216
 05/31  23:00:00,361.094754139,0.410735541745,47.6931135899,0.0,24.9203635341,199.362908273,2.18919906044,0.0,2.18919906044
 05/31  24:00:00,404.667631739,0.821471083491,90.0784677146,0.0,24.9203635341,199.362908273,2.18922317523,0.0,2.18922317523
 06/01  01:00:00,287.769710672,0.0,0.0,0.0,24.9203635341,199.362908273,2.18923784965,0.0,2.18923784965
 06/01  02:00:00,287.769710707,0.0,0.0,0.0,24.9203635341,199.362908273,2.18911922498,0.0,2.18911922498
 06/01  03:00:00,287.769710783,0.0,0.0,0.0,24.9203635341,199.362908273,2.18927295291,0.0,2.18927295291
 06/01  04:00:00,452.947577351,1.23220662524,112.726532653,0.0,24.9203635341,199.362908273,2.18929103827,0.0,2.18929103827
 06/01  05:00:00,349.35801183,0.0,0.0,0.0,49.8407270682,199.362908273,2.19122894308,0.0,2.19122894308
 06/01  06:00:00,965.060767842,37.9785666962,469.375890998,0.0,49.8407270682,199.362908273,4.38424424902,0.0230520134066,4.36119223561
 06/01  07:00:00,1082.48369443,30.3994573619,478.790383357,0.0,149.522181205,199.362908273,6.55766847436,0.0,6.55766847436
 06/01  08:00:00,1604.63113619,42.6861109735,440.395995764,0.0,448.566543614,448.566543614,13.1598098228,0.0,13.1598098228
 06/01  09:00:00,1560.99338775,47.6880493681,428.421565989,0.0,448.566543614,448.566543614,13.1713980609,0.0,13.1713980609
 06/01  10:00:00,1512.8026946,50.3420296942,426.465239303,0.0,448.566543614,448.566543614,13.1790912718,0.0,13.1790912718
 06/01  11:00:00,1515.38502191,50.9829923994,428.403005809,0.0,448.566543614,448.566543614,17.6156810092,0.0,17.6156810092
 06/01  12:00:00,1465.63149136,44.1782923485,435.290426427,0.0,448.566543614,398.725816546,19.8849221898,0.0,19.8849221898
 06/01  13:00:00,1515.07319345,48.8521948614,430.218845058,0.0,448.566543614,448.566543614,19.8648999825,0.0,19.8648999825
 06/01  14:00:00,1513.52043193,48.5025224858,429.024712887,0.0,448.566543614,448.566543614,10.9673434845,0.0,10.9673434845
 06/01  15:00:00,1511.88245572,49.560472429,426.3292484,0.0,448.566543614,448.566543614,13.1547996635,0.0,13.1547996635
 06/01  16:00:00,1561.95160624,49.174971373,427.890168563,0.0,448.566543614,448.566543614,15.3997980973,0.0,15.3997980973
 06/01  17:00:00,1455.73954178,41.0999253977,442.616806509,0.0,348.885089477,398.725816546,8.75569887006,0.0,8.75569887006
 06/01  18:00:00,1278.82398529,33.331054149,472.835272484,0.0,249.203635341,299.044362409,8.74217798032,0.0,8.74217798032
 06/01  19:00:00,1258.84933131,31.2900893386,479.348667272,0.0,249.203635341,299.044362409,4.37195739276,0.0,4.37195739276
 06/01  20:00:00,1097.63207211,30.3148174886,451.540632451,0.0,149.522181205,249.203635341,6.55315478819,0.0,6.55315478819
 06/01  21:00:00,1076.27156911,30.3148174886,420.485612848,0.0,149.522181205,249.203635341,4.46655732675,0.103806595673,4.36275073107
 06/01  22:00:00,349.356667592,0.0,0.0,0.0,49.8407270682,199.362908273,2.18916899062,0.0,2.18916899062
 06/01  23:00:00,299.991908471,0.0,0.0,0.0,24.9203635341,199.362908273,2.18904962743,0.0,2.18904962743
 06/01  24:00:00,287.769710644,0.0,0.0,0.0,24.9203635341,199.362908273,0.02,0.0,0.02
 06/02  01:00:00,287.769707097,0.0,0.0,0.0,24.9203635341,199.362908273,2.18919701913,0.0,2.18919701913
 06/02  02:00:00,287.769707193,0.0,0.0,0.0,24.9203635341,199.362908273,2.1890726895,0.0,2.1890726895
 06/02  03:00:00,287.769707235,0.0,0.0,0.0,24.9203635341,199.362908273,2.18921982633,0.0,2.18921982633
 06/02  04:00:00,299.991905078,0.0,0.0,0.0,24.9203635341,199.362908273,2.18909512029,0.0,2.18909512029
 06/02  05:00:00,349.358007085,0.0,0.0,0.0,49.8407270682,199.362908273,4.36246818447,0.0,4.36246818447
 06/02  06:00:00,885.996240898,34.6767528082,393.601907865,0.0,49.8407270682,199.362908273,17.7616828162,15.571101249,2.19058156722
 06/02  07:00:00,955.782303544,30.3148174886,354.836906875,0.0,149.522181205,199.362908273,35.8709440719,29.3129846997,6.55795937217
 06/02  08:00:00,1497.6765169,33.7327727102,342.42338509,0.0,448.566543614,448.566543614,14.0493230625,0.888086808238,13.1612362543
 06/02  09:00:00,1473.57280722,35.6038588581,353.08513859,0.0,448.566543614,448.566543614,13.2596387459,0.0864755866711,13.1731631592
 06/02  10:00:00,1441.35485717,37.122998874,368.236451422,0.0,448.566543614,448.566543614,13.1806074662,0.0,13.1806074662
 06/02  11:00:00,1452.65785359,38.8647516785,377.794114391,0.0,448.566543614,448.566543614,17.6146354928,0.0,17.6146354928
 06/02  12:00:00,1411.43727552,36.1388961114,389.135645111,0.0,448.566543614,398.725816546,19.8799535655,0.0,19.8799535655
 06/02  13:00:00,1486.28494647,41.3370440833,408.94578441,0.0,448.566543614,448.566543614,19.862431899,0.0,19.862431899
 06/02  14:00:00,1494.75605473,42.138245861,416.624637123,0.0,448.566543614,448.566543614,10.9667722485,0.0,10.9667722485
 06/02  15:00:00,1507.55214531,43.100754257,428.458678824,0.0,448.566543614,448.566543614,13.1547644294,0.0,13.1547644294
 06/02  16:00:00,1563.2928369,45.7232609826,432.683140474,0.0,448.566543614,448.566543614,15.3991974617,0.0,15.3991974617
 06/02  17:00:00,1455.93341556,41.5406955456,442.369928057,0.0,348.885089477,398.725816546,8.75541458348,0.0,8.75541458348
 06/02  18:00:00,1240.4133088,34.5323138766,433.22335083,0.0,249.203635341,299.044362409,8.74183698372,0.0,8.74183698372
 06/02  19:00:00,1200.16007283,32.7880540124,419.161454603,0.0,249.203635341,299.044362409,4.37253471981,0.0,4.37253471981
 06/02  20:00:00,1042.98049186,30.39419356,396.809389081,0.0,149.522181205,249.203635341,6.96453484486,0.411276458311,6.55325838655
 06/02  21:00:00,1029.94234546,30.3148174886,374.117045659,0.0,149.522181205,249.203635341,14.8840983684,10.521552179,4.3625461893
 06/02  22:00:00,349.35666406,0.0,0.0,0.0,49.8407270682,199.362908273,2.18906660308,0.0,2.18906660308
 06/02  23:00:00,299.991904948,0.0,0.0,0.0,24.9203635341,199.362908273,0.02,0.0,0.02
 06/02  24:00:00,287.769707118,0.0,0.0,0.0,24.9203635341,199.362908273,2.18921304183,0.0,2.18921304183
 06/03  01:00:00,237.928976616,0.0,0.0,0.0,24.9203635341,149.522181205,2.18908203457,0.0,2.18908203457
 06/03  02:00:00,237.928976699,0.0,0.0,0.0,24.9203635341,149.522181205,2.18922263454,0.0,2.18922263454
 06/03  03:00:00,237.928976728,0.0,0.0,0.0,24.9203635341,149.522181205,2.18909233686,0.0,2.18909233686
 06/03  04:00:00,250.151174608,0.0,0.0,0.0,24.9203635341,149.522181205,2.18923245721,0.0,2.18923245721
 06/03  05:00:00,274.596910934,0.0,0.0,0.0,24.9203635341,149.522181205,4.36216471316,0.0,4.36216471316
 06/03  06:00:00,864.779779348,33.8941342612,373.147925587,0.0,49.8407270682,199.362908273,45.5608295539,43.3704064199,2.19042313397
 06/03  07:00:00,869.233307658,30.3148174886,368.316324621,0.0,49.8407270682,199.362908273,29.7433896468,25.3764171211,4.36697252575
 06/03  08:00:00,1146.51329947,30.4679308272,394.996710177,0.0,249.203635341,249.203635341,14.2625962625,9.88992890572,4.37266735676
 06/03  09:00:00,1152.60062516,31.0704442556,435.37783576,0.0,249.203635341,249.203635341,11.5497701166,2.80846489484,8.74130522172
 06/03  10:00:00,1132.18388543,31.0772465777,463.845035685,0.0,249.203635341,249.203635341,7.90831430426,1.35148998134,6.55682432292
 06/03  11:00:00,1144.34250596,30.4490744698,476.630314262,0.0,249.203635341,249.203635341,9.71974111468,0.972422403195,8.74731871148
 06/03  12:00:00,1154.75302001,30.3166272759,487.174941916,0.0,249.203635341,249.203635341,7.0825992661,0.523298370391,6.55930089571
 06/03  13:00:00,1148.54400385,30.527514327,480.755812917,0.0,249.203635341,249.203635341,6.62661922938,0.0700479968215,6.55657123256
 06/03  14:00:00,894.948724011,30.3304855098,476.563023158,0.0,74.7610906023,174.442544739,6.56711783037,0.018542124373,6.548575706
 06/03  15:00:00,896.284984023,30.3771367162,477.853538449,0.0,74.7610906023,174.442544739,4.36927422807,0.0,4.36927422807
 06/03  16:00:00,946.848943179,30.3924279654,479.512969114,0.0,74.7610906023,174.442544739,4.37105003448,0.0,4.37105003448
 06/03  17:00:00,907.898533524,31.0860087497,477.966602947,0.0,24.9203635341,149.522181205,2.19062767942,0.0,2.19062767942
 06/03  18:00:00,775.121104708,21.3594521825,382.268549851,0.0,24.9203635341,149.522181205,4.36139508131,0.0,4.36139508131
 06/03  19:00:00,704.923218935,19.4159612629,345.165155696,0.0,24.9203635341,149.522181205,2.19059413017,0.0,2.19059413017
 06/03  20:00:00,601.41819714,14.5346229166,255.027517422,0.0,24.9203635341,149.522181205,2.19054100207,0.0,2.19054100207
 06/03  21:00:00,299.041753733,0.0,0.0,0.0,24.9203635341,149.522181205,4.36391114592,0.0,4.36391114592
 06/03  22:00:00,274.595570019,0.0,0.0,0.0,24.9203635341,149.522181205,2.18912665557,0.0,2.18912665557
 06/03  23:00:00,250.151174495,0.0,0.0,0.0,24.9203635341,149.522181205,2.18926616517,0.0,2.18926616517
 06/03  24:00:00,237.928976513,0.0,0.0,0.0,24.9203635341,149.522181205,2.18913531039,0.0,2.18913531039
 06/04  01:00:00,237.928526665,0.0,0.0,0.0,24.9203635341,149.522181205,0.02,0.0,0.02
 06/04  02:00:00,237.928527177,0.0,0.0,0.0,24.9203635341,149.522181205,2.18848649089,0.0,2.18848649089
 06/04  03:00:00,237.928527434,0.0,0.0,0.0,24.9203635341,149.522181205,2.18851473942,0.0,2.18851473942
 06/04  04:00:00,250.150725015,0.0,0.0,0.0,24.9203635341,149.522181205,2.18832029739,0.0,2.18832029739
 06/04  05:00:00,274.596458776,0.0,0.0,0.0,24.9203635341,149.522181205,2.19062068469,0.0,2.19062068469
 06/04  06:00:00,280.765578402,0.0,0.0,0.0,24.9203635341,149.522181205,2.18844107288,0.0,2.18844107288
 06/04  07:00:00,488.865636416,8.33321799161,150.824216382,0.0,24.9203635341,149.522181205,0.02,0.0,0.02
 06/04  08:00:00,784.688990162,19.7902327639,374.135520266,0.0,24.9203635341,149.522181205,2.18850588134,0.0,2.18850588134
 06/04  09:00:00,806.655259258,23.8489490216,424.696126232,0.0,24.9203635341,149.522181205,2.18853331853,0.0,2.18853331853
 06/04  10:00:00,687.607753753,19.822793405,362.679085129,0.0,24.9203635341,149.522181205,2.18848674238,0.0,2.18848674238
 06/04  11:00:00,753.622038971,23.4922741816,421.320834415,0.0,24.9203635341,149.522181205,2.18993339403,0.0,2.18993339403
 06/04  12:00:00,618.052150894,15.6562564479,308.459518997,0.0,24.9203635341,149.522181205,2.18995055167,0.0,2.18995055167
 06/04  13:00:00,583.188680759,13.0895757497,278.471435899,0.0,24.9203635341,149.522181205,2.19208523837,0.0,2.19208523837
 06/04  14:00:00,600.184124956,14.1754673942,285.606314217,0.0,24.9203635341,149.522181205,2.1898179426,0.0,2.1898179426
 06/04  15:00:00,600.822151209,14.2404211628,288.915062366,0.0,24.9203635341,149.522181205,2.18852741082,0.0,2.18852741082
 06/04  16:00:00,772.995006514,23.2638217439,392.447151691,0.0,24.9203635341,149.522181205,2.18851054406,0.0,2.18851054406
 06/04  17:00:00,760.643043083,20.2343000926,349.758771523,0.0,24.9203635341,149.522181205,2.18808435022,0.0,2.18808435022
 06/04  18:00:00,801.669846325,23.4856748607,384.761956346,0.0,24.9203635341,149.522181205,2.18852081408,0.0,2.18852081408
 06/04  19:00:00,722.000235121,20.2181814216,335.894371377,0.0,24.9203635341,149.522181205,0.02,0.0,0.02
 06/04  20:00:00,741.57639894,21.6081075234,344.933661556,0.0,24.9203635341,149.522181205,2.18850375248,0.0,2.18850375248
 06/04  21:00:00,299.040854592,0.0,0.0,0.0,24.9203635341,149.522181205,2.19065491873,0.0,2.19065491873
 06/04  22:00:00,274.595120728,0.0,0.0,0.0,24.9203635341,149.522181205,2.18842224377,0.0,2.18842224377
 06/04  23:00:00,250.150725278,0.0,0.0,0.0,24.9203635341,149.522181205,2.18844960116,0.0,2.18844960116
 06/04  24:00:00,237.92852715,0.0,0.0,0.0,24.9203635341,149.522181205,2.18847691496,0.0,2.18847691496
 06/05  01:00:00,287.769696721,0.0,0.0,0.0,24.9203635341,199.362908273,2.18900121184,0.0,2.18900121184
 06/05  02:00:00,287.769696712,0.0,0.0,0.0,24.9203635341,199.362908273,0.02,0.0,0.02
 06/05  03:00:00,287.769696712,0.0,0.0,0.0,24.9203635341,199.362908273,2.18912845818,0.0,2.18912845818
 06/05  04:00:00,299.991894682,0.0,0.0,0.0,24.9203635341,199.362908273,2.18898663393,0.0,2.18898663393
 06/05  05:00:00,349.357990808,0.0,0.0,0.0,49.8407270682,199.362908273,4.36227111822,0.0,4.36227111822
 06/05  06:00:00,823.353153907,31.5496858892,334.149815621,0.0,49.8407270682,199.362908273,113.819780291,111.629113543,2.19066674787
 06/05  07:00:00,899.071877103,30.3148174886,299.478675993,0.0,149.522181205,199.362908273,64.1742801701,57.616949822,6.55733034809
 06/05  08:00:00,1460.69808952,30.7733500129,309.481687563,0.0,448.566543614,448.566543614,25.1034184373,11.9421840365,13.1612344008
 06/05  09:00:00,1437.74790307,31.8596832534,321.005031815,0.0,448.566543614,448.566543614,16.5306784505,3.36015816822,13.1705202822
 06/05  10:00:00,1399.55783902,31.871413509,331.690124052,0.0,448.566543614,448.566543614,14.528971481,1.35189356543,13.1770779156
 06/05  11:00:00,1409.47630188,31.2696576799,342.207293685,0.0,448.566543614,448.566543614,18.2434864311,0.63061378953,17.6128726416
 06/05  12:00:00,1365.61115265,30.3148174886,349.133250465,0.0,448.566543614,398.725816546,20.5284242925,0.651225614369,19.8771986781
 06/05  13:00:00,1424.19901071,31.8569675577,356.340035208,0.0,448.566543614,448.566543614,17.6502372406,0.0,17.6502372406
 06/05  14:00:00,1433.10975802,33.2587045161,363.857960861,0.0,448.566543614,448.566543614,13.1574017844,0.0,13.1574017844
 06/05  15:00:00,1446.85331436,34.4293609927,376.431298713,0.0,448.566543614,448.566543614,10.9629042262,0.0,10.9629042262
 06/05  16:00:00,1507.57131332,37.0595235281,385.625448577,0.0,448.566543614,448.566543614,15.3968116541,0.0,15.3968116541
 06/05  17:00:00,1391.73384246,35.1545051934,385.263040197,0.0,348.885089477,398.725816546,10.938586264,0.0,10.938586264
 06/05  18:00:00,1184.1558617,32.9862660076,382.935439001,0.0,249.203635341,299.044362409,6.5610532754,0.0,6.5610532754
 06/05  19:00:00,1153.39923643,31.7658443573,378.265641014,0.0,249.203635341,299.044362409,6.54802122371,0.0,6.54802122371
 06/05  20:00:00,994.637540542,30.3178896354,362.847973486,0.0,149.522181205,249.203635341,4.45034590874,0.0748465306386,4.37549937811
 06/05  21:00:00,996.548787008,30.3148174886,347.43605618,0.0,149.522181205,249.203635341,12.7216416102,8.35948496377,4.36215664644
 06/05  22:00:00,349.356653802,0.0,0.0,0.0,49.8407270682,199.362908273,2.18901079251,0.0,2.18901079251
 06/05  23:00:00,299.99189456,0.0,0.0,0.0,24.9203635341,199.362908273,2.18913726669,0.0,2.18913726669
 06/05  24:00:00,287.769696733,0.0,0.0,0.0,24.9203635341,199.362908273,2.18899500046,0.0,2.18899500046
 06/06  01:00:00,287.769693246,0.0,0.0,0.0,24.9203635341,199.362908273,0.02,0.0,0.02
 06/06  02:00:00,287.769693259,0.0,0.0,0.0,24.9203635341,199.362908273,2.18911092039,0.0,2.18911092039
 06/06  03:00:00,287.76969345,0.0,0.0,0.0,24.9203635341,199.362908273,2.1887723219,0.0,2.1887723219
 06/06  04:00:00,299.991891227,0.0,0.0,0.0,24.9203635341,199.362908273,2.18908410775,0.0,2.18908410775
 06/06  05:00:00,349.357985006,0.0,0.0,0.0,49.8407270682,199.362908273,4.36230183412,0.0,4.36230183412
 06/06  06:00:00,844.96945673,33.8601994445,353.364538026,0.0,49.8407270682,199.362908273,55.28720231,53.0967316978,2.19047061223
 06/06  07:00:00,952.799185745,30.3148174886,349.167009759,0.0,149.522181205,199.362908273,39.1117405549,32.5547033658,6.55703718913
 06/06  08:00:00,1515.12558643,30.56355808,363.195558413,0.0,448.566543614,448.566543614,14.7315827108,1.57227186588,13.159310845
 06/06  09:00:00,1500.98782835,32.1075931988,385.99706098,0.0,448.566543614,448.566543614,13.4350262175,0.263929290303,13.1710969272
 06/06  10:00:00,1477.30458859,33.7377251835,407.879824566,0.0,448.566543614,448.566543614,13.1745289648,0.0,13.1745289648
 06/06  11:00:00,1492.78791299,34.7183343926,422.070718929,0.0,448.566543614,448.566543614,15.4121774222,0.0,15.4121774222
 06/06  12:00:00,1448.65179072,32.1964994453,430.292712827,0.0,448.566543614,398.725816546,22.0830710906,0.0,22.0830710906
 06/06  13:00:00,1517.14701946,36.7816799982,444.363374218,0.0,448.566543614,448.566543614,17.6501571925,0.0,17.6501571925
 06/06  14:00:00,1533.70212701,38.055000418,459.654052664,0.0,448.566543614,448.566543614,13.1536389848,0.0,13.1536389848
 06/06  15:00:00,1531.7281479,39.2167007182,456.518816396,0.0,448.566543614,448.566543614,10.9651989581,0.0,10.9651989581
 06/06  16:00:00,1573.00924244,42.6233960691,445.49953557,0.0,448.566543614,448.566543614,15.3959000754,0.0,15.3959000754
 06/06  17:00:00,1466.4201749,39.6877661576,454.70968871,0.0,348.885089477,398.725816546,8.75504564154,0.0,8.75504564154
 06/06  18:00:00,1280.22529264,34.7056366336,472.862069645,0.0,249.203635341,299.044362409,8.74100540768,0.0,8.74100540768
 06/06  19:00:00,1241.41674987,33.1990347692,460.007192988,0.0,249.203635341,299.044362409,4.37231797599,0.0,4.37231797599
 06/06  20:00:00,1079.1394012,30.5768185502,441.329684209,0.0,149.522181205,249.203635341,6.55196056197,0.0,6.55196056197
 06/06  21:00:00,1077.06181863,30.3148174886,422.052518705,0.0,149.522181205,249.203635341,3.5391827087,1.347966465,2.1912162437
 06/06  22:00:00,349.356650271,0.0,0.0,0.0,49.8407270682,199.362908273,2.18922288711,0.0,2.18922288711
 06/06  23:00:00,299.991891163,0.0,0.0,0.0,24.9203635341,199.362908273,2.18907430068,0.0,2.18907430068
 06/06  24:00:00,287.769693495,0.0,0.0,0.0,24.9203635341,199.362908273,2.18919401178,0.0,2.18919401178
 06/07  01:00:00,287.769690035,0.0,0.0,0.0,24.9203635341,199.362908273,2.18903886557,0.0,2.18903886557
 06/07  02:00:00,287.769690082,0.0,0.0,0.0,24.9203635341,199.362908273,2.18915298001,0.0,2.18915298001
 06/07  03:00:00,287.769690093,0.0,0.0,0.0,24.9203635341,199.362908273,2.18900006888,0.0,2.18900006888
 06/07  04:00:00,299.991887826,0.0,0.0,0.0,24.9203635341,199.362908273,2.18911388394,0.0,2.18911388394
 06/07  05:00:00,349.357978686,0.0,0.0,0.0,49.8407270682,199.362908273,2.19124061154,0.0,2.19124061154
 06/07  06:00:00,902.599064742,34.2922156439,410.593981399,0.0,49.8407270682,199.362908273,11.3131252458,9.12259137508,2.19053387069
 06/07  07:00:00,997.292178697,30.3148174886,395.391472051,0.0,149.522181205,199.362908273,12.8175230673,6.26048020765,6.55704285962
 06/07  08:00:00,1571.68983946,33.5168934566,416.715988514,0.0,448.566543614,448.566543614,13.1621799581,0.0,13.1621799581
 06/07  09:00:00,1573.64701846,37.7562573601,451.007145506,0.0,448.566543614,448.566543614,13.1731385928,0.0,13.1731385928
 06/07  10:00:00,1522.85286934,40.6866740524,446.170918586,0.0,448.566543614,448.566543614,13.1791787727,0.0,13.1791787727
 06/07  11:00:00,1517.45562782,41.6424617799,439.814344611,0.0,448.566543614,448.566543614,17.6097417219,0.0,17.6097417219
 06/07  12:00:00,1470.35691828,37.618137206,446.57624414,0.0,448.566543614,398.725816546,19.875952853,0.0,19.875952853
 06/07  13:00:00,1515.8851367,43.4847470653,436.398457306,0.0,448.566543614,448.566543614,17.649361299,0.0,17.649361299
 06/07  14:00:00,1513.01209871,44.9467107219,432.07234115,0.0,448.566543614,448.566543614,13.1569315648,0.0,13.1569315648
 06/07  15:00:00,1514.28074513,47.1010225854,431.187111352,0.0,448.566543614,448.566543614,10.9621549353,0.0,10.9621549353
 06/07  16:00:00,1563.29065387,51.4158154788,426.988560125,0.0,448.566543614,448.566543614,15.3947016373,0.0,15.3947016373
 06/07  17:00:00,1450.04044942,46.6967842098,431.320962583,0.0,348.885089477,398.725816546,8.75431536556,0.0,8.75431536556
 06/07  18:00:00,1255.42950352,38.4758768784,444.296054372,0.0,249.203635341,299.044362409,8.7407017413,0.0,8.7407017413
 06/07  19:00:00,1236.25058469,36.215749269,451.824322853,0.0,249.203635341,299.044362409,4.37170228578,0.0,4.37170228578
 06/07  20:00:00,1108.2678476,31.5631447968,469.471817629,0.0,149.522181205,249.203635341,6.5523447355,0.0,6.5523447355
 06/07  21:00:00,1139.83689513,30.3302958034,484.003771699,0.0,149.522181205,249.203635341,4.36231701986,0.0,4.36231701986
 06/07  22:00:00,349.356646992,0.0,0.0,0.0,49.8407270682,199.362908273,2.18894915867,0.0,2.18894915867
 06/07  23:00:00,424.381480273,1.23220662524,84.1605025708,0.0,24.9203635341,199.362908273,0.02,0.0,0.02
 06/07  24:00:00,287.769690002,0.0,0.0,0.0,24.9203635341,199.362908273,2.18906259605,0.0,2.18906259605
 06/08  01:00:00,287.769686674,0.0,0.0,0.0,24.9203635341,199.362908273,2.18916936592,0.0,2.18916936592
 06/08  02:00:00,287.7696867,0.0,0.0,0.0,24.9203635341,199.362908273,2.18901122149,0.0,2.18901122149
 06/08  03:00:00,287.769686737,0.0,0.0,0.0,24.9203635341,199.362908273,2.18911875831,0.0,2.18911875831
 06/08  04:00:00,299.991884609,0.0,0.0,0.0,24.9203635341,199.362908273,2.1889602155,0.0,2.1889602155
 06/08  05:00:00,349.357973559,0.0,0.0,0.0,49.8407270682,199.362908273,2.19119975435,0.0,2.19119975435
 06/08  06:00:00,925.780486572,35.75318944,432.321037398,0.0,49.8407270682,199.362908273,4.36096394716,0.0,4.36096394716
 06/08  07:00:00,1017.47568246,30.3245904693,413.857329731,0.0,149.522181205,199.362908273,6.55636009305,0.0,6.55636009305
 06/08  08:00:00,1599.3622408,39.1271517878,438.68622915,0.0,448.566543614,448.566543614,10.970606841,0.0,10.970606841
 06/08  09:00:00,1564.66109661,44.9787324527,434.798774212,0.0,448.566543614,448.566543614,13.1744338873,0.0,13.1744338873
 06/08  10:00:00,1510.73633233,47.9708696566,426.770212652,0.0,448.566543614,448.566543614,15.3718142965,0.0,15.3718142965
 06/08  11:00:00,1510.69025331,48.2091169164,426.48235306,0.0,448.566543614,448.566543614,15.4070425833,0.0,15.4070425833
 06/08  12:00:00,1466.08043968,42.6208061812,437.297132842,0.0,448.566543614,398.725816546,19.8698131258,0.0,19.8698131258
 06/08  13:00:00,1514.22520593,48.919482654,429.30382973,0.0,448.566543614,448.566543614,19.8527019533,0.0,19.8527019533
 06/08  14:00:00,1513.57561688,49.7092436212,427.873349292,0.0,448.566543614,448.566543614,10.9668231703,0.0,10.9668231703
 06/08  15:00:00,1512.75658944,52.1146254946,424.64937575,0.0,448.566543614,448.566543614,10.9618008898,0.0,10.9618008898
 06/08  16:00:00,1560.07632804,56.3229449181,418.86713503,0.0,448.566543614,448.566543614,15.3936953734,0.0,15.3936953734
 06/08  17:00:00,1449.05248216,50.0399620058,426.989835314,0.0,348.885089477,398.725816546,8.75379496137,0.0,8.75379496137
 06/08  18:00:00,1258.26836254,40.9350300702,444.675774435,0.0,249.203635341,299.044362409,8.74012813464,0.0,8.74012813464
 06/08  19:00:00,1239.72235981,38.0750880079,453.436769206,0.0,249.203635341,299.044362409,4.37141231464,0.0,4.37141231464
 06/08  20:00:00,1109.81418186,32.2567103581,470.324598007,0.0,149.522181205,249.203635341,6.55183849939,0.0,6.55183849939
 06/08  21:00:00,1107.30578543,30.3521285661,451.450834822,0.0,149.522181205,249.203635341,4.36199983764,0.0,4.36199983764
 06/08  22:00:00,349.356643561,0.0,0.0,0.0,49.8407270682,199.362908273,0.02,0.0,0.02
 06/08  23:00:00,299.991884425,0.0,0.0,0.0,24.9203635341,199.362908273,2.18905652401,0.0,2.18905652401
 06/08  24:00:00,287.769686741,0.0,0.0,0.0,24.9203635341,199.362908273,2.18916331959,0.0,2.18916331959
 06/09  01:00:00,287.769683323,0.0,0.0,0.0,24.9203635341,199.362908273,2.18899800272,0.0,2.18899800272
 06/09  02:00:00,287.769683354,0.0,0.0,0.0,24.9203635341,199.362908273,2.18909937397,0.0,2.18909937397
 06/09  03:00:00,287.769683441,0.0,0.0,0.0,24.9203635341,199.362908273,2.1889354928,0.0,2.1889354928
 06/09  04:00:00,299.991881136,0.0,0.0,0.0,24.9203635341,199.362908273,2.18903659078,0.0,2.18903659078
 06/09  05:00:00,349.357967937,0.0,0.0,0.0,49.8407270682,199.362908273,2.19099569657,0.0,2.19099569657
 06/09  06:00:00,961.910004773,36.5580262858,467.64572308,0.0,49.8407270682,199.362908273,2.19099437285,0.000723685848957,2.190270687
 06/09  07:00:00,1089.56452933,30.3608681741,485.909910613,0.0,149.522181205,199.362908273,8.73461892883,0.0,8.73461892883
 06/09  08:00:00,1607.46609651,41.3792253649,444.538040401,0.0,448.566543614,448.566543614,10.9708552523,0.0,10.9708552523
 06/09  09:00:00,1559.85934664,46.5171318277,428.458652307,0.0,448.566543614,448.566543614,13.1720491052,0.0,13.1720491052
 06/09  10:00:00,1511.26394035,48.8530487823,426.415669874,0.0,448.566543614,448.566543614,13.1775314865,0.0,13.1775314865
 06/09  11:00:00,1512.00990477,49.1325612915,426.878583133,0.0,448.566543614,448.566543614,17.6064947236,0.0,17.6064947236
 06/09  12:00:00,1463.79241012,42.9581334149,434.671820039,0.0,448.566543614,398.725816546,19.870631304,0.0,19.870631304
 06/09  13:00:00,1514.87286149,49.0302592546,429.840743616,0.0,448.566543614,448.566543614,17.6464613635,0.0,17.6464613635
 06/09  14:00:00,1515.65251235,50.1131374942,429.546372057,0.0,448.566543614,448.566543614,13.1529242821,0.0,13.1529242821
 06/09  15:00:00,1517.75164601,52.5582602476,429.200824208,0.0,448.566543614,448.566543614,10.9616279784,0.0,10.9616279784
 06/09  16:00:00,1568.87444907,56.5297800547,427.458444056,0.0,448.566543614,448.566543614,15.3928108817,0.0,15.3928108817
 06/09  17:00:00,1452.3092595,50.3492894821,429.937304869,0.0,348.885089477,398.725816546,8.75340955974,0.0,8.75340955974
 06/09  18:00:00,1252.94317886,40.4008042623,439.884830924,0.0,249.203635341,299.044362409,6.55981470501,0.0,6.55981470501
 06/09  19:00:00,1232.40565944,36.6907675816,447.504399496,0.0,249.203635341,299.044362409,6.54759355511,0.0,6.54759355511
 06/09  20:00:00,1098.59725641,31.5076352396,459.856759112,0.0,149.522181205,249.203635341,6.55205721422,0.0,6.55205721422
 06/09  21:00:00,1119.16873864,30.4994970503,463.166425681,0.0,149.522181205,249.203635341,2.1911407966,0.0,2.1911407966
 06/09  22:00:00,406.397490039,0.410735541745,43.6311322481,0.0,49.8407270682,199.362908273,2.18914635517,0.0,2.18914635517
 06/09  23:00:00,681.30238109,12.9547195406,304.267667963,0.0,24.9203635341,199.362908273,2.18911482742,0.0,2.18911482742
 06/09  24:00:00,287.769683396,0.0,0.0,0.0,24.9203635341,199.362908273,2.18894925256,0.0,2.18894925256
 06/10  01:00:00,237.928952785,0.0,0.0,0.0,24.9203635341,149.522181205,2.18904115514,0.0,2.18904115514
 06/10  02:00:00,237.928952748,0.0,0.0,0.0,24.9203635341,149.522181205,2.18913594297,0.0,2.18913594297
 06/10  03:00:00,237.928952584,0.0,0.0,0.0,24.9203635341,149.522181205,2.18896661483,0.0,2.18896661483
 06/10  04:00:00,250.151150364,0.0,0.0,0.0,24.9203635341,149.522181205,0.02,0.0,0.02
 06/10  05:00:00,274.596872444,0.0,0.0,0.0,24.9203635341,149.522181205,4.3621799737,0.0,4.3621799737
 06/10  06:00:00,972.837818665,37.5425189907,477.588416299,0.0,49.8407270682,199.362908273,3.06646301187,0.876034429945,2.19042858193
 06/10  07:00:00,990.271217487,30.3148174886,486.34765287,0.0,49.8407270682,199.362908273,4.36603333255,0.0,4.36603333255
 06/10  08:00:00,1233.77576646,30.337086917,480.624529031,0.0,249.203635341,249.203635341,4.37128969066,0.0,4.37128969066
 06/10  09:00:00,1188.80473648,30.7981518548,471.856375503,0.0,249.203635341,249.203635341,8.73990822401,0.0,8.73990822401
 06/10  10:00:00,1129.38162353,31.7148793666,460.406211116,0.0,249.203635341,249.203635341,6.55581631039,0.0,6.55581631039
 06/10  11:00:00,1124.4611128,32.6703311293,454.528478631,0.0,249.203635341,249.203635341,8.74499134936,0.0,8.74499134936
 06/10  12:00:00,1123.15812995,33.3283817237,452.568772684,0.0,249.203635341,249.203635341,6.55723006514,0.0,6.55723006514
 06/10  13:00:00,1122.59523954,33.9615868931,451.373119228,0.0,249.203635341,249.203635341,6.55598683846,0.0,6.55598683846
 06/10  14:00:00,875.323832046,33.0729624108,454.195738799,0.0,74.7610906023,174.442544739,4.37193209986,0.0,4.37193209986
 06/10  15:00:00,875.425764386,32.8817739048,454.48974396,0.0,74.7610906023,174.442544739,4.36902850262,0.0,4.36902850262
 06/10  16:00:00,923.963448299,33.89582968,453.124138895,0.0,74.7610906023,174.442544739,6.5457173527,0.0,6.5457173527
 06/10  17:00:00,888.16969062,33.8641613238,455.45964147,0.0,24.9203635341,149.522181205,2.19035402996,0.0,2.19035402996
 06/10  18:00:00,817.017230271,22.2729357816,419.888954948,0.0,24.9203635341,149.522181205,2.19037766166,0.0,2.19037766166
 06/10  19:00:00,728.457675402,19.4713088764,368.644297497,0.0,24.9203635341,149.522181205,2.19054637241,0.0,2.19054637241
 06/10  20:00:00,846.51481612,23.9538321752,456.645536046,0.0,24.9203635341,149.522181205,4.36109246062,0.0,4.36109246062
 06/10  21:00:00,511.848727197,5.8717131599,157.408207352,0.0,24.9203635341,149.522181205,2.19179698912,0.0,2.19179698912
 06/10  22:00:00,624.870901024,12.338616228,280.448567227,0.0,24.9203635341,149.522181205,2.18910533826,0.0,2.18910533826
 06/10  23:00:00,327.643950057,0.821471083491,50.6734228251,0.0,24.9203635341,149.522181205,2.18914718443,0.0,2.18914718443
 06/10  24:00:00,237.928952842,0.0,0.0,0.0,24.9203635341,149.522181205,2.18902886156,0.0,2.18902886156
 06/11  01:00:00,237.928508059,0.0,0.0,0.0,24.9203635341,149.522181205,2.18845008653,0.0,2.18845008653
 06/11  02:00:00,237.928507489,0.0,0.0,0.0,24.9203635341,149.522181205,0.02,0.0,0.02
 06/11  03:00:00,237.928508069,0.0,0.0,0.0,24.9203635341,149.522181205,2.18843717543,0.0,2.18843717543
 06/11  04:00:00,250.150706153,0.0,0.0,0.0,24.9203635341,149.522181205,2.18842400102,0.0,2.18842400102
 06/11  05:00:00,274.596425264,0.0,0.0,0.0,24.9203635341,149.522181205,2.19048196059,0.0,2.19048196059
 06/11  06:00:00,280.765559581,0.0,0.0,0.0,24.9203635341,149.522181205,2.18834805107,0.0,2.18834805107
 06/11  07:00:00,296.666288074,0.0,0.0,0.0,24.9203635341,149.522181205,2.18833445277,0.0,2.18833445277
 06/11  08:00:00,296.666287812,0.0,0.0,0.0,24.9203635341,149.522181205,0.02,0.0,0.02
 06/11  09:00:00,259.999695012,0.0,0.0,0.0,24.9203635341,149.522181205,2.18832081686,0.0,2.18832081686
 06/11  10:00:00,521.978867536,12.5439839989,247.234844043,0.0,24.9203635341,149.522181205,2.18843834605,0.0,2.18843834605
 06/11  11:00:00,520.334821331,5.22617183965,225.431544129,0.0,24.9203635341,149.522181205,2.18983790619,0.0,2.18983790619
 06/11  12:00:00,533.964565991,9.15674471329,245.839325252,0.0,24.9203635341,149.522181205,2.1897826758,0.0,2.1897826758
 06/11  13:00:00,532.013437112,13.9722009164,255.838990632,0.0,24.9203635341,149.522181205,2.19178534952,0.0,2.19178534952
 06/11  14:00:00,525.321129605,13.413961597,250.77577302,0.0,24.9203635341,149.522181205,2.18984274375,0.0,2.18984274375
 06/11  15:00:00,737.074150725,20.5180245088,417.174049114,0.0,24.9203635341,149.522181205,2.18842133499,0.0,2.18842133499
 06/11  16:00:00,789.219389796,19.8018295137,415.386095342,0.0,24.9203635341,149.522181205,2.1884509879,0.0,2.1884509879
 06/11  17:00:00,884.131669743,24.2096465569,465.1639032,0.0,24.9203635341,149.522181205,2.18843722512,0.0,2.18843722512
 06/11  18:00:00,794.306853936,20.3339884683,383.322564148,0.0,24.9203635341,149.522181205,0.02,0.0,0.02
 06/11  19:00:00,831.01204306,24.3131924347,436.4024161,0.0,24.9203635341,149.522181205,2.18842345794,0.0,2.18842345794
 06/11  20:00:00,756.442772171,19.8348989128,361.883672666,0.0,24.9203635341,149.522181205,2.18845299697,0.0,2.18845299697
 06/11  21:00:00,723.906726733,18.094430471,330.150066115,0.0,24.9203635341,149.522181205,2.19046314962,0.0,2.19046314962
 06/11  22:00:00,553.268175251,9.45795077723,205.39011622,0.0,24.9203635341,149.522181205,2.18841978764,0.0,2.18841978764
 06/11  23:00:00,552.687969115,10.5937174137,226.532875582,0.0,24.9203635341,149.522181205,2.18844933122,0.0,2.18844933122
 06/11  24:00:00,302.594636659,0.77944522284,37.9348002229,0.0,24.9203635341,149.522181205,0.02,0.0,0.02
 06/12  01:00:00,287.769672999,0.0,0.0,0.0,24.9203635341,199.362908273,2.18895264716,0.0,2.18895264716
 06/12  02:00:00,287.769673105,0.0,0.0,0.0,24.9203635341,199.362908273,2.18903524825,0.0,2.18903524825
 06/12  03:00:00,287.769673252,0.0,0.0,0.0,24.9203635341,199.362908273,2.18911742651,0.0,2.18911742651
 06/12  04:00:00,299.991871068,0.0,0.0,0.0,24.9203635341,199.362908273,2.18893737819,0.0,2.18893737819
 06/12  05:00:00,349.357951947,0.0,0.0,0.0,49.8407270682,199.362908273,2.19111774198,0.0,2.19111774198
 06/12  06:00:00,929.287201383,34.5286504868,437.051087885,0.0,49.8407270682,199.362908273,6.04927162861,1.68852371319,4.36074791541
 06/12  07:00:00,1042.62751074,30.3148174886,439.018981703,0.0,149.522181205,199.362908273,6.55591175586,0.0,6.55591175586
 06/12  08:00:00,1622.58140722,34.0915438871,466.941102324,0.0,448.566543614,448.566543614,10.9692716929,0.0,10.9692716929
 06/12  09:00:00,1566.91937623,39.1994282755,442.836463313,0.0,448.566543614,448.566543614,13.1697142559,0.0,13.1697142559
 06/12  10:00:00,1511.04311133,42.1089236709,432.939047836,0.0,448.566543614,448.566543614,13.1743765004,0.0,13.1743765004
 06/12  11:00:00,1515.21985901,43.0056435065,436.215546446,0.0,448.566543614,448.566543614,17.6052075873,0.0,17.6052075873
 06/12  12:00:00,1467.81051252,38.7961145722,442.852053282,0.0,448.566543614,398.725816546,17.6598047776,0.0,17.6598047776
 06/12  13:00:00,1519.00854323,44.8441666221,438.162628053,0.0,448.566543614,448.566543614,19.8478567877,0.0,19.8478567877
 06/12  14:00:00,1518.83097251,46.5549616113,436.283074203,0.0,448.566543614,448.566543614,10.9638988518,0.0,10.9638988518
 06/12  15:00:00,1522.51114414,50.6244089525,435.996442415,0.0,448.566543614,448.566543614,10.9598838958,0.0,10.9598838958
 06/12  16:00:00,1573.9905072,55.3580877374,434.150592949,0.0,448.566543614,448.566543614,15.3891647131,0.0,15.3891647131
 06/12  17:00:00,1454.37122423,47.6911779155,434.657431562,0.0,348.885089477,398.725816546,8.75259801882,0.0,8.75259801882
 06/12  18:00:00,1254.54101038,36.8386932409,445.044815213,0.0,249.203635341,299.044362409,8.73872006392,0.0,8.73872006392
 06/12  19:00:00,1233.00118923,34.1749735636,450.615754223,0.0,249.203635341,299.044362409,4.37140923556,0.0,4.37140923556
 06/12  20:00:00,1094.98027487,31.9300980821,455.817347164,0.0,149.522181205,249.203635341,6.55129787963,0.0,6.55129787963
 06/12  21:00:00,1119.84599389,30.8190177203,463.524176905,0.0,149.522181205,249.203635341,2.19106223668,0.0,2.19106223668
 06/12  22:00:00,450.980936226,0.821471083491,74.8048897533,0.0,49.8407270682,199.362908273,2.18907925437,0.0,2.18907925437
 06/12  23:00:00,344.587646422,0.410735541745,31.1860719677,0.0,24.9203635341,199.362908273,2.18910871829,0.0,2.18910871829
 06/12  24:00:00,287.76967318,0.0,0.0,0.0,24.9203635341,199.362908273,2.18897935313,0.0,2.18897935313
 06/13  01:00:00,406.911278292,1.23220662524,78.9150082495,0.0,24.9203635341,199.362908273,2.18905430494,0.0,2.18905430494
 06/13  02:00:00,287.769669911,0.0,0.0,0.0,24.9203635341,199.362908273,2.18912945604,0.0,2.18912945604
 06/13  03:00:00,287.769669766,0.0,0.0,0.0,24.9203635341,199.362908273,2.1889442664,0.0,2.1889442664
 06/13  04:00:00,402.280588664,1.23220662524,62.1337416752,0.0,24.9203635341,199.362908273,2.18902122302,0.0,2.18902122302
 06/13  05:00:00,349.357946631,0.0,0.0,0.0,49.8407270682,199.362908273,2.19119629389,0.0,2.19119629389
 06/13  06:00:00,930.850787453,37.5886020013,435.555907592,0.0,49.8407270682,199.362908273,2.24923946052,0.0588160437847,2.19042341674
 06/13  07:00:00,1071.92546539,30.3836474641,468.248119244,0.0,149.522181205,199.362908273,6.5547997161,0.0,6.5547997161
 06/13  08:00:00,1603.65341875,40.4693841109,441.635298956,0.0,448.566543614,448.566543614,13.1548569254,0.0,13.1548569254
 06/13  09:00:00,1560.45881338,45.410877333,430.164467344,0.0,448.566543614,448.566543614,13.1642677142,0.0,13.1642677142
 06/13  10:00:00,1512.71886849,49.8316515855,426.892105439,0.0,448.566543614,448.566543614,13.1686029956,0.0,13.1686029956
 06/13  11:00:00,1515.80114361,51.0079253281,428.794586545,0.0,448.566543614,448.566543614,15.4040252143,0.0,15.4040252143
 06/13  12:00:00,1464.09215232,44.668724232,433.261119629,0.0,448.566543614,398.725816546,19.865607688,0.0,19.865607688
 06/13  13:00:00,1516.29945789,51.5865995308,428.711146258,0.0,448.566543614,448.566543614,17.6427190596,0.0,17.6427190596
 06/13  14:00:00,1515.26350574,53.0575855349,426.213007173,0.0,448.566543614,448.566543614,13.1503284495,0.0,13.1503284495
 06/13  15:00:00,1515.59526696,55.0175293024,424.585266583,0.0,448.566543614,448.566543614,10.9602995488,0.0,10.9602995488
 06/13  16:00:00,1562.5213995,58.9827564969,418.652533691,0.0,448.566543614,448.566543614,15.3909814299,0.0,15.3909814299
 06/13  17:00:00,1448.90329731,51.7665860203,425.114118234,0.0,348.885089477,398.725816546,8.75263236367,0.0,8.75263236367
 06/13  18:00:00,1255.40851132,41.2555645314,441.49545846,0.0,249.203635341,299.044362409,6.55928053448,0.0,6.55928053448
 06/13  19:00:00,1241.83696826,37.5864492457,456.040067295,0.0,249.203635341,299.044362409,6.54717868184,0.0,6.54717868184
 06/13  20:00:00,1096.58643441,32.0415491867,457.312068778,0.0,149.522181205,249.203635341,4.37455995263,0.0,4.37455995263
 06/13  21:00:00,1099.60490159,30.4119498999,443.690156523,0.0,149.522181205,249.203635341,4.3622315639,0.0,4.3622315639
 06/13  22:00:00,349.356626521,0.0,0.0,0.0,49.8407270682,199.362908273,2.18890322005,0.0,2.18890322005
 06/13  23:00:00,299.991867382,0.0,0.0,0.0,24.9203635341,199.362908273,0.02,0.0,0.02
 06/13  24:00:00,287.769669651,0.0,0.0,0.0,24.9203635341,199.362908273,2.18897886402,0.0,2.18897886402
 06/14  01:00:00,287.769666472,0.0,0.0,0.0,24.9203635341,199.362908273,2.18904819486,0.0,2.18904819486
 06/14  02:00:00,287.769666651,0.0,0.0,0.0,24.9203635341,199.362908273,2.18911831801,0.0,2.18911831801
 06/14  03:00:00,287.769666622,0.0,0.0,0.0,24.9203635341,199.362908273,2.18892799329,0.0,2.18892799329
 06/14  04:00:00,299.991864412,0.0,0.0,0.0,24.9203635341,199.362908273,2.18899794391,0.0,2.18899794391
 06/14  05:00:00,349.357941158,0.0,0.0,0.0,49.8407270682,199.362908273,2.19088878994,0.0,2.19088878994
 06/14  06:00:00,890.725927614,35.353913351,397.665664715,0.0,49.8407270682,199.362908273,2.35370936178,0.163330132008,2.19037922977
 06/14  07:00:00,964.054602066,30.3148174886,362.660650672,0.0,149.522181205,199.362908273,7.17482883114,0.618676749858,6.55615208128
 06/14  08:00:00,1544.65075047,39.532798479,384.205613727,0.0,448.566543614,448.566543614,13.157239957,0.0,13.157239957
 06/14  09:00:00,1542.0213493,44.1998198564,413.353018502,0.0,448.566543614,448.566543614,13.1661968465,0.0,13.1661968465
 06/14  10:00:00,1514.62795479,46.3115917446,432.364053205,0.0,448.566543614,448.566543614,13.170311642,0.0,13.170311642
 06/14  11:00:00,1517.74436319,45.9117744935,435.833983411,0.0,448.566543614,448.566543614,15.4033455117,0.0,15.4033455117
 06/14  12:00:00,1475.67507305,39.7896196389,449.72318124,0.0,448.566543614,398.725816546,19.8614394605,0.0,19.8614394605
 06/14  13:00:00,1515.30304096,45.5468982502,433.754466028,0.0,448.566543614,448.566543614,17.6408535238,0.0,17.6408535238
 06/14  14:00:00,1508.34749098,47.0100097456,425.34459293,0.0,448.566543614,448.566543614,13.1508623527,0.0,13.1508623527
 06/14  15:00:00,1504.07740001,48.3243741557,419.760574769,0.0,448.566543614,448.566543614,10.9590317092,0.0,10.9590317092
 06/14  16:00:00,1545.18983197,52.2239144063,408.079836844,0.0,448.566543614,448.566543614,15.3888167829,0.0,15.3888167829
 06/14  17:00:00,1432.4781884,46.1348361533,414.320776765,0.0,348.885089477,398.725816546,8.75262534344,0.0,8.75262534344
 06/14  18:00:00,1242.71687371,37.61485936,432.444540102,0.0,249.203635341,299.044362409,6.55924472452,0.0,6.55924472452
 06/14  19:00:00,1221.47967099,35.1866833234,438.082545905,0.0,249.203635341,299.044362409,6.54641499356,0.0,6.54641499356
 06/14  20:00:00,1054.67742633,30.8551776465,417.819266897,0.0,149.522181205,249.203635341,4.37448552867,0.0,4.37448552867
 06/14  21:00:00,1041.82848625,30.3148174886,390.299515658,0.0,149.522181205,249.203635341,4.36217913755,0.0,4.36217913755
 06/14  22:00:00,349.356623221,0.0,0.0,0.0,49.8407270682,199.362908273,2.18887653962,0.0,2.18887653962
 06/14  23:00:00,299.991864079,0.0,0.0,0.0,24.9203635341,199.362908273,0.02,0.0,0.02
 06/14  24:00:00,287.769666367,0.0,0.0,0.0,24.9203635341,199.362908273,2.18894614486,0.0,2.18894614486
 06/15  01:00:00,287.769663195,0.0,0.0,0.0,24.9203635341,199.362908273,2.18900951017,0.0,2.18900951017
 06/15  02:00:00,287.769663348,0.0,0.0,0.0,24.9203635341,199.362908273,2.18907368228,0.0,2.18907368228
 06/15  03:00:00,287.769663396,0.0,0.0,0.0,24.9203635341,199.362908273,2.18887818368,0.0,2.18887818368
 06/15  04:00:00,299.991861135,0.0,0.0,0.0,24.9203635341,199.362908273,2.18894220833,0.0,2.18894220833
 06/15  05:00:00,349.357935948,0.0,0.0,0.0,49.8407270682,199.362908273,2.19081976769,0.0,2.19081976769
 06/15  06:00:00,873.261985486,35.2187982713,380.334689494,0.0,49.8407270682,199.362908273,5.32768755069,3.13771174323,2.18997580746
 06/15  07:00:00,980.038360657,30.3148174886,376.428048066,0.0,149.522181205,199.362908273,9.0718461644,2.51605339566,6.55579276874
 06/15  08:00:00,1560.85173787,37.0474805371,402.255569941,0.0,448.566543614,448.566543614,13.1560987789,0.0,13.1560987789
 06/15  09:00:00,1560.72570779,43.7232321811,432.119060934,0.0,448.566543614,448.566543614,13.1647971949,0.0,13.1647971949
 06/15  10:00:00,1510.41668334,47.0674018897,427.35421995,0.0,448.566543614,448.566543614,13.1686461463,0.0,13.1686461463
 06/15  11:00:00,1507.96101715,47.8736059563,424.088837978,0.0,448.566543614,448.566543614,15.4031360912,0.0,15.4031360912
 06/15  12:00:00,1461.71743446,42.4031522911,433.152048626,0.0,448.566543614,398.725816546,19.8629555304,0.0,19.8629555304
 06/15  13:00:00,1509.81002908,49.2103068796,424.598081399,0.0,448.566543614,448.566543614,17.6395735914,0.0,17.6395735914
 06/15  14:00:00,1509.76684951,50.5695202857,423.204457966,0.0,448.566543614,448.566543614,10.9605906231,0.0,10.9605906231
 06/15  15:00:00,1511.45841614,53.8783344222,421.587655083,0.0,448.566543614,448.566543614,13.1464634101,0.0,13.1464634101
 06/15  16:00:00,1561.10858064,57.9991179448,418.223416947,0.0,448.566543614,448.566543614,13.1910249787,0.0,13.1910249787
 06/15  17:00:00,1446.82997486,51.7596050636,423.047806521,0.0,348.885089477,398.725816546,8.75274636256,0.0,8.75274636256
 06/15  18:00:00,1251.63525808,41.9859604411,436.991838348,0.0,249.203635341,299.044362409,8.73870612789,0.0,8.73870612789
 06/15  19:00:00,1236.16670882,37.5303525343,450.425924399,0.0,249.203635341,299.044362409,4.37137710493,0.0,4.37137710493
 06/15  20:00:00,1119.45462744,31.5896908878,480.632140626,0.0,149.522181205,249.203635341,6.55065898043,0.0,6.55065898043
 06/15  21:00:00,1142.96284551,30.3265644634,487.133497602,0.0,149.522181205,249.203635341,2.19101354795,0.0,2.19101354795
 06/15  22:00:00,349.356620093,0.0,0.0,0.0,49.8407270682,199.362908273,2.18903523114,0.0,2.18903523114
 06/15  23:00:00,299.991861104,0.0,0.0,0.0,24.9203635341,199.362908273,2.1890973898,0.0,2.1890973898
 06/15  24:00:00,287.769663305,0.0,0.0,0.0,24.9203635341,199.362908273,2.18890141173,0.0,2.18890141173
 06/16  01:00:00,287.769660005,0.0,0.0,0.0,24.9203635341,199.362908273,2.18895745645,0.0,2.18895745645
 06/16  02:00:00,287.769659984,0.0,0.0,0.0,24.9203635341,199.362908273,2.18901568436,0.0,2.18901568436
 06/16  03:00:00,287.769659934,0.0,0.0,0.0,24.9203635341,199.362908273,2.18907360702,0.0,2.18907360702
 06/16  04:00:00,299.991857512,0.0,0.0,0.0,24.9203635341,199.362908273,2.18887287793,0.0,2.18887287793
 06/16  05:00:00,349.35793098,0.0,0.0,0.0,49.8407270682,199.362908273,2.19100591084,0.0,2.19100591084
 06/16  06:00:00,913.150562569,35.5027985077,419.941467984,0.0,49.8407270682,199.362908273,2.29351408245,0.103117553807,2.19039652864
 06/16  07:00:00,985.539142834,30.3148174886,383.584748548,0.0,149.522181205,199.362908273,7.21010264855,0.655829700054,6.5542729485
 06/16  08:00:00,1547.72319728,36.7251607003,389.69749859,0.0,448.566543614,448.566543614,13.1539379542,0.0,13.1539379542
 06/16  09:00:00,1537.1103249,41.5997663589,410.627164811,0.0,448.566543614,448.566543614,10.9789867733,0.0,10.9789867733
 06/16  10:00:00,1496.83729918,44.3192482118,416.523015316,0.0,448.566543614,448.566543614,13.1746181462,0.0,13.1746181462
 06/16  11:00:00,1493.74814652,44.3287305686,413.420879375,0.0,448.566543614,448.566543614,17.6010606493,0.0,17.6010606493
 06/16  12:00:00,1437.73108471,38.7372643522,412.831627852,0.0,448.566543614,398.725816546,17.6551922973,0.0,17.6551922973
 06/16  13:00:00,1503.14155632,44.1023288222,423.037620412,0.0,448.566543614,448.566543614,19.8426311608,0.0,19.8426311608
 06/16  14:00:00,1508.0704664,45.1916561589,426.885966601,0.0,448.566543614,448.566543614,10.9618580072,0.0,10.9618580072
 06/16  15:00:00,1507.40504018,45.71782979,425.694801043,0.0,448.566543614,448.566543614,10.9587713773,0.0,10.9587713773
 06/16  16:00:00,1551.21829642,49.3027579375,417.02951887,0.0,448.566543614,448.566543614,15.3875496263,0.0,15.3875496263
 06/16  17:00:00,1441.60164991,44.9852266292,424.593879658,0.0,348.885089477,398.725816546,8.75090238293,0.0,8.75090238293
 06/16  18:00:00,1236.33683393,34.8719060583,428.807481896,0.0,249.203635341,299.044362409,6.55860540399,0.0,6.55860540399
 06/16  19:00:00,1192.09757797,31.5051032604,412.382052942,0.0,249.203635341,299.044362409,6.54674536897,0.0,6.54674536897
 06/16  20:00:00,1040.3166102,30.317298901,402.766527192,0.0,149.522181205,249.203635341,4.37381464693,0.0,4.37381464693
 06/16  21:00:00,1047.21160427,30.3148174886,391.394007482,0.0,149.522181205,249.203635341,4.36195863289,0.0,4.36195863289
 06/16  22:00:00,349.356616625,0.0,0.0,0.0,49.8407270682,199.362908273,2.18896192286,0.0,2.18896192286
 06/16  23:00:00,299.991857452,0.0,0.0,0.0,24.9203635341,199.362908273,0.02,0.0,0.02
 06/16  24:00:00,287.7696597,0.0,0.0,0.0,24.9203635341,199.362908273,2.1890193956,0.0,2.1890193956
 06/17  01:00:00,237.928929615,0.0,0.0,0.0,24.9203635341,149.522181205,2.1890708027,0.0,2.1890708027
 06/17  02:00:00,237.92892972,0.0,0.0,0.0,24.9203635341,149.522181205,2.18886544823,0.0,2.18886544823
 06/17  03:00:00,237.928929764,0.0,0.0,0.0,24.9203635341,149.522181205,2.18891783458,0.0,2.18891783458
 06/17  04:00:00,250.151127584,0.0,0.0,0.0,24.9203635341,149.522181205,2.18896995675,0.0,2.18896995675
 06/17  05:00:00,274.596834921,0.0,0.0,0.0,24.9203635341,149.522181205,2.19082165953,0.0,2.19082165953
 06/17  06:00:00,881.329189411,34.3516171629,389.268792657,0.0,49.8407270682,199.362908273,5.73010729938,3.53980715635,2.19030014303
 06/17  07:00:00,891.663164274,30.3148174886,387.733343371,0.0,49.8407270682,199.362908273,13.0815635821,8.71571996324,4.36584361881
 06/17  08:00:00,1147.59963868,30.3148174886,395.547523109,0.0,249.203635341,249.203635341,8.30258585273,1.75606194889,6.54652390384
 06/17  09:00:00,1117.41039239,30.3148174886,402.154562289,0.0,249.203635341,249.203635341,8.33821947337,1.77939473842,6.55882473496
 06/17  10:00:00,1072.0175093,30.3148174886,404.441104454,0.0,249.203635341,249.203635341,8.13148563582,1.57593645328,6.55554918254
 06/17  11:00:00,1068.25702739,30.3148174886,400.677731216,0.0,249.203635341,249.203635341,11.8969813923,3.15434773002,8.74263366231
 06/17  12:00:00,1066.65431711,30.3148174886,399.286180017,0.0,249.203635341,249.203635341,8.66622087335,2.11025011962,6.55597075373
 06/17  13:00:00,1067.79139817,30.3148174886,401.37952249,0.0,249.203635341,249.203635341,7.4862302726,0.931874888209,6.55435538439
 06/17  14:00:00,819.653581715,30.3148174886,403.198583968,0.0,74.7610906023,174.442544739,14.4737913497,10.1030413704,4.37074997936
 06/17  15:00:00,822.102423405,30.3148174886,404.462622692,0.0,74.7610906023,174.442544739,20.3232534752,15.9550572691,4.36819620602
 06/17  16:00:00,865.871353593,30.3148174886,398.601299177,0.0,74.7610906023,174.442544739,20.7110467981,16.3414278901,4.36961890795
 06/17  17:00:00,830.650093684,30.3148174886,401.677636314,0.0,24.9203635341,149.522181205,44.4475597617,40.0868635964,4.36069616533
 06/17  18:00:00,296.667584739,0.0,0.0,0.0,24.9203635341,149.522181205,2.19032147832,0.0,2.19032147832
 06/17  19:00:00,272.223188777,0.0,0.0,0.0,24.9203635341,149.522181205,2.19030093631,0.0,2.19030093631
 06/17  20:00:00,280.766855526,0.0,0.0,0.0,24.9203635341,149.522181205,2.19028210524,0.0,2.19028210524
 06/17  21:00:00,299.04166909,0.0,0.0,0.0,24.9203635341,149.522181205,4.36342881059,0.0,4.36342881059
 06/17  22:00:00,274.595522943,0.0,0.0,0.0,24.9203635341,149.522181205,2.18894866985,0.0,2.18894866985
 06/17  23:00:00,250.151127234,0.0,0.0,0.0,24.9203635341,149.522181205,0.02,0.0,0.02
 06/17  24:00:00,237.928929469,0.0,0.0,0.0,24.9203635341,149.522181205,2.18900031787,0.0,2.18900031787
 06/18  01:00:00,237.928489818,0.0,0.0,0.0,24.9203635341,149.522181205,2.18832111803,0.0,2.18832111803
 06/18  02:00:00,237.928490036,0.0,0.0,0.0,24.9203635341,149.522181205,2.18827007458,0.0,2.18827007458
 06/18  03:00:00,237.928489495,0.0,0.0,0.0,24.9203635341,149.522181205,2.18821874687,0.0,2.18821874687
 06/18  04:00:00,250.150687121,0.0,0.0,0.0,24.9203635341,149.522181205,0.02,0.0,0.02
 06/18  05:00:00,274.596393646,0.0,0.0,0.0,24.9203635341,149.522181205,2.19034031175,0.0,2.19034031175
 06/18  06:00:00,280.765540928,0.0,0.0,0.0,24.9203635341,149.522181205,2.188276677,0.0,2.188276677
 06/18  07:00:00,296.666270377,0.0,0.0,0.0,24.9203635341,149.522181205,2.18833157509,0.0,2.18833157509
 06/18  08:00:00,296.66627011,0.0,0.0,0.0,24.9203635341,149.522181205,2.1880364784,0.0,2.1880364784
 06/18  09:00:00,495.328706966,11.6846498304,174.658702844,0.0,24.9203635341,149.522181205,0.02,0.0,0.02
 06/18  10:00:00,639.326681316,22.0326408837,315.56743822,0.0,24.9203635341,149.522181205,2.18833384794,0.0,2.18833384794
 06/18  11:00:00,522.028001777,14.962333098,227.461868833,0.0,24.9203635341,149.522181205,2.1897075164,0.0,2.1897075164
 06/18  12:00:00,425.493528213,10.1110403809,162.930829666,0.0,24.9203635341,149.522181205,2.18966182671,0.0,2.18966182671
 06/18  13:00:00,386.63649734,8.08883230475,133.952681385,0.0,24.9203635341,149.522181205,4.3631656226,0.0,4.3631656226
 06/18  14:00:00,463.202428175,8.46870907166,181.37615547,0.0,24.9203635341,149.522181205,2.18972109907,0.0,2.18972109907
 06/18  15:00:00,445.873152957,9.09465822879,172.188170784,0.0,24.9203635341,149.522181205,0.02,0.0,0.02
 06/18  16:00:00,496.638532341,10.6271517868,177.612880193,0.0,24.9203635341,149.522181205,2.18832622726,0.0,2.18832622726
 06/18  17:00:00,296.666270316,0.0,0.0,0.0,24.9203635341,149.522181205,2.18834404225,0.0,2.18834404225
 06/18  18:00:00,626.730395045,12.5987645348,229.866525852,0.0,24.9203635341,149.522181205,2.18837761638,0.0,2.18837761638
 06/18  19:00:00,725.987488559,21.0010832737,336.82345966,0.0,24.9203635341,149.522181205,0.02,0.0,0.02
 06/18  20:00:00,622.474874591,14.7073422106,249.431299766,0.0,24.9203635341,149.522181205,2.18836795283,0.0,2.18836795283
 06/18  21:00:00,299.040788854,0.0,0.0,0.0,24.9203635341,149.522181205,2.19028002939,0.0,2.19028002939
 06/18  22:00:00,274.595083457,0.0,0.0,0.0,24.9203635341,149.522181205,2.18829634462,0.0,2.18829634462
 06/18  23:00:00,250.150687698,0.0,0.0,0.0,24.9203635341,149.522181205,2.18824420243,0.0,2.18824420243
 06/18  24:00:00,237.9284892,0.0,0.0,0.0,24.9203635341,149.522181205,0.02,0.0,0.02
 06/19  01:00:00,287.769650214,0.0,0.0,0.0,24.9203635341,199.362908273,2.18886584582,0.0,2.18886584582
 06/19  02:00:00,287.769650369,0.0,0.0,0.0,24.9203635341,199.362908273,2.1889069487,0.0,2.1889069487
 06/19  03:00:00,287.769650476,0.0,0.0,0.0,24.9203635341,199.362908273,2.1889477486,0.0,2.1889477486
 06/19  04:00:00,299.991848331,0.0,0.0,0.0,24.9203635341,199.362908273,2.18898831872,0.0,2.18898831872
 06/19  05:00:00,349.357915325,0.0,0.0,0.0,49.8407270682,199.362908273,2.1908148548,0.0,2.1908148548
 06/19  06:00:00,939.39713959,33.6281996364,448.052736843,0.0,49.8407270682,199.362908273,16.0103166078,13.8200311446,2.19028546321
 06/19  07:00:00,1077.78551417,30.3148174886,474.167530921,0.0,149.522181205,199.362908273,19.7493367659,13.1941150416,6.55522172434
 06/19  08:00:00,1633.62140046,32.3765672723,479.696111925,0.0,448.566543614,448.566543614,13.323927638,0.170649090836,13.1532785471
 06/19  09:00:00,1576.56294137,35.7844956343,455.895123505,0.0,448.566543614,448.566543614,13.1609439454,0.0,13.1609439454
 06/19  10:00:00,1518.42007715,38.3062118698,444.118899572,0.0,448.566543614,448.566543614,13.1637961564,0.0,13.1637961564
 06/19  11:00:00,1515.61681923,39.3571372638,440.26123536,0.0,448.566543614,448.566543614,15.3977808308,0.0,15.3977808308
 06/19  12:00:00,1468.81951628,35.8990673677,446.758366914,0.0,448.566543614,398.725816546,17.6520067365,0.0,17.6520067365
 06/19  13:00:00,1515.81843127,41.2593651432,438.557561988,0.0,448.566543614,448.566543614,19.8387856393,0.0,19.8387856393
 06/19  14:00:00,1515.34598132,43.0412625744,436.311941589,0.0,448.566543614,448.566543614,10.9608107654,0.0,10.9608107654
 06/19  15:00:00,1514.98115426,43.9716258559,435.017183755,0.0,448.566543614,448.566543614,10.9572327852,0.0,10.9572327852
 06/19  16:00:00,1563.70831923,44.9975206154,433.824861171,0.0,448.566543614,448.566543614,15.3859683122,0.0,15.3859683122
 06/19  17:00:00,1452.30094434,42.2940605259,437.984390238,0.0,348.885089477,398.725816546,8.7500553935,0.0,8.7500553935
 06/19  18:00:00,1254.99244601,36.9621165795,445.37292491,0.0,249.203635341,299.044362409,6.55814693179,0.0,6.55814693179
 06/19  19:00:00,1232.72689745,35.0919606244,449.424543608,0.0,249.203635341,299.044362409,4.37107859336,0.0,4.37107859336
 06/19  20:00:00,1096.58149884,31.4031073172,457.945639568,0.0,149.522181205,249.203635341,6.55036666954,0.0,6.55036666954
 06/19  21:00:00,1121.47266872,30.3275263452,465.64237949,0.0,149.522181205,249.203635341,2.19082291594,0.0,2.19082291594
 06/19  22:00:00,349.356607337,0.0,0.0,0.0,49.8407270682,199.362908273,2.18902140314,0.0,2.18902140314
 06/19  23:00:00,299.991848239,0.0,0.0,0.0,24.9203635341,199.362908273,2.18888984155,0.0,2.18888984155
 06/19  24:00:00,287.769650456,0.0,0.0,0.0,24.9203635341,199.362908273,2.18893005843,0.0,2.18893005843
 06/20  01:00:00,287.769647235,0.0,0.0,0.0,24.9203635341,199.362908273,2.18896240115,0.0,2.18896240115
 06/20  02:00:00,287.769647119,0.0,0.0,0.0,24.9203635341,199.362908273,2.18899756751,0.0,2.18899756751
 06/20  03:00:00,287.769646935,0.0,0.0,0.0,24.9203635341,199.362908273,0.02,0.0,0.02
 06/20  04:00:00,299.991844725,0.0,0.0,0.0,24.9203635341,199.362908273,2.18903249692,0.0,2.18903249692
 06/20  05:00:00,349.357911155,0.0,0.0,0.0,49.8407270682,199.362908273,4.36185877391,0.0,4.36185877391
 06/20  06:00:00,970.892644958,35.736225805,477.450166532,0.0,49.8407270682,199.362908273,2.25779438176,0.0674406387571,2.19035374301
 06/20  07:00:00,1091.76108595,30.3511931501,488.116274038,0.0,149.522181205,199.362908273,6.56308364265,0.00825722407247,6.55482641858
 06/20  08:00:00,1612.72055325,38.2292922195,452.942678481,0.0,448.566543614,448.566543614,10.9637702091,0.0,10.9637702091
 06/20  09:00:00,1562.5032057,43.4467837073,434.173136784,0.0,448.566543614,448.566543614,13.1649278132,0.0,13.1649278132
 06/20  10:00:00,1516.32181158,45.9628576949,434.36401844,0.0,448.566543614,448.566543614,13.167571114,0.0,13.167571114
 06/20  11:00:00,1514.91157946,46.0859681585,432.827186295,0.0,448.566543614,448.566543614,15.397488888,0.0,15.397488888
 06/20  12:00:00,1469.83458482,40.4327346003,443.239799928,0.0,448.566543614,398.725816546,19.8550907887,0.0,19.8550907887
 06/20  13:00:00,1516.06709402,45.8905904963,434.175032605,0.0,448.566543614,448.566543614,17.635564295,0.0,17.635564295
 06/20  14:00:00,1513.49633556,46.7210856413,430.782492107,0.0,448.566543614,448.566543614,10.9599171869,0.0,10.9599171869
 06/20  15:00:00,1512.60356135,48.0080250889,428.603212235,0.0,448.566543614,448.566543614,10.9562708653,0.0,10.9562708653
 06/20  16:00:00,1561.81670813,52.1840943272,424.746705603,0.0,448.566543614,448.566543614,15.3843513135,0.0,15.3843513135
 06/20  17:00:00,1450.38719158,47.2945244996,431.070191301,0.0,348.885089477,398.725816546,8.75149068256,0.0,8.75149068256
 06/20  18:00:00,1265.22632942,39.0935851887,453.475351033,0.0,249.203635341,299.044362409,6.55822107196,0.0,6.55822107196
 06/20  19:00:00,1247.97162627,36.0975896527,463.663653283,0.0,249.203635341,299.044362409,4.37106176451,0.0,4.37106176451
 06/20  20:00:00,1100.74734447,30.8962270451,462.618377537,0.0,149.522181205,249.203635341,6.55054600673,0.0,6.55054600673
 06/20  21:00:00,1094.20799609,30.3222201583,438.392039745,0.0,149.522181205,249.203635341,2.19076558255,0.0,2.19076558255
 06/20  22:00:00,349.356603998,0.0,0.0,0.0,49.8407270682,199.362908273,2.18902988338,0.0,2.18902988338
 06/20  23:00:00,299.991845006,0.0,0.0,0.0,24.9203635341,199.362908273,2.18896107028,0.0,2.18896107028
 06/20  24:00:00,287.769647362,0.0,0.0,0.0,24.9203635341,199.362908273,2.18899556493,0.0,2.18899556493
 06/21  01:00:00,287.769644306,0.0,0.0,0.0,24.9203635341,199.362908273,2.18902297749,0.0,2.18902297749
 06/21  02:00:00,287.769644255,0.0,0.0,0.0,24.9203635341,199.362908273,2.18879818685,0.0,2.18879818685
 06/21  03:00:00,287.769644093,0.0,0.0,0.0,24.9203635341,199.362908273,2.18882789061,0.0,2.18882789061
 06/21  04:00:00,299.991841653,0.0,0.0,0.0,24.9203635341,199.362908273,2.18885739715,0.0,2.18885739715
 06/21  05:00:00,349.35790558,0.0,0.0,0.0,49.8407270682,199.362908273,2.19092278326,0.0,2.19092278326
 06/21  06:00:00,906.574980043,35.4956405062,413.484883349,0.0,49.8407270682,199.362908273,2.19029577304,0.0,2.19029577304
 06/21  07:00:00,990.087674701,30.3148174886,388.766578552,0.0,149.522181205,199.362908273,6.83824150073,0.284874573044,6.55336692769
 06/21  08:00:00,1555.11066349,36.3494375389,398.584953445,0.0,448.566543614,448.566543614,10.9639199702,0.0,10.9639199702
 06/21  09:00:00,1554.57881962,41.8284444947,427.867112804,0.0,448.566543614,448.566543614,13.1658166821,0.0,13.1658166821
 06/21  10:00:00,1509.52660472,45.0314208813,428.500274571,0.0,448.566543614,448.566543614,13.1681956685,0.0,13.1681956685
 06/21  11:00:00,1495.78645472,45.6577443,414.130315894,0.0,448.566543614,448.566543614,15.3977823179,0.0,15.3977823179
 06/21  12:00:00,1448.67037202,40.0077765,422.500579848,0.0,448.566543614,398.725816546,19.8546559082,0.0,19.8546559082
 06/21  13:00:00,1491.36295319,45.4429041981,410.542895246,0.0,448.566543614,448.566543614,17.6349223326,0.0,17.6349223326
 06/21  14:00:00,1486.97889008,46.8683853449,405.705963315,0.0,448.566543614,448.566543614,10.9595523026,0.0,10.9595523026
 06/21  15:00:00,1488.03995553,48.7162017029,404.75697841,0.0,448.566543614,448.566543614,10.955763998,0.0,10.955763998
 06/21  16:00:00,1537.38328629,53.5094267903,400.022404927,0.0,448.566543614,448.566543614,15.3841876355,0.0,15.3841876355
 06/21  17:00:00,1434.58970031,48.8758958892,413.978320682,0.0,348.885089477,398.725816546,8.75085587866,0.0,8.75085587866
 06/21  18:00:00,1252.23991598,40.3141578671,439.268378724,0.0,249.203635341,299.044362409,6.5586909334,0.0,6.5586909334
 06/21  19:00:00,1240.81704283,37.9035301842,454.703138276,0.0,249.203635341,299.044362409,4.37072886213,0.0,4.37072886213
 06/21  20:00:00,1114.01355167,32.533292163,474.247530117,0.0,149.522181205,249.203635341,6.54997895514,0.0,6.54997895514
 06/21  21:00:00,1122.3160387,30.4364236783,466.376861643,0.0,149.522181205,249.203635341,2.19097691503,0.0,2.19097691503
 06/21  22:00:00,349.356601086,0.0,0.0,0.0,49.8407270682,199.362908273,2.1890070291,0.0,2.1890070291
 06/21  23:00:00,405.582748088,1.23220662524,65.3618380759,0.0,24.9203635341,199.362908273,2.18897277692,0.0,2.18897277692
 06/21  24:00:00,287.769644332,0.0,0.0,0.0,24.9203635341,199.362908273,2.18880969587,0.0,2.18880969587
 06/22  01:00:00,287.769641169,0.0,0.0,0.0,24.9203635341,199.362908273,2.18883191181,0.0,2.18883191181
 06/22  02:00:00,287.769641045,0.0,0.0,0.0,24.9203635341,199.362908273,2.18885626038,0.0,2.18885626038
 06/22  03:00:00,287.769640827,0.0,0.0,0.0,24.9203635341,199.362908273,2.18888037713,0.0,2.18888037713
 06/22  04:00:00,299.991838512,0.0,0.0,0.0,24.9203635341,199.362908273,0.02,0.0,0.02
 06/22  05:00:00,349.357901116,0.0,0.0,0.0,49.8407270682,199.362908273,4.36161584968,0.0,4.36161584968
 06/22  06:00:00,937.541731532,35.5014136837,444.334122728,0.0,49.8407270682,199.362908273,2.190070911,0.0,2.190070911
 06/22  07:00:00,1065.40093064,30.3280634896,461.77924145,0.0,149.522181205,199.362908273,6.6043063224,0.0495434709241,6.55476285148
 06/22  08:00:00,1606.51177258,39.7481567678,445.215077033,0.0,448.566543614,448.566543614,10.96303624,0.0,10.96303624
 06/22  09:00:00,1559.15300393,45.659156006,428.610609779,0.0,448.566543614,448.566543614,13.1635470764,0.0,13.1635470764
 06/22  10:00:00,1514.15708362,48.1208865744,430.041308934,0.0,448.566543614,448.566543614,13.1657269963,0.0,13.1657269963
 06/22  11:00:00,1515.70142182,48.0585846156,431.644469836,0.0,448.566543614,448.566543614,15.3966408384,0.0,15.3966408384
 06/22  12:00:00,1466.52260675,41.9301359277,438.430490976,0.0,448.566543614,398.725816546,17.6487557227,0.0,17.6487557227
 06/22  13:00:00,1518.48715104,48.0156350617,434.470113012,0.0,448.566543614,448.566543614,19.8342884477,0.0,19.8342884477
 06/22  14:00:00,1516.57716716,49.9797986836,430.604654483,0.0,448.566543614,448.566543614,10.9597617611,0.0,10.9597617611
 06/22  15:00:00,1516.53194096,53.137691208,427.401966846,0.0,448.566543614,448.566543614,10.9557505527,0.0,10.9557505527
 06/22  16:00:00,1571.51420177,58.2468970792,428.381452889,0.0,448.566543614,448.566543614,13.1874138587,0.0,13.1874138587
 06/22  17:00:00,1456.30450938,52.1786248557,432.103437281,0.0,348.885089477,398.725816546,8.75067832904,0.0,8.75067832904
 06/22  18:00:00,1254.98913067,42.5858372349,439.745925947,0.0,249.203635341,299.044362409,8.7372745563,0.0,8.7372745563
 06/22  19:00:00,1230.83990641,39.6144531642,443.01508823,0.0,249.203635341,299.044362409,4.37082219043,0.0,4.37082219043
 06/22  20:00:00,1090.84316997,33.8702634597,449.740186798,0.0,149.522181205,249.203635341,6.55072509406,0.0,6.55072509406
 06/22  21:00:00,1112.94851567,30.9378356775,456.50793159,0.0,149.522181205,249.203635341,2.19070479998,0.0,2.19070479998
 06/22  22:00:00,703.988854803,12.1489832734,286.387216603,0.0,49.8407270682,199.362908273,2.18898610454,0.0,2.18898610454
 06/22  23:00:00,588.605949394,5.96551571997,220.839775349,0.0,24.9203635341,199.362908273,2.18898442974,0.0,2.18898442974
 06/22  24:00:00,602.663716601,9.11567115911,245.721067729,0.0,24.9203635341,199.362908273,2.18899082792,0.0,2.18899082792
 06/23  01:00:00,287.769637588,0.0,0.0,0.0,24.9203635341,199.362908273,0.02,0.0,0.02
 06/23  02:00:00,287.769637698,0.0,0.0,0.0,24.9203635341,199.362908273,2.18891996702,0.0,2.18891996702
 06/23  03:00:00,329.607736614,0.410735541745,28.4284047501,0.0,24.9203635341,199.362908273,2.18893870804,0.0,2.18893870804
 06/23  04:00:00,379.103658035,0.821471083491,52.2924336415,0.0,24.9203635341,199.362908273,2.18885591172,0.0,2.18885591172
 06/23  05:00:00,349.357895957,0.0,0.0,0.0,49.8407270682,199.362908273,2.19098888423,0.0,2.19098888423
 06/23  06:00:00,964.36102364,37.0373021205,469.617529899,0.0,49.8407270682,199.362908273,4.36053075093,0.0,4.36053075093
 06/23  07:00:00,1073.13254183,30.5211255571,469.317837257,0.0,149.522181205,199.362908273,4.3763513706,0.0,4.3763513706
 06/23  08:00:00,1601.55052784,42.2864027258,437.71561509,0.0,448.566543614,448.566543614,13.1517319408,0.0,13.1517319408
 06/23  09:00:00,1568.94431295,48.5141159036,435.605831898,0.0,448.566543614,448.566543614,13.158411306,0.0,13.158411306
 06/23  10:00:00,1523.32226453,51.3177894302,436.494301667,0.0,448.566543614,448.566543614,10.9779485985,0.0,10.9779485985
 06/23  11:00:00,1524.80600467,52.079211293,437.619461445,0.0,448.566543614,448.566543614,15.3960258038,0.0,15.3960258038
 06/23  12:00:00,1471.53148218,46.5189469393,439.340372156,0.0,448.566543614,398.725816546,19.8514807513,0.0,19.8514807513
 06/23  13:00:00,1523.90615454,53.0126948928,434.892091723,0.0,448.566543614,448.566543614,17.6310624387,0.0,17.6310624387
 06/23  14:00:00,1523.92659854,54.4256870046,433.744662948,0.0,448.566543614,448.566543614,10.9587836003,0.0,10.9587836003
 06/23  15:00:00,1525.05705035,56.532262744,433.178468893,0.0,448.566543614,448.566543614,10.954736609,0.0,10.954736609
 06/23  16:00:00,1572.0791391,54.8869197258,432.558748329,0.0,448.566543614,448.566543614,15.3829573301,0.0,15.3829573301
 06/23  17:00:00,1453.47390077,44.9921862169,436.459286437,0.0,348.885089477,398.725816546,8.75080470002,0.0,8.75080470002
 06/23  18:00:00,1255.53598949,35.1286828379,447.749952624,0.0,249.203635341,299.044362409,6.55858845869,0.0,6.55858845869
 06/23  19:00:00,1233.33685302,33.3010313948,451.825465904,0.0,249.203635341,299.044362409,4.37065844184,0.0,4.37065844184
 06/23  20:00:00,1099.40565858,31.1156232489,461.057326567,0.0,149.522181205,249.203635341,6.54975734802,0.0,6.54975734802
 06/23  21:00:00,1139.04863546,30.3148174886,483.231074574,0.0,149.522181205,249.203635341,2.19092023668,0.0,2.19092023668
 06/23  22:00:00,349.356594925,0.0,0.0,0.0,49.8407270682,199.362908273,2.18895300997,0.0,2.18895300997
 06/23  23:00:00,299.991835944,0.0,0.0,0.0,24.9203635341,199.362908273,2.18897033395,0.0,2.18897033395
 06/23  24:00:00,287.769638221,0.0,0.0,0.0,24.9203635341,199.362908273,2.18898842906,0.0,2.18898842906
 06/24  01:00:00,237.928908083,0.0,0.0,0.0,24.9203635341,149.522181205,2.18868025447,0.0,2.18868025447
 06/24  02:00:00,237.928907904,0.0,0.0,0.0,24.9203635341,149.522181205,2.18876074923,0.0,2.18876074923
 06/24  03:00:00,237.928907612,0.0,0.0,0.0,24.9203635341,149.522181205,2.18877428308,0.0,2.18877428308
 06/24  04:00:00,250.151105372,0.0,0.0,0.0,24.9203635341,149.522181205,0.02,0.0,0.02
 06/24  05:00:00,274.596800956,0.0,0.0,0.0,24.9203635341,149.522181205,4.36172782418,0.0,4.36172782418
 06/24  06:00:00,969.452670627,35.2460701418,476.498656472,0.0,49.8407270682,199.362908273,4.62052407342,2.4302609129,2.19026316052
 06/24  07:00:00,985.374540519,30.3148174886,481.445382899,0.0,49.8407270682,199.362908273,12.2375497559,7.87182804323,4.36572171262
 06/24  08:00:00,1222.32776165,31.9977081604,467.515539479,0.0,249.203635341,249.203635341,5.06007657937,0.689534892619,4.37054168675
 06/24  09:00:00,1178.89118039,33.1722570831,459.568728995,0.0,249.203635341,249.203635341,6.79696178448,0.23948006141,6.55748172307
 06/24  10:00:00,1128.47573559,33.2513634063,457.964009522,0.0,249.203635341,249.203635341,6.55320911357,0.0,6.55320911357
 06/24  11:00:00,1129.08546878,31.9925172986,459.830855451,0.0,249.203635341,249.203635341,8.74219525894,0.0,8.74219525894
 06/24  12:00:00,1127.6466651,31.2316837451,459.15418564,0.0,249.203635341,249.203635341,6.55534448555,0.0,6.55534448555
 06/24  13:00:00,1124.64824176,31.7505501659,455.637328351,0.0,249.203635341,249.203635341,6.55339023319,0.0,6.55339023319
 06/24  14:00:00,876.965750981,31.0867634668,457.823991281,0.0,74.7610906023,174.442544739,4.37074311041,0.0,4.37074311041
 06/24  15:00:00,877.98902165,31.3391585892,458.595733294,0.0,74.7610906023,174.442544739,4.36817150181,0.0,4.36817150181
 06/24  16:00:00,924.310014807,32.0606333882,455.306027112,0.0,74.7610906023,174.442544739,4.36924931507,0.0,4.36924931507
 06/24  17:00:00,886.215698966,33.0451140563,454.324759516,0.0,24.9203635341,149.522181205,2.19023852676,0.0,2.19023852676
 06/24  18:00:00,818.311810778,22.4402357369,420.937707902,0.0,24.9203635341,149.522181205,4.36061479745,0.0,4.36061479745
 06/24  19:00:00,732.10204644,19.5170144978,372.24302588,0.0,24.9203635341,149.522181205,2.19023724736,0.0,2.19023724736
 06/24  20:00:00,855.982879748,23.9752230625,466.092272386,0.0,24.9203635341,149.522181205,2.19028254493,0.0,2.19028254493
 06/24  21:00:00,510.300538056,5.80325723628,158.095045266,0.0,24.9203635341,149.522181205,2.19160200755,0.0,2.19160200755
 06/24  22:00:00,400.58584548,1.23220662524,85.7612620845,0.0,24.9203635341,149.522181205,2.18891468158,0.0,2.18891468158
 06/24  23:00:00,250.151105932,0.0,0.0,0.0,24.9203635341,149.522181205,2.18892764267,0.0,2.18892764267
 06/24  24:00:00,237.928908181,0.0,0.0,0.0,24.9203635341,149.522181205,2.18877139742,0.0,2.18877139742
 06/25  01:00:00,237.928472622,0.0,0.0,0.0,24.9203635341,149.522181205,2.18819230632,0.0,2.18819230632
 06/25  02:00:00,237.928471878,0.0,0.0,0.0,24.9203635341,149.522181205,0.02,0.0,0.02
 06/25  03:00:00,237.928472543,0.0,0.0,0.0,24.9203635341,149.522181205,2.18831402107,0.0,2.18831402107
 06/25  04:00:00,250.150670626,0.0,0.0,0.0,24.9203635341,149.522181205,2.18822766821,0.0,2.18822766821
 06/25  05:00:00,274.596363064,0.0,0.0,0.0,24.9203635341,149.522181205,2.19010426402,0.0,2.19010426402
 06/25  06:00:00,280.765523927,0.0,0.0,0.0,24.9203635341,149.522181205,2.18820876954,0.0,2.18820876954
 06/25  07:00:00,619.169747404,14.0954215789,250.819457941,0.0,24.9203635341,149.522181205,0.02,0.0,0.02
 06/25  08:00:00,597.1913714,10.8282758978,235.538728775,0.0,24.9203635341,149.522181205,2.18828913613,0.0,2.18828913613
 06/25  09:00:00,855.578348975,19.7180996515,480.970789586,0.0,24.9203635341,149.522181205,2.18828546077,0.0,2.18828546077
 06/25  10:00:00,857.09345592,23.7162053331,523.708217613,0.0,24.9203635341,149.522181205,2.18828173735,0.0,2.18828173735
 06/25  11:00:00,808.392978763,19.7916776053,482.562900282,0.0,24.9203635341,149.522181205,2.18959014739,0.0,2.18959014739
 06/25  12:00:00,859.410479504,23.3264827217,526.42396107,0.0,24.9203635341,149.522181205,2.18960600631,0.0,2.18960600631
 06/25  13:00:00,770.07405675,17.6079330571,451.135578963,0.0,24.9203635341,149.522181205,2.19157737842,0.0,2.19157737842
 06/25  14:00:00,817.811798826,22.6151626752,486.837355259,0.0,24.9203635341,149.522181205,2.18959083285,0.0,2.18959083285
 06/25  15:00:00,742.433119357,19.4826806,417.722821171,0.0,24.9203635341,149.522181205,2.18828732862,0.0,2.18828732862
 06/25  16:00:00,864.330325739,23.8654644437,482.321030359,0.0,24.9203635341,149.522181205,0.02,0.0,0.02
 06/25  17:00:00,815.524817969,19.9956988358,404.754848901,0.0,24.9203635341,149.522181205,2.18828345601,0.0,2.18828345601
 06/25  18:00:00,883.887698835,23.4239133745,465.817287974,0.0,24.9203635341,149.522181205,2.18827959566,0.0,2.18827959566
 06/25  19:00:00,701.460703661,12.7356274097,328.347021227,0.0,24.9203635341,149.522181205,2.18831718906,0.0,2.18831718906
 06/25  20:00:00,677.363954512,12.1474544196,304.27432205,0.0,24.9203635341,149.522181205,0.02,0.0,0.02
 06/25  21:00:00,337.981970388,0.410735541745,25.5315214763,0.0,24.9203635341,149.522181205,2.19026678304,0.0,2.19026678304
 06/25  22:00:00,274.595065813,0.0,0.0,0.0,24.9203635341,149.522181205,2.18821382174,0.0,2.18821382174
 06/25  23:00:00,250.150670774,0.0,0.0,0.0,24.9203635341,149.522181205,2.18812682151,0.0,2.18812682151
 06/25  24:00:00,237.928472501,0.0,0.0,0.0,24.9203635341,149.522181205,2.18824776373,0.0,2.18824776373
 06/26  01:00:00,287.769628705,0.0,0.0,0.0,24.9203635341,199.362908273,0.02,0.0,0.02
 06/26  02:00:00,287.769628836,0.0,0.0,0.0,24.9203635341,199.362908273,2.18886654651,0.0,2.18886654651
 06/26  03:00:00,287.769629101,0.0,0.0,0.0,24.9203635341,199.362908273,2.18886970343,0.0,2.18886970343
 06/26  04:00:00,299.991827056,0.0,0.0,0.0,24.9203635341,199.362908273,2.18887269782,0.0,2.18887269782
 06/26  05:00:00,349.357881538,0.0,0.0,0.0,49.8407270682,199.362908273,2.19086744354,0.0,2.19086744354
 06/26  06:00:00,934.013554584,34.655416002,441.651923854,0.0,49.8407270682,199.362908273,2.23948406242,0.0492381984618,2.19024586396
 06/26  07:00:00,1008.67717517,30.3148174886,405.452382096,0.0,149.522181205,199.362908273,6.84347994735,0.28902429693,6.55445565042
 06/26  08:00:00,1553.22630373,32.2615958308,399.536472421,0.0,448.566543614,448.566543614,13.1490888742,0.0,13.1490888742
 06/26  09:00:00,1522.22473356,33.776257816,403.565314728,0.0,448.566543614,448.566543614,10.971269421,0.0,10.971269421
 06/26  10:00:00,1486.93407453,36.1835291916,414.755756506,0.0,448.566543614,448.566543614,13.1670665567,0.0,13.1670665567
 06/26  11:00:00,1501.55824724,38.7469977387,426.812999038,0.0,448.566543614,448.566543614,15.394427089,0.0,15.394427089
 06/26  12:00:00,1455.70717691,35.1290177519,434.41631386,0.0,448.566543614,398.725816546,19.8471438928,0.0,19.8471438928
 06/26  13:00:00,1518.43132784,39.9130690352,442.516984421,0.0,448.566543614,448.566543614,17.6264353851,0.0,17.6264353851
 06/26  14:00:00,1523.9362479,40.8613847456,447.082229653,0.0,448.566543614,448.566543614,10.957543199,0.0,10.957543199
 06/26  15:00:00,1527.23319353,41.7826423175,449.458346008,0.0,448.566543614,448.566543614,10.9552350174,0.0,10.9552350174
 06/26  16:00:00,1572.15590317,45.5876697986,441.682491698,0.0,448.566543614,448.566543614,13.182616273,0.0,13.182616273
 06/26  17:00:00,1461.43027385,42.2753084912,447.132577706,0.0,348.885089477,398.725816546,8.75009397771,0.0,8.75009397771
 06/26  18:00:00,1260.22358935,35.0787907499,452.487482321,0.0,249.203635341,299.044362409,6.55684848509,0.0,6.55684848509
 06/26  19:00:00,1218.09370891,31.6877992823,438.195579631,0.0,249.203635341,299.044362409,6.54582814991,0.0,6.54582814991
 06/26  20:00:00,1066.56885354,30.320077518,429.01609709,0.0,149.522181205,249.203635341,4.37358781265,0.0,4.37358781265
 06/26  21:00:00,1076.4016382,30.3148174886,421.322265382,0.0,149.522181205,249.203635341,4.36152451958,0.0,4.36152451958
 06/26  22:00:00,349.356585745,0.0,0.0,0.0,49.8407270682,199.362908273,0.02,0.0,0.02
 06/26  23:00:00,299.991826822,0.0,0.0,0.0,24.9203635341,199.362908273,2.18879498284,0.0,2.18879498284
 06/26  24:00:00,287.76962923,0.0,0.0,0.0,24.9203635341,199.362908273,2.18879766104,0.0,2.18879766104
 06/27  01:00:00,287.769626408,0.0,0.0,0.0,24.9203635341,199.362908273,2.18879450725,0.0,2.18879450725
 06/27  02:00:00,287.7696264,0.0,0.0,0.0,24.9203635341,199.362908273,2.18879282307,0.0,2.18879282307
 06/27  03:00:00,287.769626261,0.0,0.0,0.0,24.9203635341,199.362908273,2.18879094809,0.0,2.18879094809
 06/27  04:00:00,299.991823782,0.0,0.0,0.0,24.9203635341,199.362908273,2.18878893688,0.0,2.18878893688
 06/27  05:00:00,349.357877,0.0,0.0,0.0,49.8407270682,199.362908273,2.19077950803,0.0,2.19077950803
 06/27  06:00:00,921.208059067,34.7951300719,428.70391357,0.0,49.8407270682,199.362908273,6.11983573438,3.92970255369,2.19013318069
 06/27  07:00:00,1027.5188514,30.3148174886,423.904956084,0.0,149.522181205,199.362908273,14.2217638348,7.66741367124,6.55435016351
 06/27  08:00:00,1577.03447186,33.0617743749,422.424264089,0.0,448.566543614,448.566543614,10.9608765702,0.0,10.9608765702
 06/27  09:00:00,1542.46243332,34.9952933363,422.584013252,0.0,448.566543614,448.566543614,13.1597841388,0.0,13.1597841388
 06/27  10:00:00,1491.53109258,35.98862734,419.5476867,0.0,448.566543614,448.566543614,13.1608889947,0.0,13.1608889947
 06/27  11:00:00,1505.47804347,37.6135883916,431.866231129,0.0,448.566543614,448.566543614,15.3931387799,0.0,15.3931387799
 06/27  12:00:00,1463.13068296,34.842001509,442.126873662,0.0,448.566543614,398.725816546,17.6422743324,0.0,17.6422743324
 06/27  13:00:00,1524.65608779,39.6669181612,448.987927451,0.0,448.566543614,448.566543614,17.6265605604,0.0,17.6265605604
 06/27  14:00:00,1527.48725222,40.5150808285,450.979555705,0.0,448.566543614,448.566543614,10.9576207113,0.0,10.9576207113
 06/27  15:00:00,1524.87662721,41.5667204274,447.317722318,0.0,448.566543614,448.566543614,10.9544906312,0.0,10.9544906312
 06/27  16:00:00,1575.82745884,40.8093157604,450.132419369,0.0,448.566543614,448.566543614,13.1859653651,0.0,13.1859653651
 06/27  17:00:00,1478.41030228,35.0255773649,471.362357158,0.0,348.885089477,398.725816546,8.74990360104,0.0,8.74990360104
 06/27  18:00:00,1276.95195976,30.3284406927,473.966214359,0.0,249.203635341,299.044362409,8.73627076308,0.0,8.73627076308
 06/27  19:00:00,1244.99048759,30.3148174886,466.46534959,0.0,249.203635341,299.044362409,4.3702838045,0.0,4.3702838045
 06/27  20:00:00,1098.78057754,30.3148174886,461.224563584,0.0,149.522181205,249.203635341,18.3459863874,11.7967523149,6.54923407255
 06/27  21:00:00,1107.052773,30.3148174886,451.206543378,0.0,149.522181205,249.203635341,41.8795508691,39.6887803057,2.19077056342
 06/27  22:00:00,349.3565832,0.0,0.0,0.0,49.8407270682,199.362908273,2.18879939849,0.0,2.18879939849
 06/27  23:00:00,299.991823808,0.0,0.0,0.0,24.9203635341,199.362908273,2.1887970298,0.0,2.1887970298
 06/27  24:00:00,287.769625873,0.0,0.0,0.0,24.9203635341,199.362908273,0.02,0.0,0.02
 06/28  01:00:00,287.769623186,0.0,0.0,0.0,24.9203635341,199.362908273,2.18879011321,0.0,2.18879011321
 06/28  02:00:00,287.769623436,0.0,0.0,0.0,24.9203635341,199.362908273,2.18878354226,0.0,2.18878354226
 06/28  03:00:00,287.769623562,0.0,0.0,0.0,24.9203635341,199.362908273,2.18877677127,0.0,2.18877677127
 06/28  04:00:00,299.991821357,0.0,0.0,0.0,24.9203635341,199.362908273,2.18876985859,0.0,2.18876985859
 06/28  05:00:00,349.357872159,0.0,0.0,0.0,49.8407270682,199.362908273,2.19086989889,0.0,2.19086989889
 06/28  06:00:00,942.826892988,34.1078985484,450.974360496,0.0,49.8407270682,199.362908273,55.4164362059,53.2266799433,2.18975626253
 06/28  07:00:00,1051.40687217,30.3148174886,447.771436572,0.0,149.522181205,199.362908273,44.0571531637,37.5040844748,6.55306868898
 06/28  08:00:00,1597.72196651,31.8718906958,444.297346041,0.0,448.566543614,448.566543614,16.9298408045,5.97070180144,10.959139003
 06/28  09:00:00,1568.12537168,33.405715518,449.835273718,0.0,448.566543614,448.566543614,14.9305681256,1.76869606648,13.1618720591
 06/28  10:00:00,1530.75775247,34.0573760444,460.705039335,0.0,448.566543614,448.566543614,13.9768180767,0.814115200885,13.1627028758
 06/28  11:00:00,1540.90073412,34.8174527687,470.08499143,0.0,448.566543614,448.566543614,15.5126792525,0.119844783451,15.3928344691
 06/28  12:00:00,1495.14293818,32.8344939384,476.146613679,0.0,448.566543614,398.725816546,17.7197294818,0.0785190581729,17.6412104236
 06/28  13:00:00,1538.39138786,37.2670336939,465.1231423,0.0,448.566543614,448.566543614,17.6277227647,0.0,17.6277227647
 06/28  14:00:00,1531.88789307,38.5179745684,457.377320143,0.0,448.566543614,448.566543614,10.9568493189,0.0,10.9568493189
 06/28  15:00:00,1528.35718556,40.1194572525,452.24556289,0.0,448.566543614,448.566543614,10.9536204516,0.0,10.9536204516
 06/28  16:00:00,1575.34449575,41.0765780063,449.382217035,0.0,448.566543614,448.566543614,15.3811793171,0.0,15.3811793171
 06/28  17:00:00,1474.55026425,36.6741192292,465.853793593,0.0,348.885089477,398.725816546,6.56609979586,0.0,6.56609979586
 06/28  18:00:00,1273.13059915,31.4908651515,468.982442527,0.0,249.203635341,299.044362409,8.73554510737,0.0,8.73554510737
 06/28  19:00:00,1237.8193082,31.7936035789,457.815392838,0.0,249.203635341,299.044362409,4.3703889138,0.0,4.3703889138
 06/28  20:00:00,1076.33579325,30.3686278705,438.732273417,0.0,149.522181205,249.203635341,9.64070811678,3.09058682945,6.55012128733
 06/28  21:00:00,1074.06420516,30.3148174886,418.337119918,0.0,149.522181205,249.203635341,18.7567050215,16.5658930305,2.19081199108
 06/28  22:00:00,349.356580306,0.0,0.0,0.0,49.8407270682,199.362908273,2.1888421158,0.0,2.1888421158
 06/28  23:00:00,299.991820953,0.0,0.0,0.0,24.9203635341,199.362908273,2.18883475196,0.0,2.18883475196
 06/28  24:00:00,287.769622967,0.0,0.0,0.0,24.9203635341,199.362908273,0.02,0.0,0.02
 06/29  01:00:00,287.769620283,0.0,0.0,0.0,24.9203635341,199.362908273,2.18882292545,0.0,2.18882292545
 06/29  02:00:00,287.769620569,0.0,0.0,0.0,24.9203635341,199.362908273,2.18881145556,0.0,2.18881145556
 06/29  03:00:00,287.769620723,0.0,0.0,0.0,24.9203635341,199.362908273,2.18879979577,0.0,2.18879979577
 06/29  04:00:00,299.99181854,0.0,0.0,0.0,24.9203635341,199.362908273,2.18878800262,0.0,2.18878800262
 06/29  05:00:00,349.357867716,0.0,0.0,0.0,49.8407270682,199.362908273,2.19087626381,0.0,2.19087626381
 06/29  06:00:00,868.427355373,34.0210927062,376.655524612,0.0,49.8407270682,199.362908273,63.9044518709,61.7143507528,2.19010111806
 06/29  07:00:00,955.313681219,30.3148174886,355.305423418,0.0,149.522181205,199.362908273,38.0941472489,31.5402915977,6.55385565117
 06/29  08:00:00,1547.53265219,32.8293308503,393.627192134,0.0,448.566543614,448.566543614,13.1385883858,2.17690516169,10.9616832241
 06/29  09:00:00,1563.27520599,36.3627296892,442.02904804,0.0,448.566543614,448.566543614,13.6406935835,0.479604933441,13.1610886501
 06/29  10:00:00,1518.57622999,37.9370723994,444.64442925,0.0,448.566543614,448.566543614,13.1617328903,0.0,13.1617328903
 06/29  11:00:00,1502.94177298,38.0386997469,428.904896151,0.0,448.566543614,448.566543614,15.3913195019,0.0,15.3913195019
 06/29  12:00:00,1447.86772881,33.9754355567,427.730551672,0.0,448.566543614,398.725816546,17.6414908844,0.0,17.6414908844
 06/29  13:00:00,1511.15668113,38.9388270213,436.216672436,0.0,448.566543614,448.566543614,17.6251575378,0.0,17.6251575378
 06/29  14:00:00,1514.15170769,40.6171999991,437.541930608,0.0,448.566543614,448.566543614,10.9567948038,0.0,10.9567948038
 06/29  15:00:00,1512.8246628,42.4275865829,434.404929342,0.0,448.566543614,448.566543614,10.95340296,0.0,10.95340296
 06/29  16:00:00,1563.58008408,44.8672427182,433.827170363,0.0,448.566543614,448.566543614,13.1839609446,0.0,13.1839609446
 06/29  17:00:00,1466.62117852,37.8456416181,456.753196286,0.0,348.885089477,398.725816546,8.7486944949,0.0,8.7486944949
 06/29  18:00:00,1268.04056339,31.4313222514,463.951959761,0.0,249.203635341,299.044362409,6.55749243275,0.0,6.55749243275
 06/29  19:00:00,1252.64717045,30.5099456937,473.92692094,0.0,249.203635341,299.044362409,6.54573297609,0.0,6.54573297609
 06/29  20:00:00,1128.1874464,30.3148174886,490.639978902,0.0,149.522181205,249.203635341,4.37233139923,0.0,4.37233139923
 06/29  21:00:00,1126.8582632,30.3148174886,471.069558375,0.0,149.522181205,249.203635341,13.4902283374,9.12855702929,4.36167130809
 06/29  22:00:00,349.356577127,0.0,0.0,0.0,49.8407270682,199.362908273,2.18870930955,0.0,2.18870930955
 06/29  23:00:00,299.991817974,0.0,0.0,0.0,24.9203635341,199.362908273,0.02,0.0,0.02
 06/29  24:00:00,287.7696205,0.0,0.0,0.0,24.9203635341,199.362908273,2.18869722233,0.0,2.18869722233
 06/30  01:00:00,287.769617925,0.0,0.0,0.0,24.9203635341,199.362908273,2.18892795791,0.0,2.18892795791
 06/30  02:00:00,287.769617989,0.0,0.0,0.0,24.9203635341,199.362908273,2.18891157906,0.0,2.18891157906
 06/30  03:00:00,287.769617907,0.0,0.0,0.0,24.9203635341,199.362908273,2.18889503143,0.0,2.18889503143
 06/30  04:00:00,299.991815471,0.0,0.0,0.0,24.9203635341,199.362908273,2.18887836656,0.0,2.18887836656
 06/30  05:00:00,349.357863396,0.0,0.0,0.0,49.8407270682,199.362908273,2.19083464652,0.0,2.19083464652
 06/30  06:00:00,928.436513338,34.1557686255,436.535391565,0.0,49.8407270682,199.362908273,56.4775558206,54.2873766673,2.19017915326
 06/30  07:00:00,1029.01628162,30.3148174886,425.421593811,0.0,149.522181205,199.362908273,65.6840209682,59.1307108115,6.5533101567
 06/30  08:00:00,1589.1668031,31.6004601131,436.011748506,0.0,448.566543614,448.566543614,19.5794857119,8.62024138016,10.9592443317
 06/30  09:00:00,1575.72243407,33.2006794168,457.637869204,0.0,448.566543614,448.566543614,14.2958253157,1.13806065108,13.1577646647
 06/30  10:00:00,1543.59867061,33.9264868005,473.677108056,0.0,448.566543614,448.566543614,11.4651730885,0.496428553107,10.9687445354
 06/30  11:00:00,1540.18526021,34.6381572449,469.548946295,0.0,448.566543614,448.566543614,15.419994772,0.028958387986,15.391036384
 06/30  12:00:00,1489.74078974,32.7722092902,470.806865698,0.0,448.566543614,398.725816546,19.8433002983,0.0,19.8433002983
 06/30  13:00:00,1525.33710733,37.3013511386,452.034604297,0.0,448.566543614,448.566543614,17.6239511904,0.0,17.6239511904
 06/30  14:00:00,1519.19878414,39.0350557949,444.17117062,0.0,448.566543614,448.566543614,10.9561048672,0.0,10.9561048672
 06/30  15:00:00,1514.95732349,40.5586017529,438.40659248,0.0,448.566543614,448.566543614,8.76666452925,0.0,8.76666452925
 06/30  16:00:00,1562.25214728,43.2220560917,434.144446709,0.0,448.566543614,448.566543614,15.3745416876,0.0,15.3745416876
 06/30  17:00:00,1452.15672216,40.1961594921,439.938235537,0.0,348.885089477,398.725816546,8.74777857632,0.0,8.74777857632
 06/30  18:00:00,1259.21432443,34.8430838812,451.713969782,0.0,249.203635341,299.044362409,6.55786147547,0.0,6.55786147547
 06/30  19:00:00,1238.07146893,33.2600430719,456.601130861,0.0,249.203635341,299.044362409,4.37017064116,0.0,4.37017064116
 06/30  20:00:00,1106.14422033,30.5637057246,468.34769796,0.0,149.522181205,249.203635341,6.79356890352,0.244149642558,6.54941926096
 06/30  21:00:00,1134.75011552,30.3148174886,478.926699619,0.0,149.522181205,249.203635341,10.3498627171,8.15925634354,2.19060637352
 06/30  22:00:00,349.356574794,0.0,0.0,0.0,49.8407270682,199.362908273,2.18889644045,0.0,2.18889644045
 06/30  23:00:00,299.991815726,0.0,0.0,0.0,24.9203635341,199.362908273,2.18887868278,0.0,2.18887868278
 06/30  24:00:00,287.769617843,0.0,0.0,0.0,24.9203635341,199.362908273,2.18886168896,0.0,2.18886168896
 07/01  01:00:00,237.928887777,0.0,0.0,0.0,24.9203635341,149.522181205,2.18883758842,0.0,2.18883758842
 07/01  02:00:00,237.928887547,0.0,0.0,0.0,24.9203635341,149.522181205,0.02,0.0,0.02
 07/01  03:00:00,237.928887704,0.0,0.0,0.0,24.9203635341,149.522181205,2.18881652372,0.0,2.18881652372
 07/01  04:00:00,250.151085817,0.0,0.0,0.0,24.9203635341,149.522181205,2.18879532449,0.0,2.18879532449
 07/01  05:00:00,274.596768765,0.0,0.0,0.0,24.9203635341,149.522181205,2.19060543749,0.0,2.19060543749
 07/01  06:00:00,922.75031883,34.0550774948,430.971913948,0.0,49.8407270682,199.362908273,28.1538487847,23.7936549572,4.36019382753
 07/01  07:00:00,874.935603086,30.3148174886,374.276076609,0.0,49.8407270682,199.362908273,50.8282079525,48.6355354707,2.19267248185
 07/01  08:00:00,1114.008446,30.3148174886,365.271976642,0.0,249.203635341,249.203635341,39.2576223673,32.7124233521,6.54519901519
 07/01  09:00:00,1091.34169822,30.3148174886,377.614600869,0.0,249.203635341,249.203635341,33.9315837021,27.3753858405,6.55619786164
 07/01  10:00:00,1055.96887216,30.3148174886,389.163424972,0.0,249.203635341,249.203635341,27.2992863407,20.7469238233,6.55236251741
 07/01  11:00:00,1059.2966688,30.3148174886,392.097488018,0.0,249.203635341,249.203635341,21.7710471375,15.2099629777,6.56108415973
 07/01  12:00:00,1065.87862775,30.3148174886,398.387994726,0.0,249.203635341,249.203635341,23.8757793715,17.3220386509,6.55374072054
 07/01  13:00:00,1065.21073092,30.3148174886,397.961129886,0.0,249.203635341,249.203635341,22.4036744295,15.8512091788,6.55246525071
 07/01  14:00:00,811.348184947,30.3148174886,393.677137805,0.0,74.7610906023,174.442544739,39.9763089344,35.6058112537,4.37049768077
 07/01  15:00:00,817.39852838,30.3148174886,400.481977613,0.0,74.7610906023,174.442544739,49.3622814501,44.9949567611,4.36732468905
 07/01  16:00:00,867.702712565,30.3148174886,402.312729288,0.0,74.7610906023,174.442544739,61.5656679639,57.1968886343,4.3687793296
 07/01  17:00:00,829.577402894,30.3148174886,402.476966101,0.0,24.9203635341,149.522181205,82.1999530457,77.8399816695,4.35997137622
 07/01  18:00:00,296.667526693,0.0,0.0,0.0,24.9203635341,149.522181205,2.1901800833,0.0,2.1901800833
 07/01  19:00:00,272.223130702,0.0,0.0,0.0,24.9203635341,149.522181205,2.19008796249,0.0,2.19008796249
 07/01  20:00:00,280.766797223,0.0,0.0,0.0,24.9203635341,149.522181205,2.18999589231,0.0,2.18999589231
 07/01  21:00:00,299.041593039,0.0,0.0,0.0,24.9203635341,149.522181205,2.19137509419,0.0,2.19137509419
 07/01  22:00:00,274.595481477,0.0,0.0,0.0,24.9203635341,149.522181205,2.18868923086,0.0,2.18868923086
 07/01  23:00:00,250.151086094,0.0,0.0,0.0,24.9203635341,149.522181205,2.18891473567,0.0,2.18891473567
 07/01  24:00:00,237.928888313,0.0,0.0,0.0,24.9203635341,149.522181205,2.18889310283,0.0,2.18889310283
 07/02  01:00:00,237.928456868,0.0,0.0,0.0,24.9203635341,149.522181205,2.18825106494,0.0,2.18825106494
 07/02  02:00:00,237.928456142,0.0,0.0,0.0,24.9203635341,149.522181205,0.02,0.0,0.02
 07/02  03:00:00,237.928456977,0.0,0.0,0.0,24.9203635341,149.522181205,2.18813393677,0.0,2.18813393677
 07/02  04:00:00,250.150654892,0.0,0.0,0.0,24.9203635341,149.522181205,2.18822049536,0.0,2.18822049536
 07/02  05:00:00,274.596335713,0.0,0.0,0.0,24.9203635341,149.522181205,2.19014750788,0.0,2.19014750788
 07/02  06:00:00,280.765507845,0.0,0.0,0.0,24.9203635341,149.522181205,2.18813365432,0.0,2.18813365432
 07/02  07:00:00,296.666236471,0.0,0.0,0.0,24.9203635341,149.522181205,0.02,0.0,0.02
 07/02  08:00:00,296.666237316,0.0,0.0,0.0,24.9203635341,149.522181205,2.18821980165,0.0,2.18821980165
 07/02  09:00:00,259.999643748,0.0,0.0,0.0,24.9203635341,149.522181205,2.18810202742,0.0,2.18810202742
 07/02  10:00:00,211.110851744,0.0,0.0,0.0,24.9203635341,149.522181205,0.02,0.0,0.02
 07/02  11:00:00,211.11170944,0.0,0.0,0.0,24.9203635341,149.522181205,2.18927939261,0.0,2.18927939261
 07/02  12:00:00,211.111709456,0.0,0.0,0.0,24.9203635341,149.522181205,2.18954944766,0.0,2.18954944766
 07/02  13:00:00,211.11299583,0.0,0.0,0.0,24.9203635341,149.522181205,4.36228246651,0.0,4.36228246651
 07/02  14:00:00,211.111709308,0.0,0.0,0.0,24.9203635341,149.522181205,2.18938564885,0.0,2.18938564885
 07/02  15:00:00,211.110851819,0.0,0.0,0.0,24.9203635341,149.522181205,0.02,0.0,0.02
 07/02  16:00:00,563.514761841,12.8979746761,228.678590837,0.0,24.9203635341,149.522181205,2.18824314393,0.0,2.18824314393
 07/02  17:00:00,788.209233166,20.7434350524,382.862322415,0.0,24.9203635341,149.522181205,2.1882275492,0.0,2.1882275492
 07/02  18:00:00,800.66080929,19.6875488785,389.866145192,0.0,24.9203635341,149.522181205,2.18823197746,0.0,2.18823197746
 07/02  19:00:00,801.95734878,21.8005633707,412.210659514,0.0,24.9203635341,149.522181205,0.02,0.0,0.02
 07/02  20:00:00,339.470927119,0.77944522284,32.0972221984,0.0,24.9203635341,149.522181205,2.18823640392,0.0,2.18823640392
 07/02  21:00:00,299.040731392,0.0,0.0,0.0,24.9203635341,149.522181205,2.19019760939,0.0,2.19019760939
 07/02  22:00:00,274.595050523,0.0,0.0,0.0,24.9203635341,149.522181205,2.18810737075,0.0,2.18810737075
 07/02  23:00:00,250.150654134,0.0,0.0,0.0,24.9203635341,149.522181205,0.02,0.0,0.02
 07/02  24:00:00,237.928456528,0.0,0.0,0.0,24.9203635341,149.522181205,2.18819335758,0.0,2.18819335758
 07/03  01:00:00,287.769609929,0.0,0.0,0.0,24.9203635341,199.362908273,2.18880241622,0.0,2.18880241622
 07/03  02:00:00,287.769609962,0.0,0.0,0.0,24.9203635341,199.362908273,2.1887724287,0.0,2.1887724287
 07/03  03:00:00,287.769609826,0.0,0.0,0.0,24.9203635341,199.362908273,2.18874229228,0.0,2.18874229228
 07/03  04:00:00,299.99180731,0.0,0.0,0.0,24.9203635341,199.362908273,2.18871205556,0.0,2.18871205556
 07/03  05:00:00,349.35785074,0.0,0.0,0.0,49.8407270682,199.362908273,2.19063551338,0.0,2.19063551338
 07/03  06:00:00,970.998631952,32.940723177,480.330711955,0.0,49.8407270682,199.362908273,31.4119115761,29.221939676,2.18997190019
 07/03  07:00:00,1092.75150345,30.3148174886,489.12921227,0.0,149.522181205,199.362908273,25.9986070653,19.4453843629,6.55322270243
 07/03  08:00:00,1629.75665368,30.3148174886,477.89307385,0.0,448.566543614,448.566543614,11.57801888,0.619093150153,10.9589257299
 07/03  09:00:00,1583.67249745,30.8999231664,467.889466698,0.0,448.566543614,448.566543614,11.7254879501,0.136808863751,11.5886790864
 07/03  10:00:00,1524.60463972,33.1529454154,455.457050271,0.0,448.566543614,448.566543614,12.5420541858,0.0,12.5420541858
 07/03  11:00:00,1517.72445785,36.1797053829,445.546684799,0.0,448.566543614,448.566543614,15.3894805634,0.0,15.3894805634
 07/03  12:00:00,1472.79706726,33.6935159756,452.941927999,0.0,448.566543614,398.725816546,17.6372818405,0.0,17.6372818405
 07/03  13:00:00,1518.54806448,38.2997545027,444.247245056,0.0,448.566543614,448.566543614,17.622341205,0.0,17.622341205
 07/03  14:00:00,1515.7314455,40.0154090479,439.723531464,0.0,448.566543614,448.566543614,10.9551248768,0.0,10.9551248768
 07/03  15:00:00,1513.72006684,41.4585803215,436.269410805,0.0,448.566543614,448.566543614,10.9512775841,0.0,10.9512775841
 07/03  16:00:00,1563.28920746,45.3511206809,433.052511928,0.0,448.566543614,448.566543614,13.1818911585,0.0,13.1818911585
 07/03  17:00:00,1451.04757627,41.3457757987,437.679514936,0.0,348.885089477,398.725816546,8.74749202341,0.0,8.74749202341
 07/03  18:00:00,1261.21606179,33.110849597,455.447977716,0.0,249.203635341,299.044362409,6.5564677316,0.0,6.5564677316
 07/03  19:00:00,1242.36722412,31.6142595343,462.542692269,0.0,249.203635341,299.044362409,6.54535754505,0.0,6.54535754505
 07/03  20:00:00,1109.20228574,30.3597688623,471.609903992,0.0,149.522181205,249.203635341,4.37302160143,0.0,4.37302160143
 07/03  21:00:00,1147.16498706,30.3148174886,491.347470779,0.0,149.522181205,249.203635341,2.19067252554,0.0,2.19067252554
 07/03  22:00:00,349.356566548,0.0,0.0,0.0,49.8407270682,199.362908273,2.18889468959,0.0,2.18889468959
 07/03  23:00:00,299.991807664,0.0,0.0,0.0,24.9203635341,199.362908273,2.18881373479,0.0,2.18881373479
 07/03  24:00:00,287.769610023,0.0,0.0,0.0,24.9203635341,199.362908273,2.18878315002,0.0,2.18878315002
 07/04  01:00:00,237.928452892,0.0,0.0,0.0,24.9203635341,149.522181205,2.18817898129,0.0,2.18817898129
 07/04  02:00:00,237.928452022,0.0,0.0,0.0,24.9203635341,149.522181205,0.02,0.0,0.02
 07/04  03:00:00,237.928452686,0.0,0.0,0.0,24.9203635341,149.522181205,2.18805374893,0.0,2.18805374893
 07/04  04:00:00,250.150650811,0.0,0.0,0.0,24.9203635341,149.522181205,2.18813141443,0.0,2.18813141443
 07/04  05:00:00,274.596328438,0.0,0.0,0.0,24.9203635341,149.522181205,2.18991132863,0.0,2.18991132863
 07/04  06:00:00,280.765503976,0.0,0.0,0.0,24.9203635341,149.522181205,2.18823004365,0.0,2.18823004365
 07/04  07:00:00,296.666232188,0.0,0.0,0.0,24.9203635341,149.522181205,0.02,0.0,0.02
 07/04  08:00:00,296.666233049,0.0,0.0,0.0,24.9203635341,149.522181205,2.18810430435,0.0,2.18810430435
 07/04  09:00:00,630.600672293,15.6594967749,285.772746235,0.0,24.9203635341,149.522181205,2.18822280263,0.0,2.18822280263
 07/04  10:00:00,740.480754372,24.1216876423,407.12994844,0.0,24.9203635341,149.522181205,0.02,0.0,0.02
 07/04  11:00:00,629.534233835,17.2350963025,314.278266463,0.0,24.9203635341,149.522181205,2.1895173061,0.0,2.1895173061
 07/04  12:00:00,705.329858303,19.2580147623,380.522098977,0.0,24.9203635341,149.522181205,2.18950811249,0.0,2.18950811249
 07/04  13:00:00,556.44563996,12.0321399485,265.653010603,0.0,24.9203635341,149.522181205,4.36272173227,0.0,4.36272173227
 07/04  14:00:00,211.111703067,0.0,0.0,0.0,24.9203635341,149.522181205,2.1894110989,0.0,2.1894110989
 07/04  15:00:00,281.370624439,2.81637230284,52.2018451029,0.0,24.9203635341,149.522181205,0.02,0.0,0.02
 07/04  16:00:00,681.579089956,19.3589604451,321.102689297,0.0,24.9203635341,149.522181205,2.18821623765,0.0,2.18821623765
 07/04  17:00:00,662.121346847,16.4093960927,279.492584189,0.0,24.9203635341,149.522181205,2.18824243325,0.0,2.18824243325
 07/04  18:00:00,296.666232655,0.0,0.0,0.0,24.9203635341,149.522181205,2.18811570303,0.0,2.18811570303
 07/04  19:00:00,272.221836747,0.0,0.0,0.0,24.9203635341,149.522181205,0.02,0.0,0.02
 07/04  20:00:00,280.765504257,0.0,0.0,0.0,24.9203635341,149.522181205,2.18819259147,0.0,2.18819259147
 07/04  21:00:00,299.04072414,0.0,0.0,0.0,24.9203635341,149.522181205,2.19016232936,0.0,2.19016232936
 07/04  22:00:00,274.595046374,0.0,0.0,0.0,24.9203635341,149.522181205,2.18808753353,0.0,2.18808753353
 07/04  23:00:00,250.150649948,0.0,0.0,0.0,24.9203635341,149.522181205,0.02,0.0,0.02
 07/04  24:00:00,237.928452397,0.0,0.0,0.0,24.9203635341,149.522181205,2.18816447415,0.0,2.18816447415
 07/05  01:00:00,287.769604849,0.0,0.0,0.0,24.9203635341,199.362908273,2.18876134268,0.0,2.18876134268
 07/05  02:00:00,287.769604877,0.0,0.0,0.0,24.9203635341,199.362908273,2.18872273719,0.0,2.18872273719
 07/05  03:00:00,287.769604725,0.0,0.0,0.0,24.9203635341,199.362908273,2.18868399328,0.0,2.18868399328
 07/05  04:00:00,299.99180218,0.0,0.0,0.0,24.9203635341,199.362908273,2.18864515795,0.0,2.18864515795
 07/05  05:00:00,349.357842692,0.0,0.0,0.0,49.8407270682,199.362908273,2.19054802232,0.0,2.19054802232
 07/05  06:00:00,915.255334181,34.1635710907,414.825129461,0.0,49.8407270682,199.362908273,25.5537690738,23.3638898751,2.18987919865
 07/05  07:00:00,983.640704144,30.3148174886,381.698644307,0.0,149.522181205,199.362908273,29.5779208051,23.0251538374,6.55276696774
 07/05  08:00:00,1561.37280752,33.9202680591,405.996704971,0.0,448.566543614,448.566543614,12.0925591238,1.1333925634,10.9591665604
 07/05  09:00:00,1567.61247896,37.6937947021,445.035543197,0.0,448.566543614,448.566543614,11.1937897436,0.228061597342,10.9657281463
 07/05  10:00:00,1521.95596239,39.4545770915,446.506788581,0.0,448.566543614,448.566543614,13.1626818139,0.0,13.1626818139
 07/05  11:00:00,1521.34531756,39.6857545572,445.661538082,0.0,448.566543614,448.566543614,15.388224617,0.0,15.388224617
 07/05  12:00:00,1477.74751781,36.2815102151,455.304445808,0.0,448.566543614,398.725816546,17.6349725995,0.0,17.6349725995
 07/05  13:00:00,1522.76398652,42.3328248735,444.430148673,0.0,448.566543614,448.566543614,17.6194056889,0.0,17.6194056889
 07/05  14:00:00,1521.3109736,42.6301899243,442.688317343,0.0,448.566543614,448.566543614,10.9548227875,0.0,10.9548227875
 07/05  15:00:00,1519.5758695,43.4914082822,440.092417837,0.0,448.566543614,448.566543614,10.9506877327,0.0,10.9506877327
 07/05  16:00:00,1565.67063434,45.4490225736,435.336083794,0.0,448.566543614,448.566543614,13.1770359808,0.0,13.1770359808
 07/05  17:00:00,1461.14173435,40.7488342182,448.370640233,0.0,348.885089477,398.725816546,8.74669062514,0.0,8.74669062514
 07/05  18:00:00,1276.55628865,34.3588383401,469.540235812,0.0,249.203635341,299.044362409,6.55689286056,0.0,6.55689286056
 07/05  19:00:00,1255.34064008,33.5208660554,473.609517903,0.0,249.203635341,299.044362409,4.37019988059,0.0,4.37019988059
 07/05  20:00:00,1126.13072647,30.5891357549,488.308993686,0.0,149.522181205,249.203635341,6.54896367441,0.0,6.54896367441
 07/05  21:00:00,1130.84841422,30.3148174886,475.030906972,0.0,149.522181205,249.203635341,2.19061339249,0.0,2.19061339249
 07/05  22:00:00,349.356561672,0.0,0.0,0.0,49.8407270682,199.362908273,2.18877895548,0.0,2.18877895548
 07/05  23:00:00,299.991802451,0.0,0.0,0.0,24.9203635341,199.362908273,2.18873973691,0.0,2.18873973691
 07/05  24:00:00,287.769604342,0.0,0.0,0.0,24.9203635341,199.362908273,2.18870054669,0.0,2.18870054669
 07/06  01:00:00,287.769601722,0.0,0.0,0.0,24.9203635341,199.362908273,0.02,0.0,0.02
 07/06  02:00:00,287.769602097,0.0,0.0,0.0,24.9203635341,199.362908273,2.18865448141,0.0,2.18865448141
 07/06  03:00:00,287.769602379,0.0,0.0,0.0,24.9203635341,199.362908273,2.18885555636,0.0,2.18885555636
 07/06  04:00:00,299.991800215,0.0,0.0,0.0,24.9203635341,199.362908273,2.18881249544,0.0,2.18881249544
 07/06  05:00:00,349.357838332,0.0,0.0,0.0,49.8407270682,199.362908273,2.19045472651,0.0,2.19045472651
 07/06  06:00:00,930.483182813,34.7467881431,429.483765924,0.0,49.8407270682,199.362908273,6.10866851972,3.91863555851,2.19003296121
 07/06  07:00:00,1006.38402064,30.3148174886,403.157773302,0.0,149.522181205,199.362908273,15.243381056,8.69042982155,6.55295123445
 07/06  08:00:00,1594.22562494,35.6913584212,436.985995847,0.0,448.566543614,448.566543614,10.9626403528,0.00552917136961,10.9571111815
 07/06  09:00:00,1570.62249726,40.9725521693,444.76700034,0.0,448.566543614,448.566543614,13.1556593432,0.0,13.1556593432
 07/06  10:00:00,1516.4144611,44.1970498204,436.222815957,0.0,448.566543614,448.566543614,10.9695469415,0.0,10.9695469415
 07/06  11:00:00,1514.47581978,45.0038810066,433.473950158,0.0,448.566543614,448.566543614,15.3858758714,0.0,15.3858758714
 07/06  12:00:00,1470.12423593,39.9435796049,444.019118814,0.0,448.566543614,398.725816546,17.6336437864,0.0,17.6336437864
 07/06  13:00:00,1514.47176056,46.3776338837,432.093143194,0.0,448.566543614,448.566543614,17.6201279316,0.0,17.6201279316
 07/06  14:00:00,1513.53518025,47.9966819792,429.546045288,0.0,448.566543614,448.566543614,10.9538121315,0.0,10.9538121315
 07/06  15:00:00,1513.00492703,50.3680005155,426.644901201,0.0,448.566543614,448.566543614,10.9510682304,0.0,10.9510682304
 07/06  16:00:00,1560.61210524,56.0237637673,419.702835603,0.0,448.566543614,448.566543614,13.1789815567,0.0,13.1789815567
 07/06  17:00:00,1449.46263202,51.2045051753,426.235878844,0.0,348.885089477,398.725816546,8.74798727299,0.0,8.74798727299
 07/06  18:00:00,1251.23978848,41.5687135945,437.013869906,0.0,249.203635341,299.044362409,6.55505720335,0.0,6.55505720335
 07/06  19:00:00,1231.83967147,38.5444720915,445.084950488,0.0,249.203635341,299.044362409,4.3694866682,0.0,4.3694866682
 07/06  20:00:00,1109.66452704,33.0371181534,469.394821524,0.0,149.522181205,249.203635341,6.54833950896,0.0,6.54833950896
 07/06  21:00:00,1142.93113518,30.6801059225,486.748343428,0.0,149.522181205,249.203635341,2.19054454008,0.0,2.19054454008
 07/06  22:00:00,430.024382846,0.821471083491,53.8484334579,0.0,49.8407270682,199.362908273,2.18883753416,0.0,2.18883753416
 07/06  23:00:00,631.408594532,12.5439839989,255.155568446,0.0,24.9203635341,199.362908273,2.18879424337,0.0,2.18879424337
 07/06  24:00:00,386.511787054,1.23220662524,58.5131297917,0.0,24.9203635341,199.362908273,2.18884889265,0.0,2.18884889265
 07/07  01:00:00,287.769599444,0.0,0.0,0.0,24.9203635341,199.362908273,2.18870050786,0.0,2.18870050786
 07/07  02:00:00,287.76959931,0.0,0.0,0.0,24.9203635341,199.362908273,0.02,0.0,0.02
 07/07  03:00:00,287.769599677,0.0,0.0,0.0,24.9203635341,199.362908273,2.18865361517,0.0,2.18865361517
 07/07  04:00:00,299.991797784,0.0,0.0,0.0,24.9203635341,199.362908273,2.18884989268,0.0,2.18884989268
 07/07  05:00:00,349.35783466,0.0,0.0,0.0,49.8407270682,199.362908273,2.19072710686,0.0,2.19072710686
 07/07  06:00:00,946.856036852,36.5861937271,444.020038531,0.0,49.8407270682,199.362908273,2.19013876727,0.0,2.19013876727
 07/07  07:00:00,1053.49293757,30.3148174886,449.884687887,0.0,149.522181205,199.362908273,6.55281105492,0.0,6.55281105492
 07/07  08:00:00,1607.31123464,40.445933017,445.317051135,0.0,448.566543614,448.566543614,10.9574389018,0.0,10.9574389018
 07/07  09:00:00,1557.27220423,47.6213797624,424.767899422,0.0,448.566543614,448.566543614,13.156640226,0.0,13.156640226
 07/07  10:00:00,1513.12031047,51.2515632103,425.874171069,0.0,448.566543614,448.566543614,10.9668009009,0.0,10.9668009009
 07/07  11:00:00,1515.60112026,51.8902869591,427.712866765,0.0,448.566543614,448.566543614,15.3859531349,0.0,15.3859531349
 07/07  12:00:00,1464.6131405,45.9330235468,432.518606555,0.0,448.566543614,398.725816546,17.6337505937,0.0,17.6337505937
 07/07  13:00:00,1515.94303645,53.3702935727,426.571785955,0.0,448.566543614,448.566543614,17.6178127966,0.0,17.6178127966
 07/07  14:00:00,1515.05746819,54.8121825168,424.252848629,0.0,448.566543614,448.566543614,10.9538650309,0.0,10.9538650309
 07/07  15:00:00,1510.4034059,58.0776223692,416.333774138,0.0,448.566543614,448.566543614,10.9510035746,0.0,10.9510035746
 07/07  16:00:00,1559.92087711,63.1943002472,411.8410924,0.0,448.566543614,448.566543614,13.178625295,0.0,13.178625295
 07/07  17:00:00,1444.45036297,56.3976315595,416.030496068,0.0,348.885089477,398.725816546,8.74777883893,0.0,8.74777883893
 07/07  18:00:00,1246.9075485,45.0948376831,429.155515704,0.0,249.203635341,299.044362409,6.55488310543,0.0,6.55488310543
 07/07  19:00:00,1231.99487752,41.1895706806,442.595065417,0.0,249.203635341,299.044362409,4.37003181111,0.0,4.37003181111
 07/07  20:00:00,1100.9686549,34.2073041281,459.528771529,0.0,149.522181205,249.203635341,6.54886742267,0.0,6.54886742267
 07/07  21:00:00,1133.05673266,31.5588784553,475.995172235,0.0,149.522181205,249.203635341,2.19047518866,0.0,2.19047518866
 07/07  22:00:00,665.271673242,11.3285280024,243.224386338,0.0,49.8407270682,199.362908273,2.18881809039,0.0,2.18881809039
 07/07  23:00:00,646.219720821,11.5128828429,260.183376516,0.0,24.9203635341,199.362908273,2.18881937606,0.0,2.18881937606
 07/07  24:00:00,394.150740733,1.23220662524,66.1520811757,0.0,24.9203635341,199.362908273,2.18882065503,0.0,2.18882065503
 07/08  01:00:00,237.928869943,0.0,0.0,0.0,24.9203635341,149.522181205,2.18861987413,0.0,2.18861987413
 07/08  02:00:00,237.928869922,0.0,0.0,0.0,24.9203635341,149.522181205,0.02,0.0,0.02
 07/08  03:00:00,237.928870298,0.0,0.0,0.0,24.9203635341,149.522181205,2.18881186433,0.0,2.18881186433
 07/08  04:00:00,250.151068308,0.0,0.0,0.0,24.9203635341,149.522181205,2.1887608221,0.0,2.1887608221
 07/08  05:00:00,274.596740084,0.0,0.0,0.0,24.9203635341,149.522181205,2.19062858765,0.0,2.19062858765
 07/08  06:00:00,972.450386459,38.0539452594,468.146639995,0.0,49.8407270682,199.362908273,2.19010325058,0.0,2.19010325058
 07/08  07:00:00,989.70701967,30.3148174886,485.783636431,0.0,49.8407270682,199.362908273,4.36452391318,0.0,4.36452391318
 07/08  08:00:00,1230.45672751,31.3601823377,476.2826422,0.0,249.203635341,249.203635341,4.36981383355,0.0,4.36981383355
 07/08  09:00:00,1179.46157418,34.7289258693,458.582785436,0.0,249.203635341,249.203635341,6.55643217013,0.0,6.55643217013
 07/08  10:00:00,1128.00842049,35.8257607922,454.922439654,0.0,249.203635341,249.203635341,6.55261307763,0.0,6.55261307763
 07/08  11:00:00,1125.30717857,35.4774327193,452.567821922,0.0,249.203635341,249.203635341,8.73990926682,0.0,8.73990926682
 07/08  12:00:00,1124.33845164,34.4366116292,452.641193616,0.0,249.203635341,249.203635341,6.55314321131,0.0,6.55314321131
 07/08  13:00:00,1120.72042281,34.1982023632,449.261999132,0.0,249.203635341,249.203635341,4.37469448884,0.0,4.37469448884
 07/08  14:00:00,871.656823619,32.9859518967,450.615988759,0.0,74.7610906023,174.442544739,6.54446673594,0.0,6.54446673594
 07/08  15:00:00,874.402274829,33.0180906961,453.330152973,0.0,74.7610906023,174.442544739,4.3671709527,0.0,4.3671709527
 07/08  16:00:00,923.836633949,35.0893090099,451.804076349,0.0,74.7610906023,174.442544739,4.36863086675,0.0,4.36863086675
 07/08  17:00:00,885.604152952,35.9155495404,450.842830663,0.0,24.9203635341,149.522181205,2.19006388515,0.0,2.19006388515
 07/08  18:00:00,820.287176434,22.7854303962,422.568276775,0.0,24.9203635341,149.522181205,2.19007520484,0.0,2.19007520484
 07/08  19:00:00,735.894990874,19.8743045159,375.678733085,0.0,24.9203635341,149.522181205,2.19008396716,0.0,2.19008396716
 07/08  20:00:00,856.953061003,24.4412100205,466.596519251,0.0,24.9203635341,149.522181205,2.19002651593,0.0,2.19002651593
 07/08  21:00:00,798.700374595,19.2820665693,399.300070274,0.0,24.9203635341,149.522181205,4.36274285177,0.0,4.36274285177
 07/08  22:00:00,686.085367182,13.7761906241,320.929036187,0.0,24.9203635341,149.522181205,0.02,0.0,0.02
 07/08  23:00:00,559.285830427,11.548614777,242.01291574,0.0,24.9203635341,149.522181205,2.18883246632,0.0,2.18883246632
 07/08  24:00:00,316.106538343,0.821471083491,51.3582869926,0.0,24.9203635341,149.522181205,2.18882189523,0.0,2.18882189523
 07/09  01:00:00,276.557406929,0.410735541745,25.2192723651,0.0,24.9203635341,149.522181205,2.18818597682,0.0,2.18818597682
 07/09  02:00:00,237.928442517,0.0,0.0,0.0,24.9203635341,149.522181205,0.02,0.0,0.02
 07/09  03:00:00,237.92844273,0.0,0.0,0.0,24.9203635341,149.522181205,2.18814201055,0.0,2.18814201055
 07/09  04:00:00,250.150641229,0.0,0.0,0.0,24.9203635341,149.522181205,2.18819852826,0.0,2.18819852826
 07/09  05:00:00,274.596311449,0.0,0.0,0.0,24.9203635341,149.522181205,2.18993284682,0.0,2.18993284682
 07/09  06:00:00,289.309161088,0.0,0.0,0.0,24.9203635341,149.522181205,2.18815462376,0.0,2.18815462376
 07/09  07:00:00,688.10365476,18.4926694694,305.869419215,0.0,24.9203635341,149.522181205,0.02,0.0,0.02
 07/09  08:00:00,830.050638051,24.3023785979,423.933476925,0.0,24.9203635341,149.522181205,2.18811007077,0.0,2.18811007077
 07/09  09:00:00,692.903798694,19.7428058226,345.042515396,0.0,24.9203635341,149.522181205,2.18820713923,0.0,2.18820713923
 07/09  10:00:00,764.006201043,24.7006353828,443.046168546,0.0,24.9203635341,149.522181205,0.02,0.0,0.02
 07/09  11:00:00,656.075140093,19.6107220417,357.233882127,0.0,24.9203635341,149.522181205,2.18946378913,0.0,2.18946378913
 07/09  12:00:00,769.53912165,24.2457097547,449.033164079,0.0,24.9203635341,149.522181205,2.18945741417,0.0,2.18945741417
 07/09  13:00:00,656.079700616,19.1474148838,357.700473657,0.0,24.9203635341,149.522181205,4.36266209522,0.0,4.36266209522
 07/09  14:00:00,765.743648763,24.0684824831,445.414918431,0.0,24.9203635341,149.522181205,2.18944531588,0.0,2.18944531588
 07/09  15:00:00,655.198983717,19.2272666131,356.742031876,0.0,24.9203635341,149.522181205,0.02,0.0,0.02
 07/09  16:00:00,812.61305877,24.2999618944,443.164907905,0.0,24.9203635341,149.522181205,2.18817509955,0.0,2.18817509955
 07/09  17:00:00,736.089044284,19.9209810718,351.382992335,0.0,24.9203635341,149.522181205,2.18808001374,0.0,2.18808001374
 07/09  18:00:00,840.752571714,25.2138814144,433.723908405,0.0,24.9203635341,149.522181205,0.02,0.0,0.02
 07/09  19:00:00,711.570451702,19.9493580265,351.280418944,0.0,24.9203635341,149.522181205,2.18817704038,0.0,2.18817704038
 07/09  20:00:00,832.493243069,24.2836261305,442.29556306,0.0,24.9203635341,149.522181205,2.18819300678,0.0,2.18819300678
 07/09  21:00:00,687.305307952,14.9453584584,296.310253194,0.0,24.9203635341,149.522181205,2.19003589256,0.0,2.19003589256
 07/09  22:00:00,660.709307206,13.9404848408,290.48597704,0.0,24.9203635341,149.522181205,2.18819790185,0.0,2.18819790185
 07/09  23:00:00,512.590927248,10.5048834307,199.510266337,0.0,24.9203635341,149.522181205,0.02,0.0,0.02
 07/09  24:00:00,335.103697983,1.23220662524,56.9486935465,0.0,24.9203635341,149.522181205,2.18820351817,0.0,2.18820351817
 07/10  01:00:00,287.769593063,0.0,0.0,0.0,24.9203635341,199.362908273,2.18871277694,0.0,2.18871277694
 07/10  02:00:00,383.239214172,1.23220662524,55.2413940567,0.0,24.9203635341,199.362908273,2.18877605309,0.0,2.18877605309
 07/10  03:00:00,287.769592538,0.0,0.0,0.0,24.9203635341,199.362908273,1.26038275484,0.0,1.26038275484
 07/10  04:00:00,299.991790312,0.0,0.0,0.0,24.9203635341,199.362908273,0.947877789174,0.0,0.947877789174
 07/10  05:00:00,349.357824139,0.0,0.0,0.0,49.8407270682,199.362908273,4.36095469735,0.0,4.36095469735
 07/10  06:00:00,960.740053012,35.3571023569,459.133155816,0.0,49.8407270682,199.362908273,2.18979361318,0.0,2.18979361318
 07/10  07:00:00,1089.03845877,30.3161966495,485.428855334,0.0,149.522181205,199.362908273,5.11741923707,0.0,5.11741923707
 07/10  08:00:00,1617.42820102,33.8949525217,461.985050673,0.0,448.566543614,448.566543614,12.3962400048,0.0,12.3962400048
 07/10  09:00:00,1565.49394997,38.8207296037,441.79034311,0.0,448.566543614,448.566543614,10.9675383335,0.0,10.9675383335
 07/10  10:00:00,1513.77979332,43.2439145746,434.541363959,0.0,448.566543614,448.566543614,13.1561828819,0.0,13.1561828819
 07/10  11:00:00,1514.03282425,44.6988995809,433.336017933,0.0,448.566543614,448.566543614,13.1878588575,0.0,13.1878588575
 07/10  12:00:00,1465.82356312,40.0073744112,439.65475723,0.0,448.566543614,398.725816546,17.6320728715,0.0,17.6320728715
 07/10  13:00:00,1515.06851114,46.8752942943,432.192334111,0.0,448.566543614,448.566543614,17.6162840035,0.0,17.6162840035
 07/10  14:00:00,1517.30078381,49.1279431453,432.180451549,0.0,448.566543614,448.566543614,10.9523848483,0.0,10.9523848483
 07/10  15:00:00,1521.71717103,53.4190744593,432.3061326,0.0,448.566543614,448.566543614,10.9492142737,0.0,10.9492142737
 07/10  16:00:00,1573.97879815,60.0348217831,429.058553091,0.0,448.566543614,448.566543614,13.175669749,0.0,13.175669749
 07/10  17:00:00,1455.09341307,54.8359096372,428.235304018,0.0,348.885089477,398.725816546,8.74592117583,0.0,8.74592117583
 07/10  18:00:00,1250.47125201,45.0992409988,432.714846282,0.0,249.203635341,299.044362409,6.5561818641,0.0,6.5561818641
 07/10  19:00:00,1228.10605188,42.5012930745,437.39453802,0.0,249.203635341,299.044362409,4.36971911956,0.0,4.36971911956
 07/10  20:00:00,1095.07991059,35.6645868805,452.182767511,0.0,149.522181205,249.203635341,6.54801657963,0.0,6.54801657963
 07/10  21:00:00,1123.30939204,31.8184398968,465.988280379,0.0,149.522181205,249.203635341,2.19070114383,0.0,2.19070114383
 07/10  22:00:00,730.336501203,14.2130387933,298.305290707,0.0,49.8407270682,199.362908273,2.18879562996,0.0,2.18879562996
 07/10  23:00:00,750.775342735,14.3997468024,345.944829905,0.0,24.9203635341,199.362908273,2.18883327459,0.0,2.18883327459
 07/10  24:00:00,619.549687607,11.7329696176,264.303066136,0.0,24.9203635341,199.362908273,0.02,0.0,0.02
 07/11  01:00:00,363.76714118,0.821471083491,49.178172887,0.0,24.9203635341,199.362908273,2.18881905326,0.0,2.18881905326
 07/11  02:00:00,673.944318895,12.6978041351,287.858034192,0.0,24.9203635341,199.362908273,2.18880533389,0.0,2.18880533389
 07/11  03:00:00,393.094249336,1.23220662524,65.0955968357,0.0,24.9203635341,199.362908273,2.18879145107,0.0,2.18879145107
 07/11  04:00:00,299.991788514,0.0,0.0,0.0,24.9203635341,199.362908273,2.18867961262,0.0,2.18867961262
 07/11  05:00:00,349.357819988,0.0,0.0,0.0,49.8407270682,199.362908273,2.1904032131,0.0,2.1904032131
 07/11  06:00:00,965.550572156,37.727319933,461.573460873,0.0,49.8407270682,199.362908273,2.1900853676,0.0,2.1900853676
 07/11  07:00:00,1082.52140529,30.3148174886,478.913188066,0.0,149.522181205,199.362908273,6.55202686141,0.0,6.55202686141
 07/11  08:00:00,1615.78748353,38.5952851819,455.644016944,0.0,448.566543614,448.566543614,10.9564381463,0.0,10.9564381463
 07/11  09:00:00,1560.97604213,46.1369250316,429.956248565,0.0,448.566543614,448.566543614,10.9637123146,0.0,10.9637123146
 07/11  10:00:00,1510.13783168,50.6240086108,423.519336536,0.0,448.566543614,448.566543614,13.159219295,0.0,13.159219295
 07/11  11:00:00,1512.36781623,52.168242051,424.201676598,0.0,448.566543614,448.566543614,15.3864842885,0.0,15.3864842885
 07/11  12:00:00,1463.78906535,46.7982015814,430.829463375,0.0,448.566543614,398.725816546,17.6306675655,0.0,17.6306675655
 07/11  13:00:00,1517.34230018,54.505855548,426.835587576,0.0,448.566543614,448.566543614,15.4161957565,0.0,15.4161957565
 07/11  14:00:00,1516.6863889,56.7745929609,423.919419395,0.0,448.566543614,448.566543614,10.952928163,0.0,10.952928163
 07/11  15:00:00,1515.07169619,61.6271318042,417.452615806,0.0,448.566543614,448.566543614,10.949674888,0.0,10.949674888
 07/11  16:00:00,1571.25239184,68.5011018995,417.86588548,0.0,448.566543614,448.566543614,13.1777185874,0.0,13.1777185874
 07/11  17:00:00,1453.62553344,61.5086986928,420.094647106,0.0,348.885089477,398.725816546,8.74727291603,0.0,8.74727291603
 07/11  18:00:00,1247.42857817,48.5347865523,426.236634864,0.0,249.203635341,299.044362409,6.55443245026,0.0,6.55443245026
 07/11  19:00:00,1228.40203199,43.6934861249,436.498332109,0.0,249.203635341,299.044362409,4.36971316709,0.0,4.36971316709
 07/11  20:00:00,1089.76174222,35.9317307174,446.597463426,0.0,149.522181205,249.203635341,6.54821397348,0.0,6.54821397348
 07/11  21:00:00,1114.99003682,32.6387625225,456.848606832,0.0,149.522181205,249.203635341,2.19065205258,0.0,2.19065205258
 07/11  22:00:00,762.345400947,14.4935493624,327.763687671,0.0,49.8407270682,199.362908273,2.18882327813,0.0,2.18882327813
 07/11  23:00:00,784.239720959,13.604224051,381.510479798,0.0,24.9203635341,199.362908273,2.1888089864,0.0,2.1888089864
 07/11  24:00:00,679.287078787,13.7383673495,303.331068813,0.0,24.9203635341,199.362908273,2.18877843248,0.0,2.18877843248
 07/12  01:00:00,659.640916055,12.4481125305,276.280194893,0.0,24.9203635341,199.362908273,0.02,0.0,0.02
 07/12  02:00:00,354.060752903,0.821471083491,39.4717945288,0.0,24.9203635341,199.362908273,2.18879010245,0.0,2.18879010245
 07/12  03:00:00,386.069281739,1.23220662524,58.0706353757,0.0,24.9203635341,199.362908273,2.18880428449,0.0,2.18880428449
 07/12  04:00:00,299.991786551,0.0,0.0,0.0,24.9203635341,199.362908273,2.18873770418,0.0,2.18873770418
 07/12  05:00:00,444.354824976,1.23220662524,54.7754268272,0.0,49.8407270682,199.362908273,2.19069784402,0.0,2.19069784402
 07/12  06:00:00,943.681173164,37.9319120475,439.499472634,0.0,49.8407270682,199.362908273,2.1900516652,0.0,2.1900516652
 07/12  07:00:00,1063.94312789,30.4434811102,460.206256489,0.0,149.522181205,199.362908273,6.55158261596,0.0,6.55158261596
 07/12  08:00:00,1607.54073468,42.4572297193,443.535335572,0.0,448.566543614,448.566543614,10.9558191158,0.0,10.9558191158
 07/12  09:00:00,1557.02045557,50.270852053,421.866753907,0.0,448.566543614,448.566543614,10.9630602068,0.0,10.9630602068
 07/12  10:00:00,1514.38429789,54.8670780687,423.522746736,0.0,448.566543614,448.566543614,13.1603060249,0.0,13.1603060249
 07/12  11:00:00,1513.56662008,56.2406082621,421.328136241,0.0,448.566543614,448.566543614,15.3853841462,0.0,15.3853841462
 07/12  12:00:00,1460.99920329,49.9746205349,424.863206181,0.0,448.566543614,398.725816546,17.6313785967,0.0,17.6313785967
 07/12  13:00:00,1516.35396725,58.7744677957,421.578665559,0.0,448.566543614,448.566543614,15.414301284,0.0,15.414301284
 07/12  14:00:00,1518.72435176,61.0006890285,421.731300516,0.0,448.566543614,448.566543614,10.9532574997,0.0,10.9532574997
 07/12  15:00:00,1521.67408805,65.2777153095,420.404438357,0.0,448.566543614,448.566543614,10.9499011431,0.0,10.9499011431
 07/12  16:00:00,1572.03550918,71.1089161808,416.041206911,0.0,448.566543614,448.566543614,13.1777504855,0.0,13.1777504855
 07/12  17:00:00,1452.33807992,63.2987319421,417.017172001,0.0,348.885089477,398.725816546,8.74619049298,0.0,8.74619049298
 07/12  18:00:00,1250.33850309,49.2482396712,428.433116276,0.0,249.203635341,299.044362409,6.55444578256,0.0,6.55444578256
 07/12  19:00:00,1229.5988491,43.551484661,437.837156894,0.0,249.203635341,299.044362409,4.3697188145,0.0,4.3697188145
 07/12  20:00:00,1096.71685309,35.2881870712,454.196125144,0.0,149.522181205,249.203635341,6.54818264175,0.0,6.54818264175
 07/12  21:00:00,1126.51413111,32.3801648898,468.631302157,0.0,149.522181205,249.203635341,2.19064672575,0.0,2.19064672575
 07/12  22:00:00,705.092659637,13.2570546859,275.208318673,0.0,49.8407270682,199.362908273,2.18881807358,0.0,2.18881807358
 07/12  23:00:00,678.088101015,12.0271713714,278.654891738,0.0,24.9203635341,199.362908273,2.18875243285,0.0,2.18875243285
 07/12  24:00:00,641.001801483,12.4070389763,269.16552442,0.0,24.9203635341,199.362908273,2.18878281101,0.0,2.18878281101
 07/13  01:00:00,524.482396762,6.2899015673,173.74876875,0.0,24.9203635341,199.362908273,0.02,0.0,0.02
 07/13  02:00:00,491.625979502,8.91030338824,160.886666115,0.0,24.9203635341,199.362908273,2.1887747459,0.0,2.1887747459
 07/13  03:00:00,393.070986466,1.23220662524,65.0723373405,0.0,24.9203635341,199.362908273,2.18878450237,0.0,2.18878450237
 07/13  04:00:00,299.99178446,0.0,0.0,0.0,24.9203635341,199.362908273,2.18871523792,0.0,2.18871523792
 07/13  05:00:00,349.357813149,0.0,0.0,0.0,49.8407270682,199.362908273,2.19066371508,0.0,2.19066371508
 07/13  06:00:00,973.120584289,38.5996235734,468.27117516,0.0,49.8407270682,199.362908273,2.1900185174,0.0,2.1900185174
 07/13  07:00:00,1087.80718703,30.4313108067,484.082492861,0.0,149.522181205,199.362908273,6.55098880913,0.0,6.55098880913
 07/13  08:00:00,1608.06451235,42.8023014324,443.714057157,0.0,448.566543614,448.566543614,10.9568237907,0.0,10.9568237907
 07/13  09:00:00,1557.65282935,50.5147178371,422.255276492,0.0,448.566543614,448.566543614,10.9624499072,0.0,10.9624499072
 07/13  10:00:00,1512.05680571,54.9074272937,421.15492345,0.0,448.566543614,448.566543614,13.1593897536,0.0,13.1593897536
 07/13  11:00:00,1514.92718049,56.0605547149,422.868768153,0.0,448.566543614,448.566543614,15.384086495,0.0,15.384086495
 07/13  12:00:00,1464.17701608,49.2886945543,428.726969669,0.0,448.566543614,398.725816546,17.6295024356,0.0,17.6295024356
 07/13  13:00:00,1515.45204115,56.8313039996,422.619926012,0.0,448.566543614,448.566543614,15.4147864116,0.0,15.4147864116
 07/13  14:00:00,1516.39361125,58.8195643585,421.581698743,0.0,448.566543614,448.566543614,10.9519868738,0.0,10.9519868738
 07/13  15:00:00,1523.71539922,62.1585443768,425.688680603,0.0,448.566543614,448.566543614,10.9485425099,0.0,10.9485425099
 07/13  16:00:00,1578.09785473,67.0220998572,426.878140049,0.0,448.566543614,448.566543614,13.1758568045,0.0,13.1758568045
 07/13  17:00:00,1454.96731368,58.8943919608,424.050755792,0.0,348.885089477,398.725816546,8.7461079217,0.0,8.7461079217
 07/13  18:00:00,1251.10024506,46.0415947971,432.401511109,0.0,249.203635341,299.044362409,6.55625285364,0.0,6.55625285364
 07/13  19:00:00,1228.26212939,41.7988781122,438.253050009,0.0,249.203635341,299.044362409,4.36975750382,0.0,4.36975750382
 07/13  20:00:00,1092.63286703,34.7406960966,450.659636802,0.0,149.522181205,249.203635341,6.54795680185,0.0,6.54795680185
 07/13  21:00:00,1115.7184742,32.4155884453,457.800224283,0.0,149.522181205,249.203635341,2.19069616314,0.0,2.19069616314
 07/13  22:00:00,723.17469534,13.4998351382,294.087667408,0.0,49.8407270682,199.362908273,2.18879328046,0.0,2.18879328046
 07/13  23:00:00,741.081324428,11.9892659492,341.293096002,0.0,24.9203635341,199.362908273,2.18879574877,0.0,2.18879574877
 07/13  24:00:00,759.480491947,14.1164345092,366.935632921,0.0,24.9203635341,199.362908273,0.02,0.0,0.02
 07/14  01:00:00,605.390229413,11.3285280024,244.847872818,0.0,24.9203635341,199.362908273,2.18879504778,0.0,2.18879504778
 07/14  02:00:00,333.296597913,0.488680064029,31.9528565081,0.0,24.9203635341,199.362908273,2.18877016584,0.0,2.18877016584
 07/14  03:00:00,423.594964749,1.60091630633,107.361251355,0.0,24.9203635341,199.362908273,2.18877791992,0.0,2.18877791992
 07/14  04:00:00,299.991782301,0.0,0.0,0.0,24.9203635341,199.362908273,2.18862450052,0.0,2.18862450052
 07/14  05:00:00,431.538497161,0.821471083491,55.3612993913,0.0,49.8407270682,199.362908273,2.19069100058,0.0,2.19069100058
 07/14  06:00:00,994.992638558,38.6202140353,490.122642003,0.0,49.8407270682,199.362908273,2.18999803874,0.0,2.18999803874
 07/14  07:00:00,1074.53506273,31.0030227034,470.238665309,0.0,149.522181205,199.362908273,6.55235552438,0.0,6.55235552438
 07/14  08:00:00,1601.60049562,45.1995443158,434.852812863,0.0,448.566543614,448.566543614,10.9562574614,0.0,10.9562574614
 07/14  09:00:00,1564.6686326,51.4578240934,428.327988728,0.0,448.566543614,448.566543614,10.9651692342,0.0,10.9651692342
 07/14  10:00:00,1520.7472365,54.6491230727,430.103672698,0.0,448.566543614,448.566543614,13.1566064029,0.0,13.1566064029
 07/14  11:00:00,1522.03301091,54.737592444,431.306567761,0.0,448.566543614,448.566543614,13.1874592352,0.0,13.1874592352
 07/14  12:00:00,1469.22379859,47.8144184842,435.260716958,0.0,448.566543614,398.725816546,17.6299969483,0.0,17.6299969483
 07/14  13:00:00,1521.82350437,55.6608317827,430.161880901,0.0,448.566543614,448.566543614,17.6146917998,0.0,17.6146917998
 07/14  14:00:00,1519.45485774,57.5212828059,425.941244071,0.0,448.566543614,448.566543614,10.9520391571,0.0,10.9520391571
 07/14  15:00:00,1521.46251941,57.7361178045,427.734491109,0.0,448.566543614,448.566543614,10.9484552039,0.0,10.9484552039
 07/14  16:00:00,1572.19394571,60.2074193918,427.21916546,0.0,448.566543614,448.566543614,13.1720995522,0.0,13.1720995522
 07/14  17:00:00,1453.52887175,50.8760212411,430.696195019,0.0,348.885089477,398.725816546,8.74587856209,0.0,8.74587856209
 07/14  18:00:00,1256.01739204,37.0622160084,446.298046639,0.0,249.203635341,299.044362409,6.55439488732,0.0,6.55439488732
 07/14  19:00:00,1240.77047298,34.7700125274,457.790264814,0.0,249.203635341,299.044362409,4.36983741076,0.0,4.36983741076
 07/14  20:00:00,1108.78339135,31.7951383513,469.755726098,0.0,149.522181205,249.203635341,4.37224243993,0.0,4.37224243993
 07/14  21:00:00,1130.76819966,30.58386032,474.681680985,0.0,149.522181205,249.203635341,4.36082901337,0.0,4.36082901337
 07/14  22:00:00,349.356540902,0.0,0.0,0.0,49.8407270682,199.362908273,0.02,0.0,0.02
 07/14  23:00:00,299.991782168,0.0,0.0,0.0,24.9203635341,199.362908273,2.18861184474,0.0,2.18861184474
 07/14  24:00:00,426.191962388,1.23220662524,98.1932708271,0.0,24.9203635341,199.362908273,2.1887795068,0.0,2.1887795068
 07/15  01:00:00,237.928855676,0.0,0.0,0.0,24.9203635341,149.522181205,2.18870183753,0.0,2.18870183753
 07/15  02:00:00,237.928855499,0.0,0.0,0.0,24.9203635341,149.522181205,2.18862632292,0.0,2.18862632292
 07/15  03:00:00,237.928855089,0.0,0.0,0.0,24.9203635341,149.522181205,0.02,0.0,0.02
 07/15  04:00:00,250.151052867,0.0,0.0,0.0,24.9203635341,149.522181205,2.18878980291,0.0,2.18878980291
 07/15  05:00:00,274.596717001,0.0,0.0,0.0,24.9203635341,149.522181205,4.3607655259,0.0,4.3607655259
 07/15  06:00:00,972.337782606,38.7523432208,467.335659094,0.0,49.8407270682,199.362908273,2.19000071146,0.0,2.19000071146
 07/15  07:00:00,983.927937634,30.3148174886,480.00458797,0.0,49.8407270682,199.362908273,2.19253241905,0.0,2.19253241905
 07/15  08:00:00,1226.47823709,30.4506172845,473.213761324,0.0,249.203635341,249.203635341,6.54414905876,0.0,6.54414905876
 07/15  09:00:00,1181.94167266,30.8717067633,464.92016494,0.0,249.203635341,249.203635341,6.55418604582,0.0,6.55418604582
 07/15  10:00:00,1128.74736191,31.4381325518,460.04906537,0.0,249.203635341,249.203635341,4.37424406742,0.0,4.37424406742
 07/15  11:00:00,1124.16754188,32.447838281,454.457849869,0.0,249.203635341,249.203635341,8.73859341873,0.0,8.73859341873
 07/15  12:00:00,1122.90286029,34.1883107943,451.453963535,0.0,249.203635341,249.203635341,6.55271419398,0.0,6.55271419398
 07/15  13:00:00,1122.51841042,34.8325828828,450.425662907,0.0,249.203635341,249.203635341,4.37427874802,0.0,4.37427874802
 07/15  14:00:00,876.816601274,33.7799179951,454.981844813,0.0,74.7610906023,174.442544739,6.54441261075,0.0,6.54441261075
 07/15  15:00:00,878.81160455,33.5619481098,457.195663403,0.0,74.7610906023,174.442544739,4.36689096921,0.0,4.36689096921
 07/15  16:00:00,925.456977038,34.5095867089,454.004183559,0.0,74.7610906023,174.442544739,4.36792400533,0.0,4.36792400533
 07/15  17:00:00,886.447473989,34.9118717336,452.689850204,0.0,24.9203635341,149.522181205,2.1897437691,0.0,2.1897437691
 07/15  18:00:00,816.059185949,22.2534041795,418.94483776,0.0,24.9203635341,149.522181205,2.19004978813,0.0,2.19004978813
 07/15  19:00:00,728.156536172,19.4007778629,368.413825941,0.0,24.9203635341,149.522181205,2.19001582465,0.0,2.19001582465
 07/15  20:00:00,641.04823839,14.6620461652,288.030828367,0.0,24.9203635341,149.522181205,2.19001425548,0.0,2.19001425548
 07/15  21:00:00,543.536386591,6.88809531205,186.184207384,0.0,24.9203635341,149.522181205,2.19130282698,0.0,2.19130282698
 07/15  22:00:00,479.796837457,5.03018145256,151.944005643,0.0,24.9203635341,149.522181205,2.18869251952,0.0,2.18869251952
 07/15  23:00:00,250.151053517,0.0,0.0,0.0,24.9203635341,149.522181205,2.18873524678,0.0,2.18873524678
 07/15  24:00:00,237.928855728,0.0,0.0,0.0,24.9203635341,149.522181205,2.18865932546,0.0,2.18865932546
 07/16  01:00:00,237.928431113,0.0,0.0,0.0,24.9203635341,149.522181205,2.187988673,0.0,2.187988673
 07/16  02:00:00,237.928430978,0.0,0.0,0.0,24.9203635341,149.522181205,0.02,0.0,0.02
 07/16  03:00:00,237.9284318,0.0,0.0,0.0,24.9203635341,149.522181205,2.18802091087,0.0,2.18802091087
 07/16  04:00:00,250.150629039,0.0,0.0,0.0,24.9203635341,149.522181205,2.18805292807,0.0,2.18805292807
 07/16  05:00:00,274.596291302,0.0,0.0,0.0,24.9203635341,149.522181205,2.18997742102,0.0,2.18997742102
 07/16  06:00:00,289.30914858,0.0,0.0,0.0,24.9203635341,149.522181205,0.02,0.0,0.02
 07/16  07:00:00,296.666211759,0.0,0.0,0.0,24.9203635341,149.522181205,2.18805789134,0.0,2.18805789134
 07/16  08:00:00,808.650736612,24.1464270054,402.689538524,0.0,24.9203635341,149.522181205,2.18812998173,0.0,2.18812998173
 07/16  09:00:00,702.858478177,19.4262919281,355.313721433,0.0,24.9203635341,149.522181205,0.02,0.0,0.02
 07/16  10:00:00,776.804435347,24.3903923444,456.154656696,0.0,24.9203635341,149.522181205,2.18812208149,0.0,2.18812208149
 07/16  11:00:00,668.598002512,19.4258043055,369.941679384,0.0,24.9203635341,149.522181205,2.18939518394,0.0,2.18939518394
 07/16  12:00:00,782.710809444,24.0709620509,462.379616745,0.0,24.9203635341,149.522181205,2.18937786716,0.0,2.18937786716
 07/16  13:00:00,670.604394928,19.067719133,372.30489079,0.0,24.9203635341,149.522181205,2.19122829481,0.0,2.19122829481
 07/16  14:00:00,766.370975377,23.0257656858,448.0940786,0.0,24.9203635341,149.522181205,2.18940557803,0.0,2.18940557803
 07/16  15:00:00,669.801147684,19.2262766534,371.345196325,0.0,24.9203635341,149.522181205,2.18815884883,0.0,2.18815884883
 07/16  16:00:00,828.11620756,24.2329232745,458.735106627,0.0,24.9203635341,149.522181205,2.18815092025,0.0,2.18815092025
 07/16  17:00:00,751.545743576,19.4530295351,367.307655782,0.0,24.9203635341,149.522181205,0.02,0.0,0.02
 07/16  18:00:00,860.895680154,24.4274968673,454.653412236,0.0,24.9203635341,149.522181205,2.18816264279,0.0,2.18816264279
 07/16  19:00:00,719.559719451,19.4179797535,359.801076023,0.0,24.9203635341,149.522181205,2.18809518201,0.0,2.18809518201
 07/16  20:00:00,748.888332726,19.185653783,372.152381393,0.0,24.9203635341,149.522181205,0.02,0.0,0.02
 07/16  21:00:00,597.513090867,9.45795077723,225.078649672,0.0,24.9203635341,149.522181205,2.18996371237,0.0,2.18996371237
 07/16  22:00:00,274.595024703,0.0,0.0,0.0,24.9203635341,149.522181205,2.1881399139,0.0,2.1881399139
 07/16  23:00:00,359.768972913,1.23220662524,69.3892756488,0.0,24.9203635341,149.522181205,2.18813204909,0.0,2.18813204909
 07/16  24:00:00,237.928431145,0.0,0.0,0.0,24.9203635341,149.522181205,0.02,0.0,0.02
 07/17  01:00:00,287.76957837,0.0,0.0,0.0,24.9203635341,199.362908273,2.18878411187,0.0,2.18878411187
 07/17  02:00:00,287.769578783,0.0,0.0,0.0,24.9203635341,199.362908273,2.18870260295,0.0,2.18870260295
 07/17  03:00:00,287.769579031,0.0,0.0,0.0,24.9203635341,199.362908273,2.18862095714,0.0,2.18862095714
 07/17  04:00:00,299.991776859,0.0,0.0,0.0,24.9203635341,199.362908273,2.18877743397,0.0,2.18877743397
 07/17  05:00:00,349.357800744,0.0,0.0,0.0,49.8407270682,199.362908273,2.1904567379,0.0,2.1904567379
 07/17  06:00:00,959.784200161,35.305074922,458.229350465,0.0,49.8407270682,199.362908273,2.18996380045,0.0,2.18996380045
 07/17  07:00:00,1064.87944561,30.3707510111,461.215340905,0.0,149.522181205,199.362908273,6.5521250727,0.0,6.5521250727
 07/17  08:00:00,1619.50968372,35.1402380437,462.821346558,0.0,448.566543614,448.566543614,10.9547677133,0.0,10.9547677133
 07/17  09:00:00,1572.71824463,40.4481354353,447.387332823,0.0,448.566543614,448.566543614,10.962959135,0.0,10.962959135
 07/17  10:00:00,1517.95338802,41.7038988172,440.255092133,0.0,448.566543614,448.566543614,13.1555231702,0.0,13.1555231702
 07/17  11:00:00,1517.16728299,43.1662487028,438.00325692,0.0,448.566543614,448.566543614,13.1857426591,0.0,13.1857426591
 07/17  12:00:00,1470.11561021,38.7953653483,445.158974367,0.0,448.566543614,398.725816546,17.6267888457,0.0,17.6267888457
 07/17  13:00:00,1513.83650447,45.1498871481,432.685883958,0.0,448.566543614,448.566543614,17.6108929569,0.0,17.6108929569
 07/17  14:00:00,1514.04718061,47.1114543034,430.943434875,0.0,448.566543614,448.566543614,10.9511481568,0.0,10.9511481568
 07/17  15:00:00,1516.05509164,47.9822621791,432.080955199,0.0,448.566543614,448.566543614,8.76260046338,0.0,8.76260046338
 07/17  16:00:00,1562.39867758,51.526072936,425.987293148,0.0,448.566543614,448.566543614,15.3716594286,0.0,15.3716594286
 07/17  17:00:00,1452.0535286,46.7754562815,433.25595697,0.0,348.885089477,398.725816546,6.56409858426,0.0,6.56409858426
 07/17  18:00:00,1260.04846836,38.2677614493,449.123604411,0.0,249.203635341,299.044362409,6.55512813797,0.0,6.55512813797
 07/17  19:00:00,1242.22292109,36.1428606842,457.869881423,0.0,249.203635341,299.044362409,4.36950699592,0.0,4.36950699592
 07/17  20:00:00,1120.73680968,31.3469415422,482.157360176,0.0,149.522181205,249.203635341,6.54793713583,0.0,6.54793713583
 07/17  21:00:00,1116.72246136,30.3321992167,460.887613815,0.0,149.522181205,249.203635341,2.19046760352,0.0,2.19046760352
 07/17  22:00:00,349.356535849,0.0,0.0,0.0,49.8407270682,199.362908273,2.18876489517,0.0,2.18876489517
 07/17  23:00:00,299.991776752,0.0,0.0,0.0,24.9203635341,199.362908273,2.18868220028,0.0,2.18868220028
 07/17  24:00:00,287.769578791,0.0,0.0,0.0,24.9203635341,199.362908273,2.1886002175,0.0,2.1886002175
 07/18  01:00:00,381.841402395,1.23220662524,53.8632537379,0.0,24.9203635341,199.362908273,0.02,0.0,0.02
 07/18  02:00:00,287.769576634,0.0,0.0,0.0,24.9203635341,199.362908273,2.18875164329,0.0,2.18875164329
 07/18  03:00:00,287.769577064,0.0,0.0,0.0,24.9203635341,199.362908273,2.18866716599,0.0,2.18866716599
 07/18  04:00:00,299.991775126,0.0,0.0,0.0,24.9203635341,199.362908273,2.18858258696,0.0,2.18858258696
 07/18  05:00:00,445.253333528,1.23220662524,55.6664776363,0.0,49.8407270682,199.362908273,2.19037138515,0.0,2.19037138515
 07/18  06:00:00,968.027449623,37.0173041991,464.760372903,0.0,49.8407270682,199.362908273,2.18999774253,0.0,2.18999774253
 07/18  07:00:00,1089.48280408,30.3148174886,485.874639538,0.0,149.522181205,199.362908273,6.55083289134,0.0,6.55083289134
 07/18  08:00:00,1624.9582271,35.6511938452,467.758945212,0.0,448.566543614,448.566543614,10.9554017772,0.0,10.9554017772
 07/18  09:00:00,1571.51472742,38.5565021415,448.075461946,0.0,448.566543614,448.566543614,10.9623551169,0.0,10.9623551169
 07/18  10:00:00,1517.01723763,40.5602495515,440.462607155,0.0,448.566543614,448.566543614,13.1566075101,0.0,13.1566075101
 07/18  11:00:00,1513.37680908,43.5116459595,433.867398298,0.0,448.566543614,448.566543614,13.1866854909,0.0,13.1866854909
 07/18  12:00:00,1469.77197203,38.6435704037,444.967153515,0.0,448.566543614,398.725816546,17.6276534143,0.0,17.6276534143
 07/18  13:00:00,1517.20863597,44.3875004555,436.82042303,0.0,448.566543614,448.566543614,17.6115588647,0.0,17.6115588647
 07/18  14:00:00,1514.08488482,46.544713402,431.54789099,0.0,448.566543614,448.566543614,10.9501265456,0.0,10.9501265456
 07/18  15:00:00,1514.20700696,46.5896674727,431.625476838,0.0,448.566543614,448.566543614,8.76267780221,0.0,8.76267780221
 07/18  16:00:00,1562.1527644,46.5753616627,430.692109187,0.0,448.566543614,448.566543614,15.3701225101,0.0,15.3701225101
 07/18  17:00:00,1451.93781182,42.975911069,436.939792389,0.0,348.885089477,398.725816546,6.56424383987,0.0,6.56424383987
 07/18  18:00:00,1264.13658775,35.0424882127,456.43700377,0.0,249.203635341,299.044362409,6.55525480085,0.0,6.55525480085
 07/18  19:00:00,1247.82143852,32.7819373829,466.829327398,0.0,249.203635341,299.044362409,6.54400148443,0.0,6.54400148443
 07/18  20:00:00,1108.83306769,30.6810613233,470.919504875,0.0,149.522181205,249.203635341,4.37170584456,0.0,4.37170584456
 07/18  21:00:00,1136.9228671,30.3148174886,481.10540386,0.0,149.522181205,249.203635341,2.19050225738,0.0,2.19050225738
 07/18  22:00:00,349.35653416,0.0,0.0,0.0,49.8407270682,199.362908273,2.18872084729,0.0,2.18872084729
 07/18  23:00:00,299.991775092,0.0,0.0,0.0,24.9203635341,199.362908273,2.18871422638,0.0,2.18871422638
 07/18  24:00:00,287.769577099,0.0,0.0,0.0,24.9203635341,199.362908273,2.18862941652,0.0,2.18862941652
 07/19  01:00:00,287.769574987,0.0,0.0,0.0,24.9203635341,199.362908273,2.18854036081,0.0,2.18854036081
 07/19  02:00:00,287.769574942,0.0,0.0,0.0,24.9203635341,199.362908273,0.02,0.0,0.02
 07/19  03:00:00,287.769575362,0.0,0.0,0.0,24.9203635341,199.362908273,2.18869078709,0.0,2.18869078709
 07/19  04:00:00,299.991773417,0.0,0.0,0.0,24.9203635341,199.362908273,2.18860347504,0.0,2.18860347504
 07/19  05:00:00,349.357795348,0.0,0.0,0.0,49.8407270682,199.362908273,2.19038585787,0.0,2.19038585787
 07/19  06:00:00,979.273343453,37.6779572685,475.345608257,0.0,49.8407270682,199.362908273,2.20079179479,0.0107818847672,2.19000991002
 07/19  07:00:00,1092.90439597,30.3148174886,489.29623797,0.0,149.522181205,199.362908273,6.55081028654,0.0,6.55081028654
 07/19  08:00:00,1619.62435481,36.9436218527,461.132656642,0.0,448.566543614,448.566543614,10.9551998321,0.0,10.9551998321
 07/19  09:00:00,1563.01282804,40.481035599,437.649041988,0.0,448.566543614,448.566543614,10.9620557041,0.0,10.9620557041
 07/19  10:00:00,1511.82483542,43.9503614124,431.880106084,0.0,448.566543614,448.566543614,13.1561266389,0.0,13.1561266389
 07/19  11:00:00,1514.42413982,45.4913919376,432.935000175,0.0,448.566543614,448.566543614,13.1860122972,0.0,13.1860122972
 07/19  12:00:00,1464.83256365,41.7481486398,436.923185448,0.0,448.566543614,398.725816546,17.6264979444,0.0,17.6264979444
 07/19  13:00:00,1516.60221964,47.9982874802,432.60323641,0.0,448.566543614,448.566543614,17.6102325942,0.0,17.6102325942
 07/19  14:00:00,1515.54566534,48.0795816558,431.473815295,0.0,448.566543614,448.566543614,10.9507600629,0.0,10.9507600629
 07/19  15:00:00,1518.59723206,49.2974534166,433.307926943,0.0,448.566543614,448.566543614,8.7621769485,0.0,8.7621769485
 07/19  16:00:00,1568.9949165,50.7202135154,433.413512813,0.0,448.566543614,448.566543614,13.1782754495,0.0,13.1782754495
 07/19  17:00:00,1454.79090608,44.7221701418,438.097566639,0.0,348.885089477,398.725816546,8.74549086738,0.0,8.74549086738
 07/19  18:00:00,1254.94383921,35.5046627765,446.782088249,0.0,249.203635341,299.044362409,6.55464918558,0.0,6.55464918558
 07/19  19:00:00,1233.39937529,33.2686638363,451.920543136,0.0,249.203635341,299.044362409,4.36918464621,0.0,4.36918464621
 07/19  20:00:00,1102.69384164,30.674817439,464.78652755,0.0,149.522181205,249.203635341,6.5481134374,0.0,6.5481134374
 07/19  21:00:00,1132.71047079,30.3148174886,476.893010322,0.0,149.522181205,249.203635341,2.1902945271,0.0,2.1902945271
 07/19  22:00:00,349.356532428,0.0,0.0,0.0,49.8407270682,199.362908273,2.18871167468,0.0,2.18871167468
 07/19  23:00:00,299.991773257,0.0,0.0,0.0,24.9203635341,199.362908273,2.18874198731,0.0,2.18874198731
 07/19  24:00:00,287.769575028,0.0,0.0,0.0,24.9203635341,199.362908273,2.18865444154,0.0,2.18865444154
 07/20  01:00:00,287.769573127,0.0,0.0,0.0,24.9203635341,199.362908273,0.02,0.0,0.02
 07/20  02:00:00,287.769573595,0.0,0.0,0.0,24.9203635341,199.362908273,2.18856250011,0.0,2.18856250011
 07/20  03:00:00,287.769573915,0.0,0.0,0.0,24.9203635341,199.362908273,2.18870980779,0.0,2.18870980779
 07/20  04:00:00,299.991771753,0.0,0.0,0.0,24.9203635341,199.362908273,2.18861986474,0.0,2.18861986474
 07/20  05:00:00,349.357792669,0.0,0.0,0.0,49.8407270682,199.362908273,2.19051765234,0.0,2.19051765234
 07/20  06:00:00,986.423456075,36.9248697567,474.703267189,0.0,49.8407270682,199.362908273,4.80798762889,2.61812817088,2.18985945801
 07/20  07:00:00,1089.15069474,30.3148174886,485.542144851,0.0,149.522181205,199.362908273,7.10241270803,0.551538585465,6.55087412257
 07/20  08:00:00,1614.35140914,36.4230379396,456.380309566,0.0,448.566543614,448.566543614,10.9550185133,0.0,10.9550185133
 07/20  09:00:00,1564.39867666,41.3348032708,438.181134965,0.0,448.566543614,448.566543614,10.9630043048,0.0,10.9630043048
 07/20  10:00:00,1511.01264769,45.4514337454,429.566854509,0.0,448.566543614,448.566543614,13.1542046635,0.0,13.1542046635
 07/20  11:00:00,1514.130538,47.8741119956,430.258698716,0.0,448.566543614,448.566543614,13.1838470662,0.0,13.1838470662
 07/20  12:00:00,1466.14671919,42.4095267292,437.575977212,0.0,448.566543614,398.725816546,17.6258736411,0.0,17.6258736411
 07/20  13:00:00,1515.12831867,47.9656713321,431.161969803,0.0,448.566543614,448.566543614,17.6115354072,0.0,17.6115354072
 07/20  14:00:00,1513.61021634,48.8804317116,428.737525339,0.0,448.566543614,448.566543614,8.76485924029,0.0,8.76485924029
 07/20  15:00:00,1513.07131411,50.0661637213,427.013312511,0.0,448.566543614,448.566543614,10.9480289791,0.0,10.9480289791
 07/20  16:00:00,1562.17370357,52.9976847742,424.290763473,0.0,448.566543614,448.566543614,13.1754927705,0.0,13.1754927705
 07/20  17:00:00,1450.10219068,43.2205540847,434.859538441,0.0,348.885089477,398.725816546,8.74597826055,0.0,8.74597826055
 07/20  18:00:00,1256.79554938,36.0219358315,448.1165275,0.0,249.203635341,299.044362409,6.55602073459,0.0,6.55602073459
 07/20  19:00:00,1239.10023784,33.6160351546,457.274040425,0.0,249.203635341,299.044362409,4.36959096144,0.0,4.36959096144
 07/20  20:00:00,1103.71233527,30.680120086,465.799724915,0.0,149.522181205,249.203635341,6.54784904449,0.0,6.54784904449
 07/20  21:00:00,1130.79340791,30.3153351857,474.975431752,0.0,149.522181205,249.203635341,2.19056684618,0.0,2.19056684618
 07/20  22:00:00,349.356530727,0.0,0.0,0.0,49.8407270682,199.362908273,2.18862086699,0.0,2.18862086699
 07/20  23:00:00,299.991771198,0.0,0.0,0.0,24.9203635341,199.362908273,1.82714888804,0.0,1.82714888804
 07/20  24:00:00,287.769573346,0.0,0.0,0.0,24.9203635341,199.362908273,0.381172494517,0.0,0.381172494517
 07/21  01:00:00,287.769572199,0.0,0.0,0.0,24.9203635341,199.362908273,2.18867506717,0.0,2.18867506717
 07/21  02:00:00,287.769572461,0.0,0.0,0.0,24.9203635341,199.362908273,2.18858278165,0.0,2.18858278165
 07/21  03:00:00,287.769572407,0.0,0.0,0.0,24.9203635341,199.362908273,2.18872712512,0.0,2.18872712512
 07/21  04:00:00,299.991769743,0.0,0.0,0.0,24.9203635341,199.362908273,2.18863467625,0.0,2.18863467625
 07/21  05:00:00,349.35779054,0.0,0.0,0.0,49.8407270682,199.362908273,2.19041027437,0.0,2.19041027437
 07/21  06:00:00,974.019492949,36.0917627551,463.134283118,0.0,49.8407270682,199.362908273,2.21044298358,0.0207345699665,2.18970841362
 07/21  07:00:00,1078.85603794,30.3148174886,475.247659981,0.0,149.522181205,199.362908273,6.87489474197,0.32345965774,6.55143508423
 07/21  08:00:00,1616.03594671,38.6611985643,455.826694126,0.0,448.566543614,448.566543614,10.9536108534,0.0,10.9536108534
 07/21  09:00:00,1562.89682518,44.4650763845,433.549029373,0.0,448.566543614,448.566543614,10.9642002875,0.0,10.9642002875
 07/21  10:00:00,1510.63464993,48.0247957536,426.615494896,0.0,448.566543614,448.566543614,10.9644590361,0.0,10.9644590361
 07/21  11:00:00,1511.31378894,48.8297185891,426.486360099,0.0,448.566543614,448.566543614,15.3788420054,0.0,15.3788420054
 07/21  12:00:00,1464.6931965,43.0278676995,435.504132662,0.0,448.566543614,398.725816546,17.6252503277,0.0,17.6252503277
 07/21  13:00:00,1512.71094548,49.565213761,427.145076952,0.0,448.566543614,448.566543614,15.409847977,0.0,15.409847977
 07/21  14:00:00,1513.06961979,50.8659200108,426.211448905,0.0,448.566543614,448.566543614,10.9503173095,0.0,10.9503173095
 07/21  15:00:00,1512.67238262,53.8395742432,422.840982068,0.0,448.566543614,448.566543614,10.9475864038,0.0,10.9475864038
 07/21  16:00:00,1562.62512514,59.9673902995,417.772492966,0.0,448.566543614,448.566543614,13.1714076231,0.0,13.1714076231
 07/21  17:00:00,1450.66084916,52.2467065052,426.392050918,0.0,348.885089477,398.725816546,8.74443835581,0.0,8.74443835581
 07/21  18:00:00,1251.8755211,39.7591347737,439.459308273,0.0,249.203635341,299.044362409,6.55402414622,0.0,6.55402414622
 07/21  19:00:00,1229.12660214,36.4951579088,444.42128503,0.0,249.203635341,299.044362409,4.36956334418,0.0,4.36956334418
 07/21  20:00:00,1092.6469868,32.0797459914,453.334755697,0.0,149.522181205,249.203635341,4.37184101979,0.0,4.37184101979
 07/21  21:00:00,1117.92484894,30.715057755,461.707152263,0.0,149.522181205,249.203635341,4.3608548578,0.0,4.3608548578
 07/21  22:00:00,406.441633066,0.410735541745,43.6753879137,0.0,49.8407270682,199.362908273,0.02,0.0,0.02
 07/21  23:00:00,624.404586699,8.91030338824,255.445140838,0.0,24.9203635341,199.362908273,2.18867654367,0.0,2.18867654367
 07/21  24:00:00,519.167637642,5.19447566926,172.776801896,0.0,24.9203635341,199.362908273,2.18874188783,0.0,2.18874188783
 07/22  01:00:00,237.928843889,0.0,0.0,0.0,24.9203635341,149.522181205,2.18872365689,0.0,2.18872365689
 07/22  02:00:00,237.928843416,0.0,0.0,0.0,24.9203635341,149.522181205,2.18862895724,0.0,2.18862895724
 07/22  03:00:00,237.928843139,0.0,0.0,0.0,24.9203635341,149.522181205,0.02,0.0,0.02
 07/22  04:00:00,250.151041431,0.0,0.0,0.0,24.9203635341,149.522181205,2.18853414716,0.0,2.18853414716
 07/22  05:00:00,274.596697769,0.0,0.0,0.0,24.9203635341,149.522181205,2.19041435587,0.0,2.19041435587
 07/22  06:00:00,983.099909463,38.2336455931,470.072497091,0.0,49.8407270682,199.362908273,2.65685131437,0.466889488926,2.18996182544
 07/22  07:00:00,989.921563674,30.3148174886,485.998240062,0.0,49.8407270682,199.362908273,4.36459797209,0.0,4.36459797209
 07/22  08:00:00,1230.578129,31.5597884819,476.204517454,0.0,249.203635341,249.203635341,4.36940669885,0.0,4.36940669885
 07/22  09:00:00,1184.23240564,33.4718878927,464.610767763,0.0,249.203635341,249.203635341,6.5550853162,0.0,6.5550853162
 07/22  10:00:00,1126.63193591,34.763639126,454.608177722,0.0,249.203635341,249.203635341,6.55092685998,0.0,6.55092685998
 07/22  11:00:00,1124.99534111,34.5158786772,453.217662557,0.0,249.203635341,249.203635341,6.55796012366,0.0,6.55796012366
 07/22  12:00:00,1130.08610159,34.0349958983,458.790566763,0.0,249.203635341,249.203635341,6.55314966888,0.0,6.55314966888
 07/22  13:00:00,1131.99189507,35.0519987957,459.679775535,0.0,249.203635341,249.203635341,6.55037375092,0.0,6.55037375092
 07/22  14:00:00,881.452999158,33.4759573327,459.922239678,0.0,74.7610906023,174.442544739,4.3694511906,0.0,4.3694511906
 07/22  15:00:00,882.325870743,33.3149725626,460.956935245,0.0,74.7610906023,174.442544739,4.36723497472,0.0,4.36723497472
 07/22  16:00:00,928.919778921,34.8981918298,457.078413433,0.0,74.7610906023,174.442544739,4.36836565964,0.0,4.36836565964
 07/22  17:00:00,890.806834919,35.4213236219,456.539776237,0.0,24.9203635341,149.522181205,2.18995184377,0.0,2.18995184377
 07/22  18:00:00,787.114211481,22.4689577282,389.646938769,0.0,24.9203635341,149.522181205,2.18994649396,0.0,2.18994649396
 07/22  19:00:00,696.287151038,19.5152425215,336.429992506,0.0,24.9203635341,149.522181205,2.18994085834,0.0,2.18994085834
 07/22  20:00:00,815.206418216,24.2981426636,424.992980898,0.0,24.9203635341,149.522181205,2.18996578537,0.0,2.18996578537
 07/22  21:00:00,665.627307654,15.3771401057,290.99910991,0.0,24.9203635341,149.522181205,4.36236500424,0.0,4.36236500424
 07/22  22:00:00,581.970969444,9.32103892999,225.761851241,0.0,24.9203635341,149.522181205,2.18875518402,0.0,2.18875518402
 07/22  23:00:00,429.972841085,5.00279908311,128.06251264,0.0,24.9203635341,149.522181205,0.02,0.0,0.02
 07/22  24:00:00,237.928843346,0.0,0.0,0.0,24.9203635341,149.522181205,2.18873896557,0.0,2.18873896557
 07/23  01:00:00,237.928422646,0.0,0.0,0.0,24.9203635341,149.522181205,2.18810031439,0.0,2.18810031439
 07/23  02:00:00,237.928422378,0.0,0.0,0.0,24.9203635341,149.522181205,2.1881134326,0.0,2.1881134326
 07/23  03:00:00,237.92842161,0.0,0.0,0.0,24.9203635341,149.522181205,0.02,0.0,0.02
 07/23  04:00:00,250.150620477,0.0,0.0,0.0,24.9203635341,149.522181205,2.18812640888,0.0,2.18812640888
 07/23  05:00:00,274.596275438,0.0,0.0,0.0,24.9203635341,149.522181205,2.1899610285,0.0,2.1899610285
 07/23  06:00:00,297.852807225,0.0,0.0,0.0,24.9203635341,149.522181205,2.1880928049,0.0,2.1880928049
 07/23  07:00:00,329.714554381,1.61495810185,25.7568238765,0.0,24.9203635341,149.522181205,0.02,0.0,0.02
 07/23  08:00:00,806.468724606,24.2243715277,400.429591279,0.0,24.9203635341,149.522181205,2.18810555016,0.0,2.18810555016
 07/23  09:00:00,680.714250472,19.4856006587,333.11019296,0.0,24.9203635341,149.522181205,2.18811914944,0.0,2.18811914944
 07/23  10:00:00,741.991882752,24.3068365202,421.425669826,0.0,24.9203635341,149.522181205,0.02,0.0,0.02
 07/23  11:00:00,642.449909078,19.4657113502,343.753692839,0.0,24.9203635341,149.522181205,2.18933599854,0.0,2.18933599854
 07/23  12:00:00,767.29337438,23.9905379608,447.042619607,0.0,24.9203635341,149.522181205,2.18935357282,0.0,2.18935357282
 07/23  13:00:00,618.605605376,16.55310456,328.365277339,0.0,24.9203635341,149.522181205,4.36232995231,0.0,4.36232995231
 07/23  14:00:00,781.341379439,21.8099665041,454.72692049,0.0,24.9203635341,149.522181205,2.18924698556,0.0,2.18924698556
 07/23  15:00:00,685.480894952,15.6368387996,368.01021375,0.0,24.9203635341,149.522181205,0.02,0.0,0.02
 07/23  16:00:00,844.746490734,23.8543201205,462.784205977,0.0,24.9203635341,149.522181205,2.18810613162,0.0,2.18810613162
 07/23  17:00:00,799.246098277,20.0373983146,388.521859403,0.0,24.9203635341,149.522181205,2.18811887588,0.0,2.18811887588
 07/23  18:00:00,870.058804984,23.9694933248,451.38014542,0.0,24.9203635341,149.522181205,0.02,0.0,0.02
 07/23  19:00:00,768.423663239,20.0252224698,382.228728214,0.0,24.9203635341,149.522181205,2.18813153637,0.0,2.18813153637
 07/23  20:00:00,856.427530268,23.8365474417,453.890326015,0.0,24.9203635341,149.522181205,2.1880954721,0.0,2.1880954721
 07/23  21:00:00,562.407032083,10.1299221605,205.542238278,0.0,24.9203635341,149.522181205,2.18996214354,0.0,2.18996214354
 07/23  22:00:00,566.09248806,10.6691776474,220.227810401,0.0,24.9203635341,149.522181205,0.02,0.0,0.02
 07/23  23:00:00,347.904290988,1.23220662524,57.5273100416,0.0,24.9203635341,149.522181205,2.18811032834,0.0,2.18811032834
 07/23  24:00:00,237.928422712,0.0,0.0,0.0,24.9203635341,149.522181205,2.18812222418,0.0,2.18812222418
 07/24  01:00:00,287.769567607,0.0,0.0,0.0,24.9203635341,199.362908273,2.18855796144,0.0,2.18855796144
 07/24  02:00:00,287.769567473,0.0,0.0,0.0,24.9203635341,199.362908273,0.02,0.0,0.02
 07/24  03:00:00,287.769567961,0.0,0.0,0.0,24.9203635341,199.362908273,2.18869457389,0.0,2.18869457389
 07/24  04:00:00,299.991766019,0.0,0.0,0.0,24.9203635341,199.362908273,2.18859533825,0.0,2.18859533825
 07/24  05:00:00,349.357783525,0.0,0.0,0.0,49.8407270682,199.362908273,2.1903496658,0.0,2.1903496658
 07/24  06:00:00,953.346693895,34.5657612201,443.986950187,0.0,49.8407270682,199.362908273,2.96234409824,0.772406774463,2.18993732378
 07/24  07:00:00,1045.74874097,30.3148174886,442.140610656,0.0,149.522181205,199.362908273,6.55041372865,0.0,6.55041372865
 07/24  08:00:00,1605.749679,30.9588777168,453.242777922,0.0,448.566543614,448.566543614,10.953811399,0.0,10.953811399
 07/24  09:00:00,1587.526699,34.1662069502,468.47779869,0.0,448.566543614,448.566543614,10.9618446997,0.0,10.9618446997
 07/24  10:00:00,1525.45276353,38.5717219163,450.886727748,0.0,448.566543614,448.566543614,13.1534401092,0.0,13.1534401092
 07/24  11:00:00,1516.33887303,40.8440463719,439.497154015,0.0,448.566543614,448.566543614,13.1824658956,0.0,13.1824658956
 07/24  12:00:00,1471.65262684,37.6707232559,447.82075431,0.0,448.566543614,398.725816546,17.6254236296,0.0,17.6254236296
 07/24  13:00:00,1519.05739315,44.1845847521,438.872192628,0.0,448.566543614,448.566543614,16.0100524195,0.0,16.0100524195
 07/24  14:00:00,1513.16424901,46.2084492288,430.963578951,0.0,448.566543614,448.566543614,10.353416464,0.0,10.353416464
 07/24  15:00:00,1512.44789501,48.5535747021,427.902523059,0.0,448.566543614,448.566543614,10.9471081508,0.0,10.9471081508
 07/24  16:00:00,1559.74975764,52.7467836089,422.117771349,0.0,448.566543614,448.566543614,13.1720445035,0.0,13.1720445035
 07/24  17:00:00,1448.61469672,47.4803289704,429.112296953,0.0,348.885089477,398.725816546,8.74489914087,0.0,8.74489914087
 07/24  18:00:00,1261.31728166,39.2593559298,449.400866071,0.0,249.203635341,299.044362409,6.55432180505,0.0,6.55432180505
 07/24  19:00:00,1243.1264826,36.2817159596,458.634619264,0.0,249.203635341,299.044362409,4.36911032262,0.0,4.36911032262
 07/24  20:00:00,1114.60450728,31.6682782555,467.160091492,0.0,149.522181205,249.203635341,4.37126281479,0.0,4.37126281479
 07/24  21:00:00,1130.34011257,30.4066519751,474.43082847,0.0,149.522181205,249.203635341,4.36066521925,0.0,4.36066521925
 07/24  22:00:00,349.356524472,0.0,0.0,0.0,49.8407270682,199.362908273,0.02,0.0,0.02
 07/24  23:00:00,439.173297819,1.23220662524,98.9524251727,0.0,24.9203635341,199.362908273,2.18871071028,0.0,2.18871071028
 07/24  24:00:00,287.769568274,0.0,0.0,0.0,24.9203635341,199.362908273,2.18865715353,0.0,2.18865715353
 07/25  01:00:00,287.769567018,0.0,0.0,0.0,24.9203635341,199.362908273,2.18855508257,0.0,2.18855508257
 07/25  02:00:00,287.769566649,0.0,0.0,0.0,24.9203635341,199.362908273,2.18868940344,0.0,2.18868940344
 07/25  03:00:00,331.831900351,0.410735541745,30.6526333955,0.0,24.9203635341,199.362908273,0.02,0.0,0.02
 07/25  04:00:00,387.801779817,0.821471083491,60.9906136301,0.0,24.9203635341,199.362908273,2.18866782084,0.0,2.18866782084
 07/25  05:00:00,349.357782068,0.0,0.0,0.0,49.8407270682,199.362908273,2.19045280444,0.0,2.19045280444
 07/25  06:00:00,973.155143,37.2035909088,461.158127085,0.0,49.8407270682,199.362908273,4.35962634775,0.0,4.35962634775
 07/25  07:00:00,1089.86664067,30.3148174886,486.258516646,0.0,149.522181205,199.362908273,4.3743495445,0.0,4.3743495445
 07/25  08:00:00,1612.60825969,36.5585165711,454.501727539,0.0,448.566543614,448.566543614,10.9525604974,0.0,10.9525604974
 07/25  09:00:00,1564.13924132,41.3656668485,437.890891654,0.0,448.566543614,448.566543614,10.9607309759,0.0,10.9607309759
 07/25  10:00:00,1516.03791666,41.245570178,438.798044176,0.0,448.566543614,448.566543614,13.1558706144,0.0,13.1558706144
 07/25  11:00:00,1512.31814026,44.934205097,431.3862685,0.0,448.566543614,448.566543614,13.1848203411,0.0,13.1848203411
 07/25  12:00:00,1465.51013312,40.3548366346,438.994166801,0.0,448.566543614,398.725816546,17.6234270623,0.0,17.6234270623
 07/25  13:00:00,1512.7047506,47.5248816178,429.179265476,0.0,448.566543614,448.566543614,17.6100500107,0.0,17.6100500107
 07/25  14:00:00,1513.99333387,49.8768928063,428.124230273,0.0,448.566543614,448.566543614,8.76452268799,0.0,8.76452268799
 07/25  15:00:00,1516.23877784,51.4893478604,428.757638859,0.0,448.566543614,448.566543614,10.947321126,0.0,10.947321126
 07/25  16:00:00,1568.45292421,55.1620674782,428.405664677,0.0,448.566543614,448.566543614,13.1738296578,0.0,13.1738296578
 07/25  17:00:00,1453.2129238,47.4951204822,433.695741426,0.0,348.885089477,398.725816546,8.74496763249,0.0,8.74496763249
 07/25  18:00:00,1265.79269916,35.1968948969,457.938749077,0.0,249.203635341,299.044362409,6.55518700743,0.0,6.55518700743
 07/25  19:00:00,1264.80825622,31.8987878612,484.699326201,0.0,249.203635341,299.044362409,4.36903675945,0.0,4.36903675945
 07/25  20:00:00,1126.43936893,30.3443622078,480.318872811,0.0,149.522181205,249.203635341,6.54724542883,0.0,6.54724542883
 07/25  21:00:00,1144.01864479,30.3148174886,488.201196857,0.0,149.522181205,249.203635341,2.19026553265,0.0,2.19026553265
 07/25  22:00:00,349.356523385,0.0,0.0,0.0,49.8407270682,199.362908273,2.18855905778,0.0,2.18855905778
 07/25  23:00:00,299.991764091,0.0,0.0,0.0,24.9203635341,199.362908273,0.02,0.0,0.02
 07/25  24:00:00,287.769566767,0.0,0.0,0.0,24.9203635341,199.362908273,2.18869306383,0.0,2.18869306383
 07/26  01:00:00,287.769565802,0.0,0.0,0.0,24.9203635341,199.362908273,2.18858936891,0.0,2.18858936891
 07/26  02:00:00,287.769565803,0.0,0.0,0.0,24.9203635341,199.362908273,2.18872139768,0.0,2.18872139768
 07/26  03:00:00,287.769565286,0.0,0.0,0.0,24.9203635341,199.362908273,2.18861826783,0.0,2.18861826783
 07/26  04:00:00,299.991762784,0.0,0.0,0.0,24.9203635341,199.362908273,0.02,0.0,0.02
 07/26  05:00:00,349.357780251,0.0,0.0,0.0,49.8407270682,199.362908273,4.36074163001,0.0,4.36074163001
 07/26  06:00:00,959.542592705,35.2633733224,449.484160682,0.0,49.8407270682,199.362908273,4.46195761029,2.27200491601,2.18995269428
 07/26  07:00:00,1043.97792879,30.3732214191,440.306828475,0.0,149.522181205,199.362908273,10.7320674176,6.35761183907,4.37445557857
 07/26  08:00:00,1615.86338228,38.9396876858,455.375685823,0.0,448.566543614,448.566543614,10.9536921144,0.0,10.9536921144
 07/26  09:00:00,1562.73806558,43.6588852573,434.196511652,0.0,448.566543614,448.566543614,13.1495066945,0.0,13.1495066945
 07/26  10:00:00,1510.21398142,46.2383864594,427.98129685,0.0,448.566543614,448.566543614,10.9671315779,0.0,10.9671315779
 07/26  11:00:00,1512.56630239,46.0045918777,430.564051841,0.0,448.566543614,448.566543614,15.3806405543,0.0,15.3806405543
 07/26  12:00:00,1462.94930932,40.2032030545,436.584994234,0.0,448.566543614,398.725816546,15.4216592612,0.0,15.4216592612
 07/26  13:00:00,1520.82172358,46.6811616044,438.276171335,0.0,448.566543614,448.566543614,17.6073565694,0.0,17.6073565694
 07/26  14:00:00,1525.02891914,47.8924106,442.286044136,0.0,448.566543614,448.566543614,10.9490312434,0.0,10.9490312434
 07/26  15:00:00,1529.36053325,49.1041944908,446.299605605,0.0,448.566543614,448.566543614,8.76184875297,0.0,8.76184875297
 07/26  16:00:00,1595.54436359,54.8626937928,458.872490119,0.0,448.566543614,448.566543614,13.1745364094,0.0,13.1745364094
 07/26  17:00:00,1480.87521985,50.3219980035,460.64793669,0.0,348.885089477,398.725816546,8.74426180287,0.0,8.74426180287
 07/26  18:00:00,1265.62085124,41.4379875012,455.533257829,0.0,249.203635341,299.044362409,6.55552114589,0.0,6.55552114589
 07/26  19:00:00,1237.39131553,39.0424771057,451.4419462,0.0,249.203635341,299.044362409,4.36925475749,0.0,4.36925475749
 07/26  20:00:00,1102.97495501,32.8541122641,454.526724706,0.0,149.522181205,249.203635341,6.54719707795,0.0,6.54719707795
 07/26  21:00:00,1113.56067676,30.4677367118,457.590312039,0.0,149.522181205,249.203635341,2.19037031968,0.0,2.19037031968
 07/26  22:00:00,619.475346888,7.97290021253,217.095630474,0.0,49.8407270682,199.362908273,2.18866490012,0.0,2.18866490012
 07/26  23:00:00,556.773146595,5.46097761816,201.36065303,0.0,24.9203635341,199.362908273,0.02,0.0,0.02
 07/26  24:00:00,673.801408885,11.5645549625,303.092323255,0.0,24.9203635341,199.362908273,2.18870285143,0.0,2.18870285143
 07/27  01:00:00,396.04891741,0.985765300189,76.0960864574,0.0,24.9203635341,199.362908273,2.18869094481,0.0,2.18869094481
 07/27  02:00:00,287.769564666,0.0,0.0,0.0,24.9203635341,199.362908273,2.18858528744,0.0,2.18858528744
 07/27  03:00:00,287.769564415,0.0,0.0,0.0,24.9203635341,199.362908273,2.18871517911,0.0,2.18871517911
 07/27  04:00:00,299.991761654,0.0,0.0,0.0,24.9203635341,199.362908273,0.02,0.0,0.02
 07/27  05:00:00,494.739735916,1.23220662524,105.152853037,0.0,49.8407270682,199.362908273,4.36092787103,0.0,4.36092787103
 07/27  06:00:00,999.434781586,39.0671763905,485.574183895,0.0,49.8407270682,199.362908273,2.1897251185,0.0,2.1897251185
 07/27  07:00:00,1066.91438173,30.9124178907,462.708664972,0.0,149.522181205,199.362908273,4.37380068605,0.0,4.37380068605
 07/27  08:00:00,1604.32691683,44.1847256222,438.594190621,0.0,448.566543614,448.566543614,10.9525090812,0.0,10.9525090812
 07/27  09:00:00,1571.61674288,49.833512211,437.336928057,0.0,448.566543614,448.566543614,13.1497759136,0.0,13.1497759136
 07/27  10:00:00,1527.68268168,52.2938768909,441.149666845,0.0,448.566543614,448.566543614,10.9656710176,0.0,10.9656710176
 07/27  11:00:00,1523.85998967,52.1057830305,436.989905875,0.0,448.566543614,448.566543614,15.3807341375,0.0,15.3807341375
 07/27  12:00:00,1466.98973062,45.4962205552,435.33241129,0.0,448.566543614,398.725816546,15.4215874405,0.0,15.4215874405
 07/27  13:00:00,1520.53466776,52.4070447062,432.127046491,0.0,448.566543614,448.566543614,17.6071569824,0.0,17.6071569824
 07/27  14:00:00,1515.28652222,53.2673331833,426.02699466,0.0,448.566543614,448.566543614,10.94891579,0.0,10.94891579
 07/27  15:00:00,1513.29599875,55.8719034387,421.432318015,0.0,448.566543614,448.566543614,8.76171768432,0.0,8.76171768432
 07/27  16:00:00,1563.91392705,61.8338999834,417.194853452,0.0,448.566543614,448.566543614,13.174215675,0.0,13.174215675
 07/27  17:00:00,1449.55870034,56.2521528996,421.28449872,0.0,348.885089477,398.725816546,8.74522736192,0.0,8.74522736192
 07/27  18:00:00,1252.91987399,45.3885925342,434.874235768,0.0,249.203635341,299.044362409,6.55535921175,0.0,6.55535921175
 07/27  19:00:00,1225.98123501,41.9947102453,435.776390254,0.0,249.203635341,299.044362409,4.3691474127,0.0,4.3691474127
 07/27  20:00:00,1100.8415315,34.0427306717,451.022674809,0.0,149.522181205,249.203635341,6.54694714411,0.0,6.54694714411
 07/27  21:00:00,1127.75298407,30.7884620081,471.461895728,0.0,149.522181205,249.203635341,2.19031298837,0.0,2.19031298837
 07/27  22:00:00,671.797543512,12.1489832734,254.290888522,0.0,49.8407270682,199.362908273,2.18870212044,0.0,2.18870212044
 07/27  23:00:00,444.942467435,1.9210995676,98.2678632025,0.0,24.9203635341,199.362908273,0.02,0.0,0.02
 07/27  24:00:00,609.893391561,11.1378792353,242.647575966,0.0,24.9203635341,199.362908273,2.1886201155,0.0,2.1886201155
 07/28  01:00:00,287.769563586,0.0,0.0,0.0,24.9203635341,199.362908273,2.18862956486,0.0,2.18862956486
 07/28  02:00:00,287.769563651,0.0,0.0,0.0,24.9203635341,199.362908273,2.18852300177,0.0,2.18852300177
 07/28  03:00:00,287.769563202,0.0,0.0,0.0,24.9203635341,199.362908273,2.1886511449,0.0,2.1886511449
 07/28  04:00:00,411.633398745,1.23220662524,71.4125635717,0.0,24.9203635341,199.362908273,0.02,0.0,0.02
 07/28  05:00:00,349.357776869,0.0,0.0,0.0,49.8407270682,199.362908273,4.36093274562,0.0,4.36093274562
 07/28  06:00:00,971.66733445,36.9960704951,459.877843881,0.0,49.8407270682,199.362908273,2.18965435085,0.0,2.18965435085
 07/28  07:00:00,1089.69759827,30.3148174886,486.089486537,0.0,149.522181205,199.362908273,4.37341825404,0.0,4.37341825404
 07/28  08:00:00,1607.80403136,40.3368662862,445.919171575,0.0,448.566543614,448.566543614,10.9534726811,0.0,10.9534726811
 07/28  09:00:00,1559.16650948,47.8902543046,426.393602555,0.0,448.566543614,448.566543614,13.14908186,0.0,13.14908186
 07/28  10:00:00,1517.32992915,52.0699734643,429.27381348,0.0,448.566543614,448.566543614,10.9666379184,0.0,10.9666379184
 07/28  11:00:00,1522.94146744,53.0396534719,434.170352167,0.0,448.566543614,448.566543614,13.1851058812,0.0,13.1851058812
 07/28  12:00:00,1468.65850705,46.6753538917,435.827485118,0.0,448.566543614,398.725816546,17.6231743045,0.0,17.6231743045
 07/28  13:00:00,1518.7481117,54.0448675226,428.702676486,0.0,448.566543614,448.566543614,17.6079163588,0.0,17.6079163588
 07/28  14:00:00,1516.12043375,55.5201321103,424.608114269,0.0,448.566543614,448.566543614,8.7628337108,0.0,8.7628337108
 07/28  15:00:00,1515.04106104,59.0844714591,419.964820706,0.0,448.566543614,448.566543614,10.9468604222,0.0,10.9468604222
 07/28  16:00:00,1567.25963559,64.6957837691,417.678690091,0.0,448.566543614,448.566543614,13.1728899207,0.0,13.1728899207
 07/28  17:00:00,1452.85084124,57.548467491,423.280328716,0.0,348.885089477,398.725816546,8.744392246,0.0,8.744392246
 07/28  18:00:00,1251.99125058,45.1617213054,434.172488668,0.0,249.203635341,299.044362409,6.55471928589,0.0,6.55471928589
 07/28  19:00:00,1234.07814485,40.6098245445,445.258187348,0.0,249.203635341,299.044362409,4.3687263174,0.0,4.3687263174
 07/28  20:00:00,1118.25215322,33.2803710755,469.195659996,0.0,149.522181205,249.203635341,4.37147185438,0.0,4.37147185438
 07/28  21:00:00,1140.00985401,31.1744012908,483.332827824,0.0,149.522181205,249.203635341,4.36089414577,0.0,4.36089414577
 07/28  22:00:00,596.25336684,9.11567115911,184.824080701,0.0,49.8407270682,199.362908273,0.02,0.0,0.02
 07/28  23:00:00,472.031683151,5.00279908311,120.386883501,0.0,24.9203635341,199.362908273,2.18871131641,0.0,2.18871131641
 07/28  24:00:00,287.76956366,0.0,0.0,0.0,24.9203635341,199.362908273,2.18864351329,0.0,2.18864351329
 07/29  01:00:00,237.928835654,0.0,0.0,0.0,24.9203635341,149.522181205,2.18865123456,0.0,2.18865123456
 07/29  02:00:00,237.928835426,0.0,0.0,0.0,24.9203635341,149.522181205,2.18854312408,0.0,2.18854312408
 07/29  03:00:00,237.928834874,0.0,0.0,0.0,24.9203635341,149.522181205,0.02,0.0,0.02
 07/29  04:00:00,250.151032781,0.0,0.0,0.0,24.9203635341,149.522181205,2.18866942435,0.0,2.18866942435
 07/29  05:00:00,274.596684807,0.0,0.0,0.0,24.9203635341,149.522181205,2.19051738042,0.0,2.19051738042
 07/29  06:00:00,967.909270337,37.1067594631,456.009092084,0.0,49.8407270682,199.362908273,4.35967550537,0.0,4.35967550537
 07/29  07:00:00,978.061451456,30.3818656247,474.071097979,0.0,49.8407270682,199.362908273,2.19218767289,0.0,2.19218767289
 07/29  08:00:00,1221.63281855,32.3334601538,466.485560539,0.0,249.203635341,249.203635341,4.36876204731,0.0,4.36876204731
 07/29  09:00:00,1168.56800574,34.1720366013,448.246253937,0.0,249.203635341,249.203635341,6.55485580121,0.0,6.55485580121
 07/29  10:00:00,1119.84176159,36.0571892886,446.537627329,0.0,249.203635341,249.203635341,6.5505917146,0.0,6.5505917146
 07/29  11:00:00,1129.44710381,35.2546574383,458.296740242,0.0,249.203635341,249.203635341,6.55741356326,0.0,6.55741356326
 07/29  12:00:00,1138.94769223,34.390010173,470.67416856,0.0,249.203635341,249.203635341,6.55250528329,0.0,6.55250528329
 07/29  13:00:00,1144.50498061,34.932674147,476.730219689,0.0,249.203635341,249.203635341,6.55041521305,0.0,6.55041521305
 07/29  14:00:00,897.048935229,33.688178124,479.639062355,0.0,74.7610906023,174.442544739,4.36890491264,0.0,4.36890491264
 07/29  15:00:00,905.945607875,33.6630660724,489.29484922,0.0,74.7610906023,174.442544739,4.36692698626,0.0,4.36692698626
 07/29  16:00:00,961.201201587,35.3954682122,493.430960186,0.0,74.7610906023,174.442544739,4.36770618862,0.0,4.36770618862
 07/29  17:00:00,924.612059787,36.3983440214,490.386048872,0.0,24.9203635341,149.522181205,2.18964089682,0.0,2.18964089682
 07/29  18:00:00,808.266766871,22.5571925909,411.004689709,0.0,24.9203635341,149.522181205,2.18977701098,0.0,2.18977701098
 07/29  19:00:00,731.730636139,19.5184931118,371.870238809,0.0,24.9203635341,149.522181205,2.18991541804,0.0,2.18991541804
 07/29  20:00:00,849.903811481,24.0534643912,451.391397648,0.0,24.9203635341,149.522181205,2.1899254655,0.0,2.1899254655
 07/29  21:00:00,747.443572057,18.0734175407,354.045901642,0.0,24.9203635341,149.522181205,4.36205564382,0.0,4.36205564382
 07/29  22:00:00,636.74075132,10.2563731974,273.050128132,0.0,24.9203635341,149.522181205,0.02,0.0,0.02
 07/29  23:00:00,455.083439411,5.27662277761,143.996972931,0.0,24.9203635341,149.522181205,2.1887197246,0.0,2.1887197246
 07/29  24:00:00,271.079140443,0.410735541745,22.1590750024,0.0,24.9203635341,149.522181205,2.18823760307,0.0,2.18823760307
 07/30  01:00:00,312.821756748,0.821471083491,48.0739612412,0.0,24.9203635341,149.522181205,2.18808150042,0.0,2.18808150042
 07/30  02:00:00,237.928415336,0.0,0.0,0.0,24.9203635341,149.522181205,0.02,0.0,0.02
 07/30  03:00:00,237.928416177,0.0,0.0,0.0,24.9203635341,149.522181205,2.18808115058,0.0,2.18808115058
 07/30  04:00:00,250.150614228,0.0,0.0,0.0,24.9203635341,149.522181205,2.18808119875,0.0,2.18808119875
 07/30  05:00:00,274.596264384,0.0,0.0,0.0,24.9203635341,149.522181205,2.1898109949,0.0,2.1898109949
 07/30  06:00:00,297.85280012,0.0,0.0,0.0,24.9203635341,149.522181205,0.02,0.0,0.02
 07/30  07:00:00,597.716215944,14.5346229166,235.426261402,0.0,24.9203635341,149.522181205,2.18802167304,0.0,2.18802167304
 07/30  08:00:00,835.116475151,24.2738866618,429.027832563,0.0,24.9203635341,149.522181205,2.18809957183,0.0,2.18809957183
 07/30  09:00:00,709.15621274,19.4678017088,361.569961354,0.0,24.9203635341,149.522181205,0.02,0.0,0.02
 07/30  10:00:00,777.448492189,24.4722512344,456.716870254,0.0,24.9203635341,149.522181205,2.18809954904,0.0,2.18809954904
 07/30  11:00:00,668.19130879,19.4716475606,369.489165375,0.0,24.9203635341,149.522181205,2.18932008962,0.0,2.18932008962
 07/30  12:00:00,782.106443627,24.1820383042,461.66419766,0.0,24.9203635341,149.522181205,2.18924195692,0.0,2.18924195692
 07/30  13:00:00,670.126018436,19.2236081776,371.670659635,0.0,24.9203635341,149.522181205,2.19115614384,0.0,2.19115614384
 07/30  14:00:00,784.659958394,24.1975975238,464.202153281,0.0,24.9203635341,149.522181205,2.18922061965,0.0,2.18922061965
 07/30  15:00:00,670.630363174,19.3376369516,372.063066785,0.0,24.9203635341,149.522181205,2.1880865506,0.0,2.1880865506
 07/30  16:00:00,831.569379472,24.3587254016,462.062491785,0.0,24.9203635341,149.522181205,2.18808652068,0.0,2.18808652068
 07/30  17:00:00,754.103443527,19.5062388268,369.812161762,0.0,24.9203635341,149.522181205,0.02,0.0,0.02
 07/30  18:00:00,867.866868657,24.451457789,461.600655007,0.0,24.9203635341,149.522181205,2.18807673987,0.0,2.18807673987
 07/30  19:00:00,728.604359294,19.4532391883,368.810471882,0.0,24.9203635341,149.522181205,2.18802793557,0.0,2.18802793557
 07/30  20:00:00,849.034403327,23.9364551809,450.640255663,0.0,24.9203635341,149.522181205,0.02,0.0,0.02
 07/30  21:00:00,664.622202082,14.1659132355,287.327540881,0.0,24.9203635341,149.522181205,2.18956309712,0.0,2.18956309712
 07/30  22:00:00,473.003045645,5.07125500674,144.233974779,0.0,24.9203635341,149.522181205,2.18810395139,0.0,2.18810395139
 07/30  23:00:00,250.150614258,0.0,0.0,0.0,24.9203635341,149.522181205,2.18806424264,0.0,2.18806424264
 07/30  24:00:00,351.385960678,1.23220662524,73.2284748516,0.0,24.9203635341,149.522181205,0.02,0.0,0.02
 07/31  01:00:00,287.769560668,0.0,0.0,0.0,24.9203635341,199.362908273,2.18871452697,0.0,2.18871452697
 07/31  02:00:00,287.769560919,0.0,0.0,0.0,24.9203635341,199.362908273,2.18860271784,0.0,2.18860271784
 07/31  03:00:00,287.769560984,0.0,0.0,0.0,24.9203635341,199.362908273,2.18849179789,0.0,2.18849179789
 07/31  04:00:00,299.991758253,0.0,0.0,0.0,24.9203635341,199.362908273,2.18861505873,0.0,2.18861505873
 07/31  05:00:00,349.357772081,0.0,0.0,0.0,49.8407270682,199.362908273,2.1903466965,0.0,2.1903466965
 07/31  06:00:00,997.099722448,37.560960667,484.745345701,0.0,49.8407270682,199.362908273,2.18963352436,0.0,2.18963352436
 07/31  07:00:00,1085.22757256,30.3148174886,481.619471225,0.0,149.522181205,199.362908273,6.55037966875,0.0,6.55037966875
 07/31  08:00:00,1619.38534474,31.7174962305,466.119874357,0.0,448.566543614,448.566543614,8.76582820865,0.0,8.76582820865
 07/31  09:00:00,1565.68134783,36.0388881396,444.759828836,0.0,448.566543614,448.566543614,13.1502542757,0.0,13.1502542757
 07/31  10:00:00,1515.5947037,41.1907085391,438.409730383,0.0,448.566543614,448.566543614,10.9642285265,0.0,10.9642285265
 07/31  11:00:00,1518.85092607,43.803438928,439.049873774,0.0,448.566543614,448.566543614,15.3795122654,0.0,15.3795122654
 07/31  12:00:00,1468.01052563,39.3564331913,442.493037572,0.0,448.566543614,398.725816546,15.4208172108,0.0,15.4208172108
 07/31  13:00:00,1518.72178932,44.1738498442,438.547402862,0.0,448.566543614,448.566543614,17.60591172,0.0,17.60591172
 07/31  14:00:00,1519.90167739,46.4712100294,437.66064593,0.0,448.566543614,448.566543614,10.9481632196,0.0,10.9481632196
 07/31  15:00:00,1522.13298734,46.3368799471,440.417818351,0.0,448.566543614,448.566543614,8.76098320082,0.0,8.76098320082
 07/31  16:00:00,1565.31026369,45.146672708,435.278452347,0.0,448.566543614,448.566543614,13.1726994267,0.0,13.1726994267
 07/31  17:00:00,1454.35631314,39.056772859,443.277509557,0.0,348.885089477,398.725816546,8.74428915937,0.0,8.74428915937
 07/31  18:00:00,1284.86174648,31.2358321319,480.968885224,0.0,249.203635341,299.044362409,6.55461514064,0.0,6.55461514064
 07/31  19:00:00,1253.04955976,30.4751266879,474.36430803,0.0,249.203635341,299.044362409,4.36865474728,0.0,4.36865474728
 07/31  20:00:00,1089.1249794,30.3148174886,443.034048904,0.0,149.522181205,249.203635341,4.37137151189,0.0,4.37137151189
 07/31  21:00:00,1081.71606539,30.3148174886,425.895312335,0.0,149.522181205,249.203635341,8.96619755784,4.60539111679,4.36080644105
 07/31  22:00:00,349.356517201,0.0,0.0,0.0,49.8407270682,199.362908273,0.02,0.0,0.02
 07/31  23:00:00,299.991758365,0.0,0.0,0.0,24.9203635341,199.362908273,2.18858695163,0.0,2.18858695163
 07/31  24:00:00,287.769561041,0.0,0.0,0.0,24.9203635341,199.362908273,2.1887098674,0.0,2.1887098674
 08/01  01:00:00,287.769560261,0.0,0.0,0.0,24.9203635341,199.362908273,2.18859734232,0.0,2.18859734232
 08/01  02:00:00,287.769560053,0.0,0.0,0.0,24.9203635341,199.362908273,2.18819422298,0.0,2.18819422298
 08/01  03:00:00,287.769559411,0.0,0.0,0.0,24.9203635341,199.362908273,0.02,0.0,0.02
 08/01  04:00:00,299.991757469,0.0,0.0,0.0,24.9203635341,199.362908273,2.1886070948,0.0,2.1886070948
 08/01  05:00:00,349.357771294,0.0,0.0,0.0,49.8407270682,199.362908273,2.19044556474,0.0,2.19044556474
 08/01  06:00:00,985.652419935,36.9879034238,465.325841626,0.0,49.8407270682,199.362908273,6.57234104327,2.21275561061,4.35958543266
 08/01  07:00:00,1093.11231054,30.3148174886,489.500562887,0.0,149.522181205,199.362908273,9.4447007447,5.07055672071,4.37414402399
 08/01  08:00:00,1622.40527167,34.6434755208,466.213827407,0.0,448.566543614,448.566543614,10.954162899,0.0,10.954162899
 08/01  09:00:00,1570.42232503,39.4036052746,446.136087464,0.0,448.566543614,448.566543614,10.9608051505,0.0,10.9608051505
 08/01  10:00:00,1520.32315776,39.8847328613,444.444176515,0.0,448.566543614,448.566543614,13.153531251,0.0,13.153531251
 08/01  11:00:00,1517.75162683,41.6652293977,440.088798962,0.0,448.566543614,448.566543614,13.1817375673,0.0,13.1817375673
 08/01  12:00:00,1472.39096804,38.8866267575,447.343283519,0.0,448.566543614,398.725816546,17.6206930372,0.0,17.6206930372
 08/01  13:00:00,1514.75519496,45.2833677674,433.471300512,0.0,448.566543614,448.566543614,15.4086110878,0.0,15.4086110878
 08/01  14:00:00,1511.68722117,47.2280910163,428.466963821,0.0,448.566543614,448.566543614,10.9494963309,0.0,10.9494963309
 08/01  15:00:00,1512.818909,48.6926691465,428.134494385,0.0,448.566543614,448.566543614,10.9462379111,0.0,10.9462379111
 08/01  16:00:00,1564.26022144,52.8277791585,426.54730636,0.0,448.566543614,448.566543614,13.1684538715,0.0,13.1684538715
 08/01  17:00:00,1450.78522959,48.0874421819,430.675760991,0.0,348.885089477,398.725816546,6.56326350071,0.0,6.56326350071
 08/01  18:00:00,1255.26342897,39.1617185038,443.44468354,0.0,249.203635341,299.044362409,6.55522646627,0.0,6.55522646627
 08/01  19:00:00,1236.46283535,35.9168530509,452.335860163,0.0,249.203635341,299.044362409,6.5432487375,0.0,6.5432487375
 08/01  20:00:00,1117.44051499,31.0724062457,470.591998627,0.0,149.522181205,249.203635341,4.3717938872,0.0,4.3717938872
 08/01  21:00:00,1141.156831,30.317115863,485.337097069,0.0,149.522181205,249.203635341,2.19041663957,0.0,2.19041663957
 08/01  22:00:00,349.356516946,0.0,0.0,0.0,49.8407270682,199.362908273,2.1887173066,0.0,2.1887173066
 08/01  23:00:00,342.61672164,0.410735541745,29.2152666648,0.0,24.9203635341,199.362908273,2.18860441819,0.0,2.18860441819
 08/01  24:00:00,370.002411595,0.821471083491,55.413458689,0.0,24.9203635341,199.362908273,2.18860996398,0.0,2.18860996398
 08/02  01:00:00,287.76955864,0.0,0.0,0.0,24.9203635341,199.362908273,0.02,0.0,0.02
 08/02  02:00:00,287.769558905,0.0,0.0,0.0,24.9203635341,199.362908273,2.1886121073,0.0,2.1886121073
 08/02  03:00:00,287.76955946,0.0,0.0,0.0,24.9203635341,199.362908273,2.18849894367,0.0,2.18849894367
 08/02  04:00:00,299.991757307,0.0,0.0,0.0,24.9203635341,199.362908273,2.18861960599,0.0,2.18861960599
 08/02  05:00:00,349.357769545,0.0,0.0,0.0,49.8407270682,199.362908273,2.19046076578,0.0,2.19046076578
 08/02  06:00:00,971.020541763,36.1986986029,451.484762324,0.0,49.8407270682,199.362908273,2.18978766952,0.0,2.18978766952
 08/02  07:00:00,1065.04231641,30.3148174886,461.434219141,0.0,149.522181205,199.362908273,6.55136360248,0.0,6.55136360248
 08/02  08:00:00,1610.10406159,39.4039900091,449.152109564,0.0,448.566543614,448.566543614,10.9531125111,0.0,10.9531125111
 08/02  09:00:00,1560.09953278,45.7461351216,429.470774321,0.0,448.566543614,448.566543614,10.9618344386,0.0,10.9618344386
 08/02  10:00:00,1511.97224432,48.2809012376,427.69708647,0.0,448.566543614,448.566543614,10.9630069472,0.0,10.9630069472
 08/02  11:00:00,1512.30350761,48.3951055348,427.91081024,0.0,448.566543614,448.566543614,15.3758511538,0.0,15.3758511538
 08/02  12:00:00,1464.44847152,42.5452012114,435.742226131,0.0,448.566543614,398.725816546,17.6215005167,0.0,17.6215005167
 08/02  13:00:00,1514.39879242,49.1340416131,429.264232569,0.0,448.566543614,448.566543614,15.4053148152,0.0,15.4053148152
 08/02  14:00:00,1514.31002846,50.4823129841,427.835555988,0.0,448.566543614,448.566543614,10.9484157932,0.0,10.9484157932
 08/02  15:00:00,1514.52485644,52.6684378893,425.864672423,0.0,448.566543614,448.566543614,8.76091424901,0.0,8.76091424901
 08/02  16:00:00,1563.69153144,55.621104042,423.185295122,0.0,448.566543614,448.566543614,13.174545969,0.0,13.174545969
 08/02  17:00:00,1448.83334587,50.2531597946,426.558167349,0.0,348.885089477,398.725816546,8.74437582607,0.0,8.74437582607
 08/02  18:00:00,1252.06109885,41.0086310796,438.395443028,0.0,249.203635341,299.044362409,6.55461225262,0.0,6.55461225262
 08/02  19:00:00,1233.19689396,37.5071458598,447.479629908,0.0,249.203635341,299.044362409,4.36923015408,0.0,4.36923015408
 08/02  20:00:00,1112.6603169,32.0200621497,464.864147203,0.0,149.522181205,249.203635341,6.546682428,0.0,6.546682428
 08/02  21:00:00,1131.53207049,30.6671265999,475.362325926,0.0,149.522181205,249.203635341,2.19033602541,0.0,2.19033602541
 08/02  22:00:00,440.901479551,0.821471083491,64.7255614674,0.0,49.8407270682,199.362908273,2.18870977537,0.0,2.18870977537
 08/02  23:00:00,611.136158494,12.5439839989,247.696912854,0.0,24.9203635341,199.362908273,0.02,0.0,0.02
 08/02  24:00:00,390.797541888,1.23220662524,62.798924566,0.0,24.9203635341,199.362908273,2.18851762275,0.0,2.18851762275
 08/03  01:00:00,287.769558984,0.0,0.0,0.0,24.9203635341,199.362908273,2.1886378727,0.0,2.1886378727
 08/03  02:00:00,287.769558972,0.0,0.0,0.0,24.9203635341,199.362908273,2.18852304391,0.0,2.18852304391
 08/03  03:00:00,390.226913817,1.23220662524,62.2282907785,0.0,24.9203635341,199.362908273,2.18864341738,0.0,2.18864341738
 08/03  04:00:00,299.991755908,0.0,0.0,0.0,24.9203635341,199.362908273,0.02,0.0,0.02
 08/03  05:00:00,349.357769258,0.0,0.0,0.0,49.8407270682,199.362908273,4.3607271188,0.0,4.3607271188
 08/03  06:00:00,973.986828932,37.714104569,452.935500973,0.0,49.8407270682,199.362908273,2.38879191892,0.198862793003,2.18992912592
 08/03  07:00:00,1071.10119295,30.3663141697,467.441602394,0.0,149.522181205,199.362908273,4.37425861386,0.0,4.37425861386
 08/03  08:00:00,1610.39883586,42.1631228347,446.687752656,0.0,448.566543614,448.566543614,10.9525897451,0.0,10.9525897451
 08/03  09:00:00,1558.66279405,48.0581151491,425.722059134,0.0,448.566543614,448.566543614,10.9602809261,0.0,10.9602809261
 08/03  10:00:00,1510.14519828,50.6004611631,423.550496367,0.0,448.566543614,448.566543614,13.1547638723,0.0,13.1547638723
 08/03  11:00:00,1516.59752382,50.742595272,429.857339502,0.0,448.566543614,448.566543614,13.1828427332,0.0,13.1828427332
 08/03  12:00:00,1467.51463838,44.2883864676,437.06521098,0.0,448.566543614,398.725816546,17.6195185216,0.0,17.6195185216
 08/03  13:00:00,1519.22910169,51.4503283216,431.778258045,0.0,448.566543614,448.566543614,16.9369185364,0.0,16.9369185364
 08/03  14:00:00,1518.85423915,52.598430228,430.263651823,0.0,448.566543614,448.566543614,9.42851744139,0.0,9.42851744139
 08/03  15:00:00,1520.21224005,53.9190946435,430.301408888,0.0,448.566543614,448.566543614,10.9454653506,0.0,10.9454653506
 08/03  16:00:00,1573.31607147,58.8371837771,429.712800378,0.0,448.566543614,448.566543614,13.1690395199,0.0,13.1690395199
 08/03  17:00:00,1456.17877243,51.80102256,432.452077692,0.0,348.885089477,398.725816546,8.74408996728,0.0,8.74408996728
 08/03  18:00:00,1253.70984949,41.9349168476,439.117909478,0.0,249.203635341,299.044362409,4.376092346,0.0,4.376092346
 08/03  19:00:00,1229.00510882,39.2214533849,441.573538083,0.0,249.203635341,299.044362409,6.5435294412,0.0,6.5435294412
 08/03  20:00:00,1103.46939658,32.0856564801,455.607635021,0.0,149.522181205,249.203635341,4.37159986702,0.0,4.37159986702
 08/03  21:00:00,1122.85023952,30.5638002931,466.783822771,0.0,149.522181205,249.203635341,2.19050626646,0.0,2.19050626646
 08/03  22:00:00,451.560778598,0.821471083491,75.3848501574,0.0,49.8407270682,199.362908273,2.18865171381,0.0,2.18865171381
 08/03  23:00:00,614.009131232,10.5217759227,248.047491354,0.0,24.9203635341,199.362908273,2.18869284613,0.0,2.18869284613
 08/03  24:00:00,383.145837644,1.02683885436,61.8520552235,0.0,24.9203635341,199.362908273,2.18857789936,0.0,2.18857789936
 08/04  01:00:00,287.769557717,0.0,0.0,0.0,24.9203635341,199.362908273,0.02,0.0,0.02
 08/04  02:00:00,287.769557738,0.0,0.0,0.0,24.9203635341,199.362908273,2.18869579717,0.0,2.18869579717
 08/04  03:00:00,287.769558234,0.0,0.0,0.0,24.9203635341,199.362908273,2.18858093757,0.0,2.18858093757
 08/04  04:00:00,415.769870442,1.23220662524,75.5490357982,0.0,24.9203635341,199.362908273,2.18870075426,0.0,2.18870075426
 08/04  05:00:00,349.357767903,0.0,0.0,0.0,49.8407270682,199.362908273,2.19053654232,0.0,2.19053654232
 08/04  06:00:00,998.770787747,38.7887464659,476.644916029,0.0,49.8407270682,199.362908273,2.25373286086,0.0638708253514,2.1898620355
 08/04  07:00:00,1081.22206834,30.3148174886,477.613974865,0.0,149.522181205,199.362908273,6.55033135476,0.0,6.55033135476
 08/04  08:00:00,1607.99770604,38.3281573677,448.121594393,0.0,448.566543614,448.566543614,10.9533218315,0.0,10.9533218315
 08/04  09:00:00,1562.13719786,41.8836660555,435.370916428,0.0,448.566543614,448.566543614,10.9619821534,0.0,10.9619821534
 08/04  10:00:00,1512.47257476,43.0758204442,433.402506709,0.0,448.566543614,448.566543614,10.9630915244,0.0,10.9630915244
 08/04  11:00:00,1514.66491514,43.8459797174,434.821354578,0.0,448.566543614,448.566543614,15.3752337188,0.0,15.3752337188
 08/04  12:00:00,1465.84197887,39.5314725498,440.149473994,0.0,448.566543614,398.725816546,17.6213035531,0.0,17.6213035531
 08/04  13:00:00,1517.29550019,45.8089973519,435.485996381,0.0,448.566543614,448.566543614,15.4050413236,0.0,15.4050413236
 08/04  14:00:00,1522.99477122,48.8116126899,438.818155118,0.0,448.566543614,448.566543614,10.9482313009,0.0,10.9482313009
 08/04  15:00:00,1527.20922804,50.6968494091,442.16612318,0.0,448.566543614,448.566543614,8.76073112604,0.0,8.76073112604
 08/04  16:00:00,1577.07750211,53.9567777956,440.223480554,0.0,448.566543614,448.566543614,13.1741406827,0.0,13.1741406827
 08/04  17:00:00,1454.07161569,44.9821473294,437.280173448,0.0,348.885089477,398.725816546,8.74413077199,0.0,8.74413077199
 08/04  18:00:00,1254.9506466,35.2845804549,447.009046437,0.0,249.203635341,299.044362409,6.5552933261,0.0,6.5552933261
 08/04  19:00:00,1233.08047608,33.0720819176,451.798278921,0.0,249.203635341,299.044362409,4.3690975036,0.0,4.3690975036
 08/04  20:00:00,1105.128355,30.7456704086,458.606580089,0.0,149.522181205,249.203635341,6.54646498816,0.0,6.54646498816
 08/04  21:00:00,1121.83951489,30.3176948336,466.019203696,0.0,149.522181205,249.203635341,2.19026629814,0.0,2.19026629814
 08/04  22:00:00,349.356514812,0.0,0.0,0.0,49.8407270682,199.362908273,2.18856168522,0.0,2.18856168522
 08/04  23:00:00,299.991755454,0.0,0.0,0.0,24.9203635341,199.362908273,0.02,0.0,0.02
 08/04  24:00:00,287.769558194,0.0,0.0,0.0,24.9203635341,199.362908273,2.18868010314,0.0,2.18868010314
 08/05  01:00:00,237.928830951,0.0,0.0,0.0,24.9203635341,149.522181205,2.18856433478,0.0,2.18856433478
 08/05  02:00:00,237.928830934,0.0,0.0,0.0,24.9203635341,149.522181205,2.18868207401,0.0,2.18868207401
 08/05  03:00:00,237.928830396,0.0,0.0,0.0,24.9203635341,149.522181205,2.18856650778,0.0,2.18856650778
 08/05  04:00:00,250.15102794,0.0,0.0,0.0,24.9203635341,149.522181205,0.02,0.0,0.02
 08/05  05:00:00,274.596677256,0.0,0.0,0.0,24.9203635341,149.522181205,4.36056617727,0.0,4.36056617727
 08/05  06:00:00,997.535794688,36.0805456424,478.118170169,0.0,49.8407270682,199.362908273,2.18984689646,0.0,2.18984689646
 08/05  07:00:00,986.948189784,30.3148174886,483.024608395,0.0,49.8407270682,199.362908273,2.59042219877,0.39815635838,2.19226584039
 08/05  08:00:00,1218.89636125,31.8324300377,464.250147001,0.0,249.203635341,249.203635341,4.36919294684,0.0,4.36919294684
 08/05  09:00:00,1170.47242908,33.5211868186,450.801546026,0.0,249.203635341,249.203635341,6.55489183065,0.0,6.55489183065
 08/05  10:00:00,1119.35670421,34.7268922847,447.369742663,0.0,249.203635341,249.203635341,6.55056668184,0.0,6.55056668184
 08/05  11:00:00,1123.01581365,34.2702654594,451.483808216,0.0,249.203635341,249.203635341,6.55727250255,0.0,6.55727250255
 08/05  12:00:00,1124.23730692,33.880725089,453.096094741,0.0,249.203635341,249.203635341,6.5523104437,0.0,6.5523104437
 08/05  13:00:00,1125.13754145,35.0631542715,452.814315825,0.0,249.203635341,249.203635341,6.55094797282,0.0,6.55094797282
 08/05  14:00:00,877.798110614,34.0780441415,455.665303072,0.0,74.7610906023,174.442544739,4.36870895697,0.0,4.36870895697
 08/05  15:00:00,882.209395545,33.8780459397,460.277420611,0.0,74.7610906023,174.442544739,4.36670723527,0.0,4.36670723527
 08/05  16:00:00,928.380151214,35.443406628,455.993606925,0.0,74.7610906023,174.442544739,4.36744769639,0.0,4.36744769639
 08/05  17:00:00,890.613478138,36.3092612696,455.458500061,0.0,24.9203635341,149.522181205,2.18983469582,0.0,2.18983469582
 08/05  18:00:00,804.25997819,22.6276683998,406.719910531,0.0,24.9203635341,149.522181205,2.18964851682,0.0,2.18964851682
 08/05  19:00:00,716.200831148,19.5547976883,356.304135791,0.0,24.9203635341,149.522181205,2.18990345894,0.0,2.18990345894
 08/05  20:00:00,846.19940498,23.9072380141,439.289557445,0.0,24.9203635341,149.522181205,2.18990480855,0.0,2.18990480855
 08/05  21:00:00,759.925878339,17.0876190652,357.107088298,0.0,24.9203635341,149.522181205,4.36179267418,0.0,4.36179267418
 08/05  22:00:00,385.635239506,1.23220662524,70.8107549456,0.0,24.9203635341,149.522181205,0.02,0.0,0.02
 08/05  23:00:00,325.79490364,0.821471083491,48.8244948858,0.0,24.9203635341,149.522181205,2.18867242965,0.0,2.18867242965
 08/05  24:00:00,275.830491615,0.410735541745,24.4919692909,0.0,24.9203635341,149.522181205,2.1885184569,0.0,2.1885184569
 08/06  01:00:00,237.928412975,0.0,0.0,0.0,24.9203635341,149.522181205,2.18809997431,0.0,2.18809997431
 08/06  02:00:00,237.928412084,0.0,0.0,0.0,24.9203635341,149.522181205,0.02,0.0,0.02
 08/06  03:00:00,237.928413188,0.0,0.0,0.0,24.9203635341,149.522181205,2.18809326649,0.0,2.18809326649
 08/06  04:00:00,250.150610722,0.0,0.0,0.0,24.9203635341,149.522181205,2.18808653112,0.0,2.18808653112
 08/06  05:00:00,274.596258825,0.0,0.0,0.0,24.9203635341,149.522181205,2.18991990668,0.0,2.18991990668
 08/06  06:00:00,306.396463263,0.0,0.0,0.0,24.9203635341,149.522181205,0.02,0.0,0.02
 08/06  07:00:00,597.750973257,14.4566783943,235.538966152,0.0,24.9203635341,149.522181205,2.1880130319,0.0,2.1880130319
 08/06  08:00:00,725.907067129,19.495969452,341.626057042,0.0,24.9203635341,149.522181205,2.18808392646,0.0,2.18808392646
 08/06  09:00:00,820.599792939,24.4647806933,450.986854249,0.0,24.9203635341,149.522181205,0.02,0.0,0.02
 08/06  10:00:00,665.693271357,19.6711188479,366.79249653,0.0,24.9203635341,149.522181205,2.18807723045,0.0,2.18807723045
 08/06  11:00:00,781.548682463,24.346587038,460.94189261,0.0,24.9203635341,149.522181205,2.18931004397,0.0,2.18931004397
 08/06  12:00:00,668.661273501,19.340962056,370.089820527,0.0,24.9203635341,149.522181205,2.1892796515,0.0,2.1892796515
 08/06  13:00:00,784.85537744,24.1739500132,464.419972624,0.0,24.9203635341,149.522181205,2.19114000516,0.0,2.19114000516
 08/06  14:00:00,671.580686021,19.5001219677,372.850073182,0.0,24.9203635341,149.522181205,2.18930684351,0.0,2.18930684351
 08/06  15:00:00,789.506274934,24.2976060158,468.949300871,0.0,24.9203635341,149.522181205,2.18806710031,0.0,2.18806710031
 08/06  16:00:00,719.844928731,19.5708177054,372.155664523,0.0,24.9203635341,149.522181205,0.02,0.0,0.02
 08/06  17:00:00,871.290159607,24.2900727556,465.18533494,0.0,24.9203635341,149.522181205,2.1880989714,0.0,2.1880989714
 08/06  18:00:00,754.247235291,19.6578489155,369.804345586,0.0,24.9203635341,149.522181205,2.18805272504,0.0,2.18805272504
 08/06  19:00:00,840.87938317,24.3548406099,459.154186427,0.0,24.9203635341,149.522181205,0.02,0.0,0.02
 08/06  20:00:00,699.553379264,16.5849712389,319.607378282,0.0,24.9203635341,149.522181205,2.18808540703,0.0,2.18808540703
 08/06  21:00:00,674.706415639,11.0448584633,294.799571415,0.0,24.9203635341,149.522181205,2.1899115374,0.0,2.1899115374
 08/06  22:00:00,625.839737116,13.0916313879,274.148347066,0.0,24.9203635341,149.522181205,2.18808894387,0.0,2.18808894387
 08/06  23:00:00,340.183158269,1.02683885436,56.5083295148,0.0,24.9203635341,149.522181205,2.18806257687,0.0,2.18806257687
 08/06  24:00:00,347.5305802,1.23220662524,69.3730995882,0.0,24.9203635341,149.522181205,0.02,0.0,0.02
 08/07  01:00:00,287.769557385,0.0,0.0,0.0,24.9203635341,199.362908273,2.18864556535,0.0,2.18864556535
 08/07  02:00:00,287.769557422,0.0,0.0,0.0,24.9203635341,199.362908273,2.1885289926,0.0,2.1885289926
 08/07  03:00:00,287.769557025,0.0,0.0,0.0,24.9203635341,199.362908273,2.18864564025,0.0,2.18864564025
 08/07  04:00:00,299.991754355,0.0,0.0,0.0,24.9203635341,199.362908273,0.02,0.0,0.02
 08/07  05:00:00,349.357766767,0.0,0.0,0.0,49.8407270682,199.362908273,4.36071858651,0.0,4.36071858651
 08/07  06:00:00,988.715340123,36.6679337293,468.710321512,0.0,49.8407270682,199.362908273,2.19938198917,0.00946046946732,2.1899215197
 08/07  07:00:00,1092.24743432,30.3148174886,488.639346249,0.0,149.522181205,199.362908273,4.3738018917,0.0,4.3738018917
 08/07  08:00:00,1625.98500681,33.0812648495,471.355792205,0.0,448.566543614,448.566543614,10.9528325687,0.0,10.9528325687
 08/07  09:00:00,1565.9704561,40.0316556343,441.056192691,0.0,448.566543614,448.566543614,10.9599294319,0.0,10.9599294319
 08/07  10:00:00,1512.20429903,43.4591986072,432.750872288,0.0,448.566543614,448.566543614,13.1542247848,0.0,13.1542247848
 08/07  11:00:00,1513.43187246,44.5633497618,432.870949249,0.0,448.566543614,448.566543614,13.1821361546,0.0,13.1821361546
 08/07  12:00:00,1465.68545617,40.1148476978,439.40958402,0.0,448.566543614,398.725816546,17.6207029118,0.0,17.6207029118
 08/07  13:00:00,1516.07468134,47.2572529091,432.816931568,0.0,448.566543614,448.566543614,15.4061474192,0.0,15.4061474192
 08/07  14:00:00,1517.96388639,48.1360193497,433.835720254,0.0,448.566543614,448.566543614,10.9493607429,0.0,10.9493607429
 08/07  15:00:00,1517.1512388,49.7881424602,431.371369571,0.0,448.566543614,448.566543614,10.9459751715,0.0,10.9459751715
 08/07  16:00:00,1570.18925565,54.6623556622,430.641788382,0.0,448.566543614,448.566543614,13.167836727,0.0,13.167836727
 08/07  17:00:00,1455.20784165,48.9999310955,434.186810976,0.0,348.885089477,398.725816546,6.56298028179,0.0,6.56298028179
 08/07  18:00:00,1254.13371564,40.0590171233,441.417684062,0.0,249.203635341,299.044362409,6.55492028294,0.0,6.55492028294
 08/07  19:00:00,1232.11311601,37.0862004018,446.816801678,0.0,249.203635341,299.044362409,6.5435708668,0.0,6.5435708668
 08/07  20:00:00,1122.59277178,31.6606669488,466.612337389,0.0,149.522181205,249.203635341,4.37118515019,0.0,4.37118515019
 08/07  21:00:00,1137.63144369,30.3979275953,481.730902481,0.0,149.522181205,249.203635341,2.19030429977,0.0,2.19030429977
 08/07  22:00:00,393.874031729,0.410735541745,31.107818031,0.0,49.8407270682,199.362908273,2.18860589837,0.0,2.18860589837
 08/07  23:00:00,383.643235053,0.821471083491,56.8320845676,0.0,24.9203635341,199.362908273,2.18864500273,0.0,2.18864500273
 08/07  24:00:00,287.769556815,0.0,0.0,0.0,24.9203635341,199.362908273,2.18860503498,0.0,2.18860503498
 08/08  01:00:00,287.769556281,0.0,0.0,0.0,24.9203635341,199.362908273,0.02,0.0,0.02
 08/08  02:00:00,287.769556841,0.0,0.0,0.0,24.9203635341,199.362908273,2.18848784344,0.0,2.18848784344
 08/08  03:00:00,404.403668434,1.23220662524,76.4050240074,0.0,24.9203635341,199.362908273,2.18869874007,0.0,2.18869874007
 08/08  04:00:00,299.99175498,0.0,0.0,0.0,24.9203635341,199.362908273,2.1884873129,0.0,2.1884873129
 08/08  05:00:00,349.357765754,0.0,0.0,0.0,49.8407270682,199.362908273,2.19031915383,0.0,2.19031915383
 08/08  06:00:00,979.083604976,37.9161362446,457.830227311,0.0,49.8407270682,199.362908273,2.41753665963,0.227736353408,2.18980030623
 08/08  07:00:00,1088.07852203,30.3148174886,484.470433885,0.0,149.522181205,199.362908273,6.55039770953,0.0,6.55039770953
 08/08  08:00:00,1624.06625568,36.2570216108,466.261287772,0.0,448.566543614,448.566543614,10.9520266311,0.0,10.9520266311
 08/08  09:00:00,1574.01635876,38.8516713181,450.282083499,0.0,448.566543614,448.566543614,10.962168274,0.0,10.962168274
 08/08  10:00:00,1517.18319801,40.5967113371,440.592248821,0.0,448.566543614,448.566543614,10.9632754017,0.0,10.9632754017
 08/08  11:00:00,1514.52286751,42.4880710842,436.037221046,0.0,448.566543614,448.566543614,15.3770186517,0.0,15.3770186517
 08/08  12:00:00,1469.90402552,38.833993196,444.909019063,0.0,448.566543614,398.725816546,15.4183945342,0.0,15.4183945342
 08/08  13:00:00,1517.04107521,43.4959917713,437.54458853,0.0,448.566543614,448.566543614,17.6054355227,0.0,17.6054355227
 08/08  14:00:00,1512.87697459,45.2558140469,431.629016296,0.0,448.566543614,448.566543614,10.9478940458,0.0,10.9478940458
 08/08  15:00:00,1512.69861958,46.9439872463,429.762905199,0.0,448.566543614,448.566543614,8.76064147309,0.0,8.76064147309
 08/08  16:00:00,1562.15960325,46.8680301228,430.406467947,0.0,448.566543614,448.566543614,13.1717784009,0.0,13.1717784009
 08/08  17:00:00,1452.96538623,39.7895008194,441.153873503,0.0,348.885089477,398.725816546,8.74372819042,0.0,8.74372819042
 08/08  18:00:00,1267.9218239,31.9853113795,463.279499215,0.0,249.203635341,299.044362409,6.55415415476,0.0,6.55415415476
 08/08  19:00:00,1249.06260895,31.0106687702,469.841825902,0.0,249.203635341,299.044362409,4.36898189926,0.0,4.36898189926
 08/08  20:00:00,1133.87875233,30.3148174886,479.244167989,0.0,149.522181205,249.203635341,4.3710237254,0.0,4.3710237254
 08/08  21:00:00,1144.80813523,30.3148174886,488.99041659,0.0,149.522181205,249.203635341,4.7588178176,0.398340496787,4.36047732081
 08/08  22:00:00,349.35651343,0.0,0.0,0.0,49.8407270682,199.362908273,0.02,0.0,0.02
 08/08  23:00:00,299.991754828,0.0,0.0,0.0,24.9203635341,199.362908273,2.18865421285,0.0,2.18865421285
 08/08  24:00:00,287.769557287,0.0,0.0,0.0,24.9203635341,199.362908273,2.18853729202,0.0,2.18853729202
 08/09  01:00:00,287.769557066,0.0,0.0,0.0,24.9203635341,199.362908273,2.18865326579,0.0,2.18865326579
 08/09  02:00:00,287.769556534,0.0,0.0,0.0,24.9203635341,199.362908273,2.18853617999,0.0,2.18853617999
 08/09  03:00:00,287.76955633,0.0,0.0,0.0,24.9203635341,199.362908273,0.02,0.0,0.02
 08/09  04:00:00,299.991754658,0.0,0.0,0.0,24.9203635341,199.362908273,2.18865222256,0.0,2.18865222256
 08/09  05:00:00,349.357766062,0.0,0.0,0.0,49.8407270682,199.362908273,2.19024522177,0.0,2.19024522177
 08/09  06:00:00,989.313636888,35.8235168188,470.148886625,0.0,49.8407270682,199.362908273,7.96367835184,5.77377771444,2.18990063739
 08/09  07:00:00,1078.98068154,30.3148174886,475.366944562,0.0,149.522181205,199.362908273,14.40133519,7.85018119687,6.55115399309
 08/09  08:00:00,1614.96085835,38.0249854689,455.387927006,0.0,448.566543614,448.566543614,10.9518311853,0.0,10.9518311853
 08/09  09:00:00,1560.96990542,44.7585398434,431.328757678,0.0,448.566543614,448.566543614,10.9606654859,0.0,10.9606654859
 08/09  10:00:00,1512.10745608,47.4633116123,428.649915813,0.0,448.566543614,448.566543614,13.1512718066,0.0,13.1512718066
 08/09  11:00:00,1513.30709905,47.8083700079,429.501162451,0.0,448.566543614,448.566543614,13.1790977744,0.0,13.1790977744
 08/09  12:00:00,1464.87490077,42.342132799,436.371743134,0.0,448.566543614,398.725816546,17.6204006182,0.0,17.6204006182
 08/09  13:00:00,1515.60679385,49.5114945576,430.094810977,0.0,448.566543614,448.566543614,15.4070223927,0.0,15.4070223927
 08/09  14:00:00,1514.33857986,50.6274505425,427.718984796,0.0,448.566543614,448.566543614,10.9482554486,0.0,10.9482554486
 08/09  15:00:00,1513.41509254,51.9370469747,425.486316915,0.0,448.566543614,448.566543614,8.76044577933,0.0,8.76044577933
 08/09  16:00:00,1564.3455861,56.8283024863,422.632163092,0.0,448.566543614,448.566543614,13.3249168985,0.0,13.3249168985
 08/09  17:00:00,1450.7505869,51.8876283375,426.840958118,0.0,348.885089477,398.725816546,8.59545669735,0.0,8.59545669735
 08/09  18:00:00,1253.69138246,42.1603302123,438.874042023,0.0,249.203635341,299.044362409,6.55338012456,0.0,6.55338012456
 08/09  19:00:00,1233.98011933,38.5989297062,447.171077511,0.0,249.203635341,299.044362409,4.36895211121,0.0,4.36895211121
 08/09  20:00:00,1125.73158488,32.0750407855,469.336778258,0.0,149.522181205,249.203635341,6.54717264771,0.0,6.54717264771
 08/09  21:00:00,1137.85034965,30.6836574409,481.664078407,0.0,149.522181205,249.203635341,2.19050332398,0.0,2.19050332398
 08/09  22:00:00,475.88172264,1.23220662524,86.2961163907,0.0,49.8407270682,199.362908273,2.18864400051,0.0,2.18864400051
 08/09  23:00:00,705.744974038,13.4781692797,304.853921495,0.0,24.9203635341,199.362908273,0.02,0.0,0.02
 08/09  24:00:00,561.951596419,9.82666045833,200.009042385,0.0,24.9203635341,199.362908273,2.18868248733,0.0,2.18868248733
 08/10  01:00:00,388.075387763,4.04441615237,79.430597054,0.0,24.9203635341,199.362908273,2.18870511606,0.0,2.18870511606
 08/10  02:00:00,287.769557096,0.0,0.0,0.0,24.9203635341,199.362908273,2.18867994382,0.0,2.18867994382
 08/10  03:00:00,393.689726698,1.23220662524,65.6911068015,0.0,24.9203635341,199.362908273,2.18864159163,0.0,2.18864159163
 08/10  04:00:00,299.991754125,0.0,0.0,0.0,24.9203635341,199.362908273,0.02,0.0,0.02
 08/10  05:00:00,349.357766224,0.0,0.0,0.0,49.8407270682,199.362908273,4.36101569568,0.0,4.36101569568
 08/10  06:00:00,988.53767952,37.5157884524,467.684654543,0.0,49.8407270682,199.362908273,2.41128843195,0.221532157049,2.1897562749
 08/10  07:00:00,1090.40065661,30.3148174886,486.792569928,0.0,149.522181205,199.362908273,4.37328892596,0.0,4.37328892596
 08/10  08:00:00,1613.04480006,36.8073573406,454.689493765,0.0,448.566543614,448.566543614,10.9537815636,0.0,10.9537815636
 08/10  09:00:00,1562.30071678,44.6120305166,432.806084451,0.0,448.566543614,448.566543614,13.1480536354,0.0,13.1480536354
 08/10  10:00:00,1511.76990513,48.1516342618,427.624043025,0.0,448.566543614,448.566543614,10.9653768068,0.0,10.9653768068
 08/10  11:00:00,1511.89008211,48.6299441885,427.262566094,0.0,448.566543614,448.566543614,13.1829180331,0.0,13.1829180331
 08/10  12:00:00,1464.20130527,43.0536900947,434.986597489,0.0,448.566543614,398.725816546,17.6192720569,0.0,17.6192720569
 08/10  13:00:00,1514.43627393,49.8778040868,428.557974775,0.0,448.566543614,448.566543614,17.0457606841,0.0,17.0457606841
 08/10  14:00:00,1514.18650824,51.0017935253,427.192570676,0.0,448.566543614,448.566543614,9.31967359255,0.0,9.31967359255
 08/10  15:00:00,1515.41638313,52.6162959674,426.808363011,0.0,448.566543614,448.566543614,10.9451795872,0.0,10.9451795872
 08/10  16:00:00,1566.81589034,57.587214789,424.343569289,0.0,448.566543614,448.566543614,13.1684231077,0.0,13.1684231077
 08/10  17:00:00,1451.42836798,52.4454308086,426.960925901,0.0,348.885089477,398.725816546,6.56328179353,0.0,6.56328179353
 08/10  18:00:00,1252.6085269,42.6487951272,437.302717548,0.0,249.203635341,299.044362409,6.55521627737,0.0,6.55521627737
 08/10  19:00:00,1232.80827746,39.2538761562,445.344288934,0.0,249.203635341,299.044362409,6.54322443394,0.0,6.54322443394
 08/10  20:00:00,1130.28845996,31.9843388899,473.984355453,0.0,149.522181205,249.203635341,4.37137301109,0.0,4.37137301109
 08/10  21:00:00,1146.48616078,30.5362839594,490.447263667,0.0,149.522181205,249.203635341,2.19039940443,0.0,2.19039940443
 08/10  22:00:00,428.560947776,0.821471083491,52.3850452659,0.0,49.8407270682,199.362908273,2.18870061515,0.0,2.18870061515
 08/10  23:00:00,632.102180406,12.5439839989,255.720254884,0.0,24.9203635341,199.362908273,2.18869993026,0.0,2.18869993026
 08/10  24:00:00,387.383073265,1.23220662524,59.3844608176,0.0,24.9203635341,199.362908273,2.18869954121,0.0,2.18869954121
 08/11  01:00:00,287.769556189,0.0,0.0,0.0,24.9203635341,199.362908273,0.02,0.0,0.02
 08/11  02:00:00,287.769556517,0.0,0.0,0.0,24.9203635341,199.362908273,2.1885815316,0.0,2.1885815316
 08/11  03:00:00,287.769557061,0.0,0.0,0.0,24.9203635341,199.362908273,2.18869742652,0.0,2.18869742652
 08/11  04:00:00,299.991754864,0.0,0.0,0.0,24.9203635341,199.362908273,2.1885803422,0.0,2.1885803422
 08/11  05:00:00,450.785973941,1.23220662524,61.1991444233,0.0,49.8407270682,199.362908273,2.19048565616,0.0,2.19048565616
 08/11  06:00:00,977.677419903,36.5863613042,457.753981237,0.0,49.8407270682,199.362908273,2.18989256768,0.0,2.18989256768
 08/11  07:00:00,1086.21460261,30.3148174886,482.6065143,0.0,149.522181205,199.362908273,6.55071345528,0.0,6.55071345528
 08/11  08:00:00,1610.70004548,40.2276987265,448.924402034,0.0,448.566543614,448.566543614,10.9524756168,0.0,10.9524756168
 08/11  09:00:00,1561.09841087,46.5162774246,429.699529487,0.0,448.566543614,448.566543614,10.9610479471,0.0,10.9610479471
 08/11  10:00:00,1510.78987002,49.1354971203,425.660135376,0.0,448.566543614,448.566543614,10.9637253239,0.0,10.9637253239
 08/11  11:00:00,1511.46532274,49.5095137323,425.958236711,0.0,448.566543614,448.566543614,15.377273093,0.0,15.377273093
 08/11  12:00:00,1465.45335027,43.9231518483,435.369184515,0.0,448.566543614,398.725816546,15.4190055133,0.0,15.4190055133
 08/11  13:00:00,1513.06200374,50.6809305433,426.380580796,0.0,448.566543614,448.566543614,17.6060823116,0.0,17.6060823116
 08/11  14:00:00,1512.72198194,52.0329881302,424.696850447,0.0,448.566543614,448.566543614,10.9483005465,0.0,10.9483005465
 08/11  15:00:00,1512.71739107,52.8914625187,423.834201254,0.0,448.566543614,448.566543614,8.76096793065,0.0,8.76096793065
 08/11  16:00:00,1560.77059767,56.7343355174,419.151156916,0.0,448.566543614,448.566543614,13.1722601084,0.0,13.1722601084
 08/11  17:00:00,1449.08713213,50.3993386062,426.665783064,0.0,348.885089477,398.725816546,8.74403489203,0.0,8.74403489203
 08/11  18:00:00,1259.91696926,40.4562112805,446.803745022,0.0,249.203635341,299.044362409,6.55438440857,0.0,6.55438440857
 08/11  19:00:00,1244.01829514,37.0437057707,458.764475688,0.0,249.203635341,299.044362409,4.36849983275,0.0,4.36849983275
 08/11  20:00:00,1141.80239968,30.864452949,486.618180481,0.0,149.522181205,249.203635341,4.37117545643,0.0,4.37117545643
 08/11  21:00:00,1133.00272076,30.3148174886,477.185288919,0.0,149.522181205,249.203635341,4.36062873527,0.0,4.36062873527
 08/11  22:00:00,349.35651334,0.0,0.0,0.0,49.8407270682,199.362908273,0.02,0.0,0.02
 08/11  23:00:00,299.991754707,0.0,0.0,0.0,24.9203635341,199.362908273,2.18849631965,0.0,2.18849631965
 08/11  24:00:00,287.769557172,0.0,0.0,0.0,24.9203635341,199.362908273,2.18861248975,0.0,2.18861248975
 08/12  01:00:00,237.92883026,0.0,0.0,0.0,24.9203635341,149.522181205,2.1884956349,0.0,2.1884956349
 08/12  02:00:00,237.928829743,0.0,0.0,0.0,24.9203635341,149.522181205,2.18861198387,0.0,2.18861198387
 08/12  03:00:00,237.928829347,0.0,0.0,0.0,24.9203635341,149.522181205,0.02,0.0,0.02
 08/12  04:00:00,250.151027663,0.0,0.0,0.0,24.9203635341,149.522181205,2.18849503921,0.0,2.18849503921
 08/12  05:00:00,274.596675708,0.0,0.0,0.0,24.9203635341,149.522181205,2.19032179469,0.0,2.19032179469
 08/12  06:00:00,959.459104533,35.1035450613,441.018365757,0.0,49.8407270682,199.362908273,2.35071149831,0.160796837253,2.18991466106
 08/12  07:00:00,929.751749053,30.3148174886,425.827224962,0.0,49.8407270682,199.362908273,6.07367311169,1.70944207098,4.36423104071
 08/12  08:00:00,1199.66761172,30.3750632156,446.478524989,0.0,249.203635341,249.203635341,4.70483643207,0.335974018559,4.36886241351
 08/12  09:00:00,1195.48094052,30.9005536663,478.430695067,0.0,249.203635341,249.203635341,6.55389850742,0.0,6.55389850742
 08/12  10:00:00,1141.28094619,32.5208679937,471.5000101,0.0,249.203635341,249.203635341,6.55037208138,0.0,6.55037208138
 08/12  11:00:00,1143.41840132,32.5291118189,473.627552111,0.0,249.203635341,249.203635341,6.55721831376,0.0,6.55721831376
 08/12  12:00:00,1147.10210915,32.5834480917,477.258176351,0.0,249.203635341,249.203635341,6.55212438322,0.0,6.55212438322
 08/12  13:00:00,1144.77504998,33.3987146865,474.116270218,0.0,249.203635341,249.203635341,6.55070126596,0.0,6.55070126596
 08/12  14:00:00,899.526296721,32.451124936,479.020410135,0.0,74.7610906023,174.442544739,4.36928710062,0.0,4.36928710062
 08/12  15:00:00,898.501822684,32.0982885349,478.349607552,0.0,74.7610906023,174.442544739,4.36683754028,0.0,4.36683754028
 08/12  16:00:00,938.724162403,32.3621691467,469.418858142,0.0,74.7610906023,174.442544739,4.3679318917,0.0,4.3679318917
 08/12  17:00:00,895.588316638,33.3027293115,463.439871293,0.0,24.9203635341,149.522181205,2.18979857376,0.0,2.18979857376
 08/12  18:00:00,760.697111955,22.396424906,363.296567591,0.0,24.9203635341,149.522181205,2.18956811811,0.0,2.18956811811
 08/12  19:00:00,673.154776197,19.4459330434,313.366946515,0.0,24.9203635341,149.522181205,2.18989555573,0.0,2.18989555573
 08/12  20:00:00,611.772454877,14.7399906875,241.589804631,0.0,24.9203635341,149.522181205,2.18944777783,0.0,2.18944777783
 08/12  21:00:00,363.011000597,0.821471083491,37.1501421883,0.0,24.9203635341,149.522181205,2.19113377696,0.0,2.19113377696
 08/12  22:00:00,274.595423365,0.0,0.0,0.0,24.9203635341,149.522181205,2.18866828489,0.0,2.18866828489
 08/12  23:00:00,250.151028015,0.0,0.0,0.0,24.9203635341,149.522181205,2.18855139765,0.0,2.18855139765
 08/12  24:00:00,237.928830151,0.0,0.0,0.0,24.9203635341,149.522181205,2.1886676225,0.0,2.1886676225
 08/13  01:00:00,237.928411973,0.0,0.0,0.0,24.9203635341,149.522181205,0.02,0.0,0.02
 08/13  02:00:00,237.92841262,0.0,0.0,0.0,24.9203635341,149.522181205,2.18793834241,0.0,2.18793834241
 08/13  03:00:00,237.928413044,0.0,0.0,0.0,24.9203635341,149.522181205,2.18793120939,0.0,2.18793120939
 08/13  04:00:00,250.150609746,0.0,0.0,0.0,24.9203635341,149.522181205,0.02,0.0,0.02
 08/13  05:00:00,274.596258459,0.0,0.0,0.0,24.9203635341,149.522181205,2.18974783809,0.0,2.18974783809
 08/13  06:00:00,314.940130378,0.0,0.0,0.0,24.9203635341,149.522181205,2.18804990655,0.0,2.18804990655
 08/13  07:00:00,341.200247874,2.02220807619,34.3995143793,0.0,24.9203635341,149.522181205,2.18804329261,0.0,2.18804329261
 08/13  08:00:00,792.914667108,24.1422244194,374.448884917,0.0,24.9203635341,149.522181205,0.02,0.0,0.02
 08/13  09:00:00,720.071456535,19.4991457446,347.496776542,0.0,24.9203635341,149.522181205,2.18807512716,0.0,2.18807512716
 08/13  10:00:00,740.143809699,24.3481371264,407.590123969,0.0,24.9203635341,149.522181205,2.18806802474,0.0,2.18806802474
 08/13  11:00:00,692.595972287,19.4806860336,368.697857946,0.0,24.9203635341,149.522181205,2.18927927812,0.0,2.18927927812
 08/13  12:00:00,739.248375382,23.7372182634,407.20040673,0.0,24.9203635341,149.522181205,2.18927650084,0.0,2.18927650084
 08/13  13:00:00,678.995508815,18.6183744205,356.607226933,0.0,24.9203635341,149.522181205,2.19111914532,0.0,2.19111914532
 08/13  14:00:00,747.413600475,23.6535922311,415.367682439,0.0,24.9203635341,149.522181205,2.1892745133,0.0,2.1892745133
 08/13  15:00:00,703.801098955,19.6473514209,379.371781307,0.0,24.9203635341,149.522181205,2.18809396215,0.0,2.18809396215
 08/13  16:00:00,801.966909332,23.6626925828,421.001065549,0.0,24.9203635341,149.522181205,0.02,0.0,0.02
 08/13  17:00:00,787.291801404,19.7921318725,377.119966166,0.0,24.9203635341,149.522181205,2.18808680256,0.0,2.18808680256
 08/13  18:00:00,743.880041263,18.345185597,339.119614397,0.0,24.9203635341,149.522181205,2.18807959419,0.0,2.18807959419
 08/13  19:00:00,635.314915026,15.6731502033,272.932743489,0.0,24.9203635341,149.522181205,0.02,0.0,0.02
 08/13  20:00:00,402.84756567,1.23220662524,56.2729927549,0.0,24.9203635341,149.522181205,2.18807245673,0.0,2.18807245673
 08/13  21:00:00,299.040653973,0.0,0.0,0.0,24.9203635341,149.522181205,2.18985955997,0.0,2.18985955997
 08/13  22:00:00,274.595006223,0.0,0.0,0.0,24.9203635341,149.522181205,2.18799687966,0.0,2.18799687966
 08/13  23:00:00,250.150609624,0.0,0.0,0.0,24.9203635341,149.522181205,0.02,0.0,0.02
 08/13  24:00:00,237.92841281,0.0,0.0,0.0,24.9203635341,149.522181205,2.18798972878,0.0,2.18798972878
 08/14  01:00:00,287.769557746,0.0,0.0,0.0,24.9203635341,199.362908273,2.18851675504,0.0,2.18851675504
 08/14  02:00:00,287.769557307,0.0,0.0,0.0,24.9203635341,199.362908273,2.18863387253,0.0,2.18863387253
 08/14  03:00:00,287.769556867,0.0,0.0,0.0,24.9203635341,199.362908273,0.02,0.0,0.02
 08/14  04:00:00,299.991755136,0.0,0.0,0.0,24.9203635341,199.362908273,2.18851767144,0.0,2.18851767144
 08/14  05:00:00,349.357767094,0.0,0.0,0.0,49.8407270682,199.362908273,2.19034615337,0.0,2.19034615337
 08/14  06:00:00,953.396530999,34.5245953989,426.990803284,0.0,49.8407270682,199.362908273,2.72756205148,0.537684863248,2.18987718823
 08/14  07:00:00,1027.70018333,30.3148174886,424.1828658,0.0,149.522181205,199.362908273,10.6897927392,4.13832066083,6.55147207839
 08/14  08:00:00,1604.22734848,32.7509757232,449.928422249,0.0,448.566543614,448.566543614,10.9524378685,0.0,10.9524378685
 08/14  09:00:00,1574.54962008,38.344888356,451.322118411,0.0,448.566543614,448.566543614,10.9597316374,0.0,10.9597316374
 08/14  10:00:00,1519.33529642,41.5099514493,441.831114218,0.0,448.566543614,448.566543614,13.1520750751,0.0,13.1520750751
 08/14  11:00:00,1519.12124556,42.7934383099,440.330234118,0.0,448.566543614,448.566543614,13.1799905826,0.0,13.1799905826
 08/14  12:00:00,1472.87349911,39.2448892663,447.467578899,0.0,448.566543614,398.725816546,17.6203488752,0.0,17.6203488752
 08/14  13:00:00,1516.04746497,45.9073583526,434.139610073,0.0,448.566543614,448.566543614,15.4059817103,0.0,15.4059817103
 08/14  14:00:00,1513.21263424,46.5516538922,430.668831301,0.0,448.566543614,448.566543614,10.9490919017,0.0,10.9490919017
 08/14  15:00:00,1513.59064677,48.2700072663,429.328907114,0.0,448.566543614,448.566543614,10.945700786,0.0,10.945700786
 08/14  16:00:00,1561.30352715,50.9239976224,425.494407496,0.0,448.566543614,448.566543614,13.1659032393,0.0,13.1659032393
 08/14  17:00:00,1450.01405857,46.0576004808,431.934452162,0.0,348.885089477,398.725816546,6.56307019582,0.0,6.56307019582
 08/14  18:00:00,1262.68128626,36.7750950323,453.249178207,0.0,249.203635341,299.044362409,6.55394368932,0.0,6.55394368932
 08/14  19:00:00,1249.64033949,33.2608572074,468.169367778,0.0,249.203635341,299.044362409,4.36869177374,0.0,4.36869177374
 08/14  20:00:00,1147.30706368,30.5240098679,483.919618247,0.0,149.522181205,249.203635341,6.54703922523,0.0,6.54703922523
 08/14  21:00:00,1149.48923483,30.3148198842,493.671800599,0.0,149.522181205,249.203635341,2.19033920336,0.0,2.19033920336
 08/14  22:00:00,349.356514554,0.0,0.0,0.0,49.8407270682,199.362908273,2.18852037183,0.0,2.18852037183
 08/14  23:00:00,299.991755039,0.0,0.0,0.0,24.9203635341,199.362908273,2.1886375269,0.0,2.1886375269
 08/14  24:00:00,287.769556806,0.0,0.0,0.0,24.9203635341,199.362908273,0.02,0.0,0.02
 08/15  01:00:00,287.769557643,0.0,0.0,0.0,24.9203635341,199.362908273,2.18852190148,0.0,2.18852190148
 08/15  02:00:00,287.769558013,0.0,0.0,0.0,24.9203635341,199.362908273,2.18863961219,0.0,2.18863961219
 08/15  03:00:00,287.769558057,0.0,0.0,0.0,24.9203635341,199.362908273,2.18852395373,0.0,2.18852395373
 08/15  04:00:00,299.991755452,0.0,0.0,0.0,24.9203635341,199.362908273,2.18864171224,0.0,2.18864171224
 08/15  05:00:00,349.357767407,0.0,0.0,0.0,49.8407270682,199.362908273,2.19036217726,0.0,2.19036217726
 08/15  06:00:00,993.290390252,36.3963465672,465.013267458,0.0,49.8407270682,199.362908273,2.23258467159,0.0429384202681,2.18964625132
 08/15  07:00:00,1072.7693263,30.3148174886,469.161235573,0.0,149.522181205,199.362908273,6.55112671391,0.0,6.55112671391
 08/15  08:00:00,1615.63972207,38.0677043734,456.024063908,0.0,448.566543614,448.566543614,8.76553193784,0.0,8.76553193784
 08/15  09:00:00,1560.84941086,44.9293091124,431.037492586,0.0,448.566543614,448.566543614,13.149602633,0.0,13.149602633
 08/15  10:00:00,1512.3007837,47.926198772,428.380343995,0.0,448.566543614,448.566543614,10.9651352523,0.0,10.9651352523
 08/15  11:00:00,1513.09809836,49.0315980289,428.068914829,0.0,448.566543614,448.566543614,15.3791500637,0.0,15.3791500637
 08/15  12:00:00,1465.20741901,44.311952612,434.734443964,0.0,448.566543614,398.725816546,15.4190316742,0.0,15.4190316742
 08/15  13:00:00,1514.56171416,51.4363880286,427.124819167,0.0,448.566543614,448.566543614,17.6058507169,0.0,17.6058507169
 08/15  14:00:00,1514.25927924,52.9158892871,425.351239794,0.0,448.566543614,448.566543614,8.76327626909,0.0,8.76327626909
 08/15  15:00:00,1514.59022884,54.2132896013,424.385208251,0.0,448.566543614,448.566543614,10.9467664201,0.0,10.9467664201
 08/15  16:00:00,1564.68540209,57.7693137532,422.030975932,0.0,448.566543614,448.566543614,13.17049345,0.0,13.17049345
 08/15  17:00:00,1450.65313482,51.7162185731,426.914898485,0.0,348.885089477,398.725816546,8.74397303337,0.0,8.74397303337
 08/15  18:00:00,1254.85950998,41.2375461144,440.964946267,0.0,249.203635341,299.044362409,6.5535331431,0.0,6.5535331431
 08/15  19:00:00,1237.01353326,36.9056606251,451.897756553,0.0,249.203635341,299.044362409,4.36920527153,0.0,4.36920527153
 08/15  20:00:00,1135.33795477,31.5489077937,470.925610933,0.0,149.522181205,249.203635341,4.37170123179,0.0,4.37170123179
 08/15  21:00:00,1141.35349263,30.4607191006,485.390158019,0.0,149.522181205,249.203635341,2.19038276442,0.0,2.19038276442
 08/15  22:00:00,391.172601483,0.410735541745,28.4063904392,0.0,49.8407270682,199.362908273,2.1887104354,0.0,2.1887104354
 08/15  23:00:00,378.642295285,0.821471083491,51.8311499636,0.0,24.9203635341,199.362908273,2.18868831669,0.0,2.18868831669
 08/15  24:00:00,287.769558111,0.0,0.0,0.0,24.9203635341,199.362908273,2.18857153096,0.0,2.18857153096
 08/16  01:00:00,287.769558279,0.0,0.0,0.0,24.9203635341,199.362908273,2.18869030742,0.0,2.18869030742
 08/16  02:00:00,397.297389031,1.23220662524,69.2987534536,0.0,24.9203635341,199.362908273,0.02,0.0,0.02
 08/16  03:00:00,287.769558081,0.0,0.0,0.0,24.9203635341,199.362908273,2.1886542429,0.0,2.1886542429
 08/16  04:00:00,299.991756303,0.0,0.0,0.0,24.9203635341,199.362908273,2.18869378613,0.0,2.18869378613
 08/16  05:00:00,349.357768012,0.0,0.0,0.0,49.8407270682,199.362908273,2.190411217,0.0,2.190411217
 08/16  06:00:00,972.742055237,38.0106614936,442.850397782,0.0,49.8407270682,199.362908273,2.5365747851,0.347017912062,2.18955687304
 08/16  07:00:00,1055.28043255,30.3148174886,451.672339822,0.0,149.522181205,199.362908273,6.55023115918,0.0,6.55023115918
 08/16  08:00:00,1609.86887517,41.7877868019,446.533133061,0.0,448.566543614,448.566543614,10.9525599211,0.0,10.9525599211
 08/16  09:00:00,1558.66742639,49.3533978621,424.431410459,0.0,448.566543614,448.566543614,10.9615959502,0.0,10.9615959502
 08/16  10:00:00,1510.1663627,52.8880755212,421.284043359,0.0,448.566543614,448.566543614,11.873624081,0.0,11.873624081
 08/16  11:00:00,1511.6674448,53.8746716122,421.795194308,0.0,448.566543614,448.566543614,14.460026249,0.0,14.460026249
 08/16  12:00:00,1463.39575058,48.2273898337,429.007322626,0.0,448.566543614,398.725816546,17.6209324683,0.0,17.6209324683
 08/16  13:00:00,1515.2391442,56.0729197595,423.165720122,0.0,448.566543614,448.566543614,15.4067278347,0.0,15.4067278347
 08/16  14:00:00,1516.37067237,56.9942680868,423.384250285,0.0,448.566543614,448.566543614,10.9494419547,0.0,10.9494419547
 08/16  15:00:00,1517.89453691,59.9923924528,421.910406276,0.0,448.566543614,448.566543614,8.76031046687,0.0,8.76031046687
 08/16  16:00:00,1569.78991525,63.9635596507,420.941224566,0.0,448.566543614,448.566543614,13.1756667376,0.0,13.1756667376
 08/16  17:00:00,1452.30587001,53.6297171308,426.654143531,0.0,348.885089477,398.725816546,8.74397907643,0.0,8.74397907643
 08/16  18:00:00,1256.65794414,38.0270404074,445.973887168,0.0,249.203635341,299.044362409,6.55335945826,0.0,6.55335945826
 08/16  19:00:00,1237.44186136,35.3093287696,453.922416317,0.0,249.203635341,299.044362409,4.3689405818,0.0,4.3689405818
 08/16  20:00:00,1135.65540671,32.029228866,470.762740194,0.0,149.522181205,249.203635341,6.54754554253,0.0,6.54754554253
 08/16  21:00:00,1140.38064147,30.8862159293,483.991809635,0.0,149.522181205,249.203635341,2.19050320713,0.0,2.19050320713
 08/16  22:00:00,431.933716076,0.821471083491,55.7578081801,0.0,49.8407270682,199.362908273,2.18870576591,0.0,2.18870576591
 08/16  23:00:00,536.873704171,8.99245049659,180.831115783,0.0,24.9203635341,199.362908273,0.02,0.0,0.02
 08/16  24:00:00,388.150915828,4.45515169412,78.8964945454,0.0,24.9203635341,199.362908273,2.18868375556,0.0,2.18868375556
 08/17  01:00:00,389.951080347,1.23220662524,61.9524617143,0.0,24.9203635341,199.362908273,2.18868646638,0.0,2.18868646638
 08/17  02:00:00,287.769559046,0.0,0.0,0.0,24.9203635341,199.362908273,2.18868820851,0.0,2.18868820851
 08/17  03:00:00,287.769558797,0.0,0.0,0.0,24.9203635341,199.362908273,2.18857405771,0.0,2.18857405771
 08/17  04:00:00,299.991756109,0.0,0.0,0.0,24.9203635341,199.362908273,0.02,0.0,0.02
 08/17  05:00:00,447.958639538,1.23220662524,58.3718100788,0.0,49.8407270682,199.362908273,4.36106155086,0.0,4.36106155086
 08/17  06:00:00,981.115587724,38.875994695,450.358789203,0.0,49.8407270682,199.362908273,2.26942146547,0.0796408977002,2.18978056777
 08/17  07:00:00,1069.73239041,30.3148174886,466.124296522,0.0,149.522181205,199.362908273,4.37337917523,0.0,4.37337917523
 08/17  08:00:00,1608.26796819,43.8702749889,442.849731547,0.0,448.566543614,448.566543614,10.9519772319,0.0,10.9519772319
 08/17  09:00:00,1557.63233644,51.6602662523,421.089453246,0.0,448.566543614,448.566543614,13.1486998676,0.0,13.1486998676
 08/17  10:00:00,1509.56902552,55.3349015755,418.239879005,0.0,448.566543614,448.566543614,10.966041786,0.0,10.966041786
 08/17  11:00:00,1513.9019094,57.0242488774,420.880068459,0.0,448.566543614,448.566543614,13.1839136708,0.0,13.1839136708
 08/17  12:00:00,1464.03344259,50.9185622053,426.953843369,0.0,448.566543614,398.725816546,17.6208596957,0.0,17.6208596957
 08/17  13:00:00,1519.01254042,59.5529687359,423.45905494,0.0,448.566543614,448.566543614,17.6073144648,0.0,17.6073144648
 08/17  14:00:00,1520.06765027,61.0425424228,423.032949876,0.0,448.566543614,448.566543614,8.76288951226,0.0,8.76288951226
 08/17  15:00:00,1520.94629914,63.7782190079,421.17634381,0.0,448.566543614,448.566543614,10.9463107937,0.0,10.9463107937
 08/17  16:00:00,1571.75255377,66.8857606305,419.981671626,0.0,448.566543614,448.566543614,13.1700601822,0.0,13.1700601822
 08/17  17:00:00,1453.46481911,57.6086645551,423.834131917,0.0,348.885089477,398.725816546,8.74368018969,0.0,8.74368018969
 08/17  18:00:00,1252.27870629,45.6870127727,433.934671268,0.0,249.203635341,299.044362409,6.55332561446,0.0,6.55332561446
 08/17  19:00:00,1231.71269745,40.4341793582,443.068399652,0.0,249.203635341,299.044362409,4.36906839062,0.0,4.36906839062
 08/17  20:00:00,1128.46396441,33.225423373,462.375101978,0.0,149.522181205,249.203635341,4.37121003456,0.0,4.37121003456
 08/17  21:00:00,1132.60237136,31.6550568572,475.444697579,0.0,149.522181205,249.203635341,2.19031711678,0.0,2.19031711678
 08/17  22:00:00,669.098486334,12.5387058848,250.99535341,0.0,49.8407270682,199.362908273,2.18869157744,0.0,2.18869157744
 08/17  23:00:00,646.98284641,9.96357230558,250.799961079,0.0,24.9203635341,199.362908273,2.18867102683,0.0,2.18867102683
 08/17  24:00:00,534.042124419,6.11051530386,171.040118355,0.0,24.9203635341,199.362908273,2.18869705443,0.0,2.18869705443
 08/18  01:00:00,557.904142282,10.5322658002,203.069949441,0.0,24.9203635341,199.362908273,2.18870876194,0.0,2.18870876194
 08/18  02:00:00,566.037326098,8.06355707282,199.340120764,0.0,24.9203635341,199.362908273,0.02,0.0,0.02
 08/18  03:00:00,477.888046161,5.13971093036,133.390748472,0.0,24.9203635341,199.362908273,2.18870481206,0.0,2.18870481206
 08/18  04:00:00,613.685827243,10.4227363224,232.503595717,0.0,24.9203635341,199.362908273,2.1886379619,0.0,2.1886379619
 08/18  05:00:00,349.35776988,0.0,0.0,0.0,49.8407270682,199.362908273,2.19053713932,0.0,2.19053713932
 08/18  06:00:00,1012.05589873,38.5006579719,481.674493026,0.0,49.8407270682,199.362908273,2.18993487967,0.0,2.18993487967
 08/18  07:00:00,1086.80010512,30.3262652931,483.180559849,0.0,149.522181205,199.362908273,6.55010532713,0.0,6.55010532713
 08/18  08:00:00,1608.44198385,38.2465499635,448.647471473,0.0,448.566543614,448.566543614,10.9526952356,0.0,10.9526952356
 08/18  09:00:00,1560.58435679,43.1131166342,432.588613905,0.0,448.566543614,448.566543614,10.9615688736,0.0,10.9615688736
 08/18  10:00:00,1516.70561493,50.0034960394,430.70786588,0.0,448.566543614,448.566543614,10.9626535358,0.0,10.9626535358
 08/18  11:00:00,1522.59862592,53.7539455511,433.142491113,0.0,448.566543614,448.566543614,15.3751195124,0.0,15.3751195124
 08/18  12:00:00,1473.94344385,49.4404377745,439.237447158,0.0,448.566543614,398.725816546,17.6213174439,0.0,17.6213174439
 08/18  13:00:00,1531.13115305,58.1272989878,438.153306604,0.0,448.566543614,448.566543614,15.4071650838,0.0,15.4071650838
 08/18  14:00:00,1527.1010794,56.7750557943,435.596013739,0.0,448.566543614,448.566543614,10.9497434713,0.0,10.9497434713
 08/18  15:00:00,1526.978814,60.0582975219,431.524316924,0.0,448.566543614,448.566543614,8.7605832352,0.0,8.7605832352
 08/18  16:00:00,1576.61640358,62.1781244714,430.318021876,0.0,448.566543614,448.566543614,15.3584111983,0.0,15.3584111983
 08/18  17:00:00,1454.55450693,46.8727895955,435.84899088,0.0,348.885089477,398.725816546,6.57258724854,0.0,6.57258724854
 08/18  18:00:00,1255.86471251,35.0227869438,448.184904749,0.0,249.203635341,299.044362409,6.55404572967,0.0,6.55404572967
 08/18  19:00:00,1236.1527476,32.4050639409,455.537563928,0.0,249.203635341,299.044362409,4.36910142629,0.0,4.36910142629
 08/18  20:00:00,1124.15641017,30.5661969447,460.72677175,0.0,149.522181205,249.203635341,6.54656387371,0.0,6.54656387371
 08/18  21:00:00,1121.04599094,30.3172731964,465.226100164,0.0,149.522181205,249.203635341,2.19023398184,0.0,2.19023398184
 08/18  22:00:00,349.356516301,0.0,0.0,0.0,49.8407270682,199.362908273,2.18864859128,0.0,2.18864859128
 08/18  23:00:00,299.991756717,0.0,0.0,0.0,24.9203635341,199.362908273,2.18853542064,0.0,2.18853542064
 08/18  24:00:00,287.769558767,0.0,0.0,0.0,24.9203635341,199.362908273,0.02,0.0,0.02
 08/19  01:00:00,237.928832911,0.0,0.0,0.0,24.9203635341,149.522181205,2.1886571386,0.0,2.1886571386
 08/19  02:00:00,237.928833199,0.0,0.0,0.0,24.9203635341,149.522181205,2.18854489016,0.0,2.18854489016
 08/19  03:00:00,237.928833121,0.0,0.0,0.0,24.9203635341,149.522181205,2.18866653778,0.0,2.18866653778
 08/19  04:00:00,250.151030417,0.0,0.0,0.0,24.9203635341,149.522181205,2.18855437699,0.0,2.18855437699
 08/19  05:00:00,274.596680542,0.0,0.0,0.0,24.9203635341,149.522181205,2.19028281087,0.0,2.19028281087
 08/19  06:00:00,1009.01264321,36.9364665048,480.195095796,0.0,49.8407270682,199.362908273,2.65194862004,0.462065452703,2.18988316734
 08/19  07:00:00,980.358538148,30.3148174886,476.43418605,0.0,49.8407270682,199.362908273,3.65387572932,1.46172663641,2.19214909291
 08/19  08:00:00,1223.17502502,30.3148174886,470.046362816,0.0,249.203635341,249.203635341,6.61803545028,0.0746642471942,6.54337120308
 08/19  09:00:00,1181.04751345,30.3148174886,464.582990284,0.0,249.203635341,249.203635341,6.55340515319,0.0,6.55340515319
 08/19  10:00:00,1128.3276842,30.4825976209,460.58500822,0.0,249.203635341,249.203635341,4.37435708066,0.0,4.37435708066
 08/19  11:00:00,1123.98881735,31.6290691724,455.097997076,0.0,249.203635341,249.203635341,8.73741076992,0.0,8.73741076992
 08/19  12:00:00,1122.80859885,31.5606627668,453.987439371,0.0,249.203635341,249.203635341,4.37564932104,0.0,4.37564932104
 08/19  13:00:00,1123.19555785,33.8783371579,452.057143647,0.0,249.203635341,249.203635341,6.55067869901,0.0,6.55067869901
 08/19  14:00:00,874.583226237,34.0707924098,452.457662873,0.0,74.7610906023,174.442544739,4.36896986958,0.0,4.36896986958
 08/19  15:00:00,880.54703713,31.7358171647,460.757285034,0.0,74.7610906023,174.442544739,4.36622109637,0.0,4.36622109637
 08/19  16:00:00,933.938296264,30.4639726102,466.531179521,0.0,74.7610906023,174.442544739,4.36837490618,0.0,4.36837490618
 08/19  17:00:00,899.873842498,30.3148174886,470.71248898,0.0,24.9203635341,149.522181205,3.32370883288,1.13404511954,2.18966371334
 08/19  18:00:00,296.667448987,0.0,0.0,0.0,24.9203635341,149.522181205,2.18990191408,0.0,2.18990191408
 08/19  19:00:00,542.030966948,12.1121857638,215.121448035,0.0,24.9203635341,149.522181205,2.18992803024,0.0,2.18992803024
 08/19  20:00:00,306.397720467,0.0,0.0,0.0,24.9203635341,149.522181205,2.18985092341,0.0,2.18985092341
 08/19  21:00:00,299.041494245,0.0,0.0,0.0,24.9203635341,149.522181205,4.36201484022,0.0,4.36201484022
 08/19  22:00:00,274.595426174,0.0,0.0,0.0,24.9203635341,149.522181205,2.18868147284,0.0,2.18868147284
 08/19  23:00:00,250.151030064,0.0,0.0,0.0,24.9203635341,149.522181205,0.02,0.0,0.02
 08/19  24:00:00,237.928832651,0.0,0.0,0.0,24.9203635341,149.522181205,2.18856937332,0.0,2.18856937332
 08/20  01:00:00,237.928415856,0.0,0.0,0.0,24.9203635341,149.522181205,2.18800273919,0.0,2.18800273919
 08/20  02:00:00,237.928415327,0.0,0.0,0.0,24.9203635341,149.522181205,2.18800120136,0.0,2.18800120136
 08/20  03:00:00,237.928414906,0.0,0.0,0.0,24.9203635341,149.522181205,0.02,0.0,0.02
 08/20  04:00:00,250.150613691,0.0,0.0,0.0,24.9203635341,149.522181205,2.18799974162,0.0,2.18799974162
 08/20  05:00:00,274.596263384,0.0,0.0,0.0,24.9203635341,149.522181205,2.1898005896,0.0,2.1898005896
 08/20  06:00:00,314.940133591,0.0,0.0,0.0,24.9203635341,149.522181205,2.18793677729,0.0,2.18793677729
 08/20  07:00:00,296.666194955,0.0,0.0,0.0,24.9203635341,149.522181205,0.02,0.0,0.02
 08/20  08:00:00,505.178995684,9.45171245816,165.001663531,0.0,24.9203635341,149.522181205,2.1879355029,0.0,2.1879355029
 08/20  09:00:00,689.887839423,19.3997217818,342.369667841,0.0,24.9203635341,149.522181205,2.18793419771,0.0,2.18793419771
 08/20  10:00:00,772.626867683,24.4454259939,451.922072168,0.0,24.9203635341,149.522181205,0.02,0.0,0.02
 08/20  11:00:00,668.24221355,19.4761730811,369.535545669,0.0,24.9203635341,149.522181205,2.18929021272,0.0,2.18929021272
 08/20  12:00:00,785.225206123,24.3468747749,464.618124665,0.0,24.9203635341,149.522181205,2.18929366455,0.0,2.18929366455
 08/20  13:00:00,671.818031677,19.6395192718,372.94676239,0.0,24.9203635341,149.522181205,4.36225223926,0.0,4.36225223926
 08/20  14:00:00,783.782003326,25.0603060587,462.46149071,0.0,24.9203635341,149.522181205,0.02,0.0,0.02
 08/20  15:00:00,670.333427579,19.8314619804,371.272307207,0.0,24.9203635341,149.522181205,2.18802972278,0.0,2.18802972278
 08/20  16:00:00,832.023801435,24.6037256207,462.271913705,0.0,24.9203635341,149.522181205,2.18810682072,0.0,2.18810682072
 08/20  17:00:00,757.508075342,19.5153326675,373.20770002,0.0,24.9203635341,149.522181205,0.02,0.0,0.02
 08/20  18:00:00,870.183346626,24.5247259154,463.843865887,0.0,24.9203635341,149.522181205,2.18810559321,0.0,2.18810559321
 08/20  19:00:00,731.52886194,19.5022854089,371.685928528,0.0,24.9203635341,149.522181205,2.18807527229,0.0,2.18807527229
 08/20  20:00:00,827.162995676,21.0288686857,417.200776904,0.0,24.9203635341,149.522181205,0.02,0.0,0.02
 08/20  21:00:00,710.097605408,14.9874174943,322.669545828,0.0,24.9203635341,149.522181205,4.35978623991,0.0,4.35978623991
 08/20  22:00:00,644.162660502,12.1310417937,279.481697945,0.0,24.9203635341,149.522181205,0.02,0.0,0.02
 08/20  23:00:00,394.931235488,1.64294216698,91.141873579,0.0,24.9203635341,149.522181205,2.18809055209,0.0,2.18809055209
 08/20  24:00:00,310.092441896,0.821471083491,45.3446496209,0.0,24.9203635341,149.522181205,2.18808930325,0.0,2.18808930325
 08/21  01:00:00,628.626609132,12.5439839989,264.280591435,0.0,24.9203635341,199.362908273,0.02,0.0,0.02
 08/21  02:00:00,391.761819944,1.23220662524,63.7632010113,0.0,24.9203635341,199.362908273,2.18870367956,0.0,2.18870367956
 08/21  03:00:00,287.769561862,0.0,0.0,0.0,24.9203635341,199.362908273,2.18854588278,0.0,2.18854588278
 08/21  04:00:00,299.991759579,0.0,0.0,0.0,24.9203635341,199.362908273,2.18867040655,0.0,2.18867040655
 08/21  05:00:00,349.357773331,0.0,0.0,0.0,49.8407270682,199.362908273,2.19028524256,0.0,2.19028524256
 08/21  06:00:00,1008.64923574,37.1307419714,479.637743106,0.0,49.8407270682,199.362908273,2.18992753418,0.0,2.18992753418
 08/21  07:00:00,1094.02426489,30.3148174886,490.416158557,0.0,149.522181205,199.362908273,6.55130939153,0.0,6.55130939153
 08/21  08:00:00,1621.69370595,34.6180740118,465.527653739,0.0,448.566543614,448.566543614,10.9525894034,0.0,10.9525894034
 08/21  09:00:00,1562.30843762,41.2950351993,436.130762799,0.0,448.566543614,448.566543614,10.9630237924,0.0,10.9630237924
 08/21  10:00:00,1512.85229296,45.0756268564,431.782390894,0.0,448.566543614,448.566543614,10.9643703931,0.0,10.9643703931
 08/21  11:00:00,1516.80484058,47.4093009718,433.397924539,0.0,448.566543614,448.566543614,15.3771209576,0.0,15.3771209576
 08/21  12:00:00,1467.59929155,43.4643960697,437.973826179,0.0,448.566543614,398.725816546,17.6217840317,0.0,17.6217840317
 08/21  13:00:00,1523.39976122,51.677218451,435.73422034,0.0,448.566543614,448.566543614,15.405777976,0.0,15.405777976
 08/21  14:00:00,1526.03313769,53.3443812848,437.263091926,0.0,448.566543614,448.566543614,10.9487233179,0.0,10.9487233179
 08/21  15:00:00,1528.8841826,56.0857740042,438.005284393,0.0,448.566543614,448.566543614,8.76123675827,0.0,8.76123675827
 08/21  16:00:00,1587.59772626,60.3323002552,444.916668031,0.0,448.566543614,448.566543614,13.1753017596,0.0,13.1753017596
 08/21  17:00:00,1482.57233543,52.982769191,461.750868149,0.0,348.885089477,398.725816546,8.74483158764,0.0,8.74483158764
 08/21  18:00:00,1273.21650835,40.5159413357,464.574826673,0.0,249.203635341,299.044362409,6.55320913019,0.0,6.55320913019
 08/21  19:00:00,1238.30399077,35.4160641717,456.371257509,0.0,249.203635341,299.044362409,4.36948110677,0.0,4.36948110677
 08/21  20:00:00,1129.77238109,31.7713222739,456.593943335,0.0,149.522181205,249.203635341,6.54746229398,0.0,6.54746229398
 08/21  21:00:00,1117.00273209,30.7340859809,460.766024752,0.0,149.522181205,249.203635341,2.19046794807,0.0,2.19046794807
 08/21  22:00:00,409.163273927,0.410735541745,46.3970296576,0.0,49.8407270682,199.362908273,2.18852775493,0.0,2.18852775493
 08/21  23:00:00,409.224952131,0.821471083491,82.413761444,0.0,24.9203635341,199.362908273,0.02,0.0,0.02
 08/21  24:00:00,287.769561212,0.0,0.0,0.0,24.9203635341,199.362908273,2.18865237257,0.0,2.18865237257
 08/22  01:00:00,435.138895589,1.23220662524,107.140210593,0.0,24.9203635341,199.362908273,2.18870157055,0.0,2.18870157055
 08/22  02:00:00,287.769562781,0.0,0.0,0.0,24.9203635341,199.362908273,2.18867030345,0.0,2.18867030345
 08/22  03:00:00,287.769562552,0.0,0.0,0.0,24.9203635341,199.362908273,2.18856199718,0.0,2.18856199718
 08/22  04:00:00,299.991759843,0.0,0.0,0.0,24.9203635341,199.362908273,0.02,0.0,0.02
 08/22  05:00:00,395.259708115,0.410735541745,32.4922277654,0.0,49.8407270682,199.362908273,4.36107116475,0.0,4.36107116475
 08/22  06:00:00,989.592029372,37.422861007,460.28841661,0.0,49.8407270682,199.362908273,2.18979321444,0.0,2.18979321444
 08/22  07:00:00,1093.63951389,30.3148174886,490.031405495,0.0,149.522181205,199.362908273,4.37348451218,0.0,4.37348451218
 08/22  08:00:00,1611.41915243,39.8552811467,450.015884102,0.0,448.566543614,448.566543614,10.9525835382,0.0,10.9525835382
 08/22  09:00:00,1559.41542084,46.9011600258,427.631616149,0.0,448.566543614,448.566543614,13.149711302,0.0,13.149711302
 08/22  10:00:00,1511.44540758,49.8122009844,425.638930144,0.0,448.566543614,448.566543614,10.9655031837,0.0,10.9655031837
 08/22  11:00:00,1516.5926369,51.55078335,429.044223459,0.0,448.566543614,448.566543614,15.3802568597,0.0,15.3802568597
 08/22  12:00:00,1469.88140061,46.6443745346,437.075949491,0.0,448.566543614,398.725816546,15.4208268144,0.0,15.4208268144
 08/22  13:00:00,1529.41608071,55.4016394777,438.811321064,0.0,448.566543614,448.566543614,17.6061154306,0.0,17.6061154306
 08/22  14:00:00,1530.86033131,56.9668589836,439.726322038,0.0,448.566543614,448.566543614,10.4555395432,0.0,10.4555395432
 08/22  15:00:00,1534.37024853,59.8835164657,440.809432666,0.0,448.566543614,448.566543614,9.25372616606,0.0,9.25372616606
 08/22  16:00:00,1584.13867719,64.4157922174,437.299437994,0.0,448.566543614,448.566543614,13.1731207144,0.0,13.1731207144
 08/22  17:00:00,1461.30558834,57.0307481398,433.117485211,0.0,348.885089477,398.725816546,8.74454516254,0.0,8.74454516254
 08/22  18:00:00,1256.52401936,44.0082205036,439.937683422,0.0,249.203635341,299.044362409,6.55482575762,0.0,6.55482575762
 08/22  19:00:00,1237.56298224,38.7686120971,450.584240173,0.0,249.203635341,299.044362409,4.36879532192,0.0,4.36879532192
 08/22  20:00:00,1147.421167,32.3044706695,473.709576853,0.0,149.522181205,249.203635341,4.37153848745,0.0,4.37153848745
 08/22  21:00:00,1139.3451915,31.097299016,482.745268978,0.0,149.522181205,249.203635341,4.36095825905,0.0,4.36095825905
 08/22  22:00:00,538.400804544,5.27662277761,140.740027809,0.0,49.8407270682,199.362908273,0.02,0.0,0.02
 08/22  23:00:00,603.597798094,9.18412708274,225.965781833,0.0,24.9203635341,199.362908273,2.18871170533,0.0,2.18871170533
 08/22  24:00:00,359.512201308,2.34028009183,54.6247311228,0.0,24.9203635341,199.362908273,2.1887127253,0.0,2.1887127253
 08/23  01:00:00,497.570077784,9.68974861108,166.051341654,0.0,24.9203635341,199.362908273,2.18868483394,0.0,2.18868483394
 08/23  02:00:00,287.769563577,0.0,0.0,0.0,24.9203635341,199.362908273,2.18857703416,0.0,2.18857703416
 08/23  03:00:00,367.293217118,0.821471083491,52.7042666773,0.0,24.9203635341,199.362908273,0.02,0.0,0.02
 08/23  04:00:00,338.664782695,0.410735541745,25.2633282143,0.0,24.9203635341,199.362908273,2.18870565667,0.0,2.18870565667
 08/23  05:00:00,349.357777235,0.0,0.0,0.0,49.8407270682,199.362908273,4.36077950033,0.0,4.36077950033
 08/23  06:00:00,1001.73475758,38.6368433632,471.217160656,0.0,49.8407270682,199.362908273,2.18978847687,0.0,2.18978847687
 08/23  07:00:00,1091.4381107,30.3148174886,487.82999847,0.0,149.522181205,199.362908273,4.37447287467,0.0,4.37447287467
 08/23  08:00:00,1608.54585592,41.0451922764,445.952670061,0.0,448.566543614,448.566543614,10.9523268212,0.0,10.9523268212
 08/23  09:00:00,1559.00868497,49.4303930252,424.695635354,0.0,448.566543614,448.566543614,10.9605367781,0.0,10.9605367781
 08/23  10:00:00,1514.6302073,52.7721821217,425.863747857,0.0,448.566543614,448.566543614,13.1554129089,0.0,13.1554129089
 08/23  11:00:00,1520.58182701,54.8013032727,429.782888571,0.0,448.566543614,448.566543614,13.1840087026,0.0,13.1840087026
 08/23  12:00:00,1470.31280457,49.7268557488,434.428837259,0.0,448.566543614,398.725816546,17.6218270961,0.0,17.6218270961
 08/23  13:00:00,1525.33507223,58.3936217788,430.940882846,0.0,448.566543614,448.566543614,17.6087837128,0.0,17.6087837128
 08/23  14:00:00,1526.06142911,60.2280227544,430.003243438,0.0,448.566543614,448.566543614,8.76357700148,0.0,8.76357700148
 08/23  15:00:00,1527.49599093,62.6968863324,429.230146431,0.0,448.566543614,448.566543614,10.9473768371,0.0,10.9473768371
 08/23  16:00:00,1578.33268712,65.7846350073,428.233204065,0.0,448.566543614,448.566543614,13.1718561597,0.0,13.1718561597
 08/23  17:00:00,1458.49948715,56.4062760222,430.438179743,0.0,348.885089477,398.725816546,8.74372545174,0.0,8.74372545174
 08/23  18:00:00,1253.49541091,44.2950027958,436.543367571,0.0,249.203635341,299.044362409,6.55421740324,0.0,6.55421740324
 08/23  19:00:00,1229.73818969,40.5185328992,441.009522938,0.0,249.203635341,299.044362409,4.36903432692,0.0,4.36903432692
 08/23  20:00:00,1132.01566558,32.8063874442,457.802155774,0.0,149.522181205,249.203635341,4.3711414,0.0,4.3711414
 08/23  21:00:00,1123.58988279,31.2890872606,466.798170678,0.0,149.522181205,249.203635341,4.36056505282,0.0,4.36056505282
 08/23  22:00:00,592.074061636,7.97290021253,189.615121955,0.0,49.8407270682,199.362908273,0.02,0.0,0.02
 08/23  23:00:00,592.316269902,7.03981747281,212.658476895,0.0,24.9203635341,199.362908273,2.18870436086,0.0,2.18870436086
 08/23  24:00:00,601.396024653,9.32103892999,231.249144111,0.0,24.9203635341,199.362908273,2.18869168961,0.0,2.18869168961
 08/24  01:00:00,359.457863525,0.821471083491,44.8689214966,0.0,24.9203635341,199.362908273,2.18872820769,0.0,2.18872820769
 08/24  02:00:00,323.753472102,0.410735541745,22.5742186305,0.0,24.9203635341,199.362908273,2.18862188059,0.0,2.18862188059
 08/24  03:00:00,287.769563991,0.0,0.0,0.0,24.9203635341,199.362908273,0.02,0.0,0.02
 08/24  04:00:00,299.991762291,0.0,0.0,0.0,24.9203635341,199.362908273,2.18851677191,0.0,2.18851677191
 08/24  05:00:00,457.301180563,1.23220662524,67.7143307231,0.0,49.8407270682,199.362908273,2.19037190897,0.0,2.19037190897
 08/24  06:00:00,1000.94449664,38.0211134296,462.498777646,0.0,49.8407270682,199.362908273,2.44500155962,0.255089771466,2.18991178815
 08/24  07:00:00,1089.29087933,30.3148174886,485.682763355,0.0,149.522181205,199.362908273,6.55142580125,0.0,6.55142580125
 08/24  08:00:00,1610.54813907,40.8767863605,448.123351648,0.0,448.566543614,448.566543614,10.9543310463,0.0,10.9543310463
 08/24  09:00:00,1558.62917828,49.2670636556,424.47944798,0.0,448.566543614,448.566543614,10.9614012808,0.0,10.9614012808
 08/24  10:00:00,1510.74001343,52.609701317,422.136028617,0.0,448.566543614,448.566543614,13.1545724253,0.0,13.1545724253
 08/24  11:00:00,1512.91610381,54.7884620799,422.129998711,0.0,448.566543614,448.566543614,13.1832777566,0.0,13.1832777566
 08/24  12:00:00,1464.22166149,49.7881897606,428.272363019,0.0,448.566543614,398.725816546,17.6211028203,0.0,17.6211028203
 08/24  13:00:00,1518.60389807,58.875782673,423.727537527,0.0,448.566543614,448.566543614,17.6081491306,0.0,17.6081491306
 08/24  14:00:00,1517.75531748,60.2551845564,421.507935325,0.0,448.566543614,448.566543614,8.76326134198,0.0,8.76326134198
 08/24  15:00:00,1520.22935893,62.8529649209,421.384619638,0.0,448.566543614,448.566543614,10.9470162226,0.0,10.9470162226
 08/24  16:00:00,1571.66586401,66.1360643509,420.644627657,0.0,448.566543614,448.566543614,13.1715472294,0.0,13.1715472294
 08/24  17:00:00,1453.29892848,57.5606808897,423.716194813,0.0,348.885089477,398.725816546,8.74460389963,0.0,8.74460389963
 08/24  18:00:00,1252.85974047,44.3544599676,435.848235215,0.0,249.203635341,299.044362409,6.55406793566,0.0,6.55406793566
 08/24  19:00:00,1235.61019551,39.1595071672,448.240551355,0.0,249.203635341,299.044362409,4.36957638233,0.0,4.36957638233
 08/24  20:00:00,1150.09944423,32.3440742782,476.348243756,0.0,149.522181205,249.203635341,4.37214153383,0.0,4.37214153383
 08/24  21:00:00,1146.57016271,30.9705900938,490.096946141,0.0,149.522181205,249.203635341,4.36047095737,0.0,4.36047095737
 08/24  22:00:00,423.75305511,0.821471083491,47.5771509988,0.0,49.8407270682,199.362908273,0.02,0.0,0.02
 08/24  23:00:00,557.597252745,10.5217759227,198.972369494,0.0,24.9203635341,199.362908273,2.18870545193,0.0,2.18870545193
 08/24  24:00:00,385.617667547,1.23220662524,57.6190474386,0.0,24.9203635341,199.362908273,2.18867052474,0.0,2.18867052474
 08/25  01:00:00,287.769565848,0.0,0.0,0.0,24.9203635341,199.362908273,2.18868476745,0.0,2.18868476745
 08/25  02:00:00,352.640845234,0.821471083491,38.0519079527,0.0,24.9203635341,199.362908273,2.18869969803,0.0,2.18869969803
 08/25  03:00:00,320.194548315,0.410735541745,19.0152969814,0.0,24.9203635341,199.362908273,0.02,0.0,0.02
 08/25  04:00:00,299.991763447,0.0,0.0,0.0,24.9203635341,199.362908273,2.18871311712,0.0,2.18871311712
 08/25  05:00:00,349.357780171,0.0,0.0,0.0,49.8407270682,199.362908273,2.19033719969,0.0,2.19033719969
 08/25  06:00:00,986.46665244,39.0208874221,447.021341542,0.0,49.8407270682,199.362908273,2.18994167689,0.0,2.18994167689
 08/25  07:00:00,1067.41057941,30.3148174886,463.802459143,0.0,149.522181205,199.362908273,6.55176560244,0.0,6.55176560244
 08/25  08:00:00,1608.88159442,42.1369618233,445.196623787,0.0,448.566543614,448.566543614,10.9543358884,0.0,10.9543358884
 08/25  09:00:00,1556.69729666,50.7452686513,421.069352629,0.0,448.566543614,448.566543614,10.9614729314,0.0,10.9614729314
 08/25  10:00:00,1511.16675303,54.6145090665,420.55795168,0.0,448.566543614,448.566543614,13.154737641,0.0,13.154737641
 08/25  11:00:00,1516.81277344,56.6388366286,424.176282951,0.0,448.566543614,448.566543614,13.1835641933,0.0,13.1835641933
 08/25  12:00:00,1465.57154478,51.1125731846,428.297850528,0.0,448.566543614,398.725816546,17.6216632283,0.0,17.6216632283
 08/25  13:00:00,1519.84941613,59.8463652519,424.002460582,0.0,448.566543614,448.566543614,17.6088394986,0.0,17.6088394986
 08/25  14:00:00,1519.6628625,60.8745807289,422.796076993,0.0,448.566543614,448.566543614,8.76359142281,0.0,8.76359142281
 08/25  15:00:00,1521.16207565,63.7350026247,421.435290462,0.0,448.566543614,448.566543614,10.9474830288,0.0,10.9474830288
 08/25  16:00:00,1572.62536017,66.9567995772,420.78337883,0.0,448.566543614,448.566543614,13.172229283,0.0,13.172229283
 08/25  17:00:00,1451.94974523,56.6118699537,423.315816733,0.0,348.885089477,398.725816546,8.74394710951,0.0,8.74394710951
 08/25  18:00:00,1251.27678961,44.1929209566,434.426818908,0.0,249.203635341,299.044362409,6.55440665308,0.0,6.55440665308
 08/25  19:00:00,1232.86217234,39.0542288611,445.597803172,0.0,249.203635341,299.044362409,4.36916279514,0.0,4.36916279514
 08/25  20:00:00,1142.60413762,32.4826865935,468.71432087,0.0,149.522181205,249.203635341,4.3712995261,0.0,4.3712995261
 08/25  21:00:00,1134.83215006,31.2995686672,478.029953161,0.0,149.522181205,249.203635341,4.36070511678,0.0,4.36070511678
 08/25  22:00:00,556.642754688,6.62476149507,156.818992286,0.0,49.8407270682,199.362908273,0.02,0.0,0.02
 08/25  23:00:00,566.492287009,6.31588307473,194.817229658,0.0,24.9203635341,199.362908273,2.18872872211,0.0,2.18872872211
 08/25  24:00:00,616.013992529,12.5439839989,251.706469391,0.0,24.9203635341,199.362908273,2.18871968728,0.0,2.18871968728
 08/26  01:00:00,303.905987043,0.821471083491,39.1577767452,0.0,24.9203635341,149.522181205,2.18872867836,0.0,2.18872867836
 08/26  02:00:00,237.928839753,0.0,0.0,0.0,24.9203635341,149.522181205,2.18870467798,0.0,2.18870467798
 08/26  03:00:00,237.928839237,0.0,0.0,0.0,24.9203635341,149.522181205,0.02,0.0,0.02
 08/26  04:00:00,250.151037349,0.0,0.0,0.0,24.9203635341,149.522181205,2.18860328595,0.0,2.18860328595
 08/26  05:00:00,274.596691718,0.0,0.0,0.0,24.9203635341,149.522181205,2.19046724066,0.0,2.19046724066
 08/26  06:00:00,996.393743625,37.761876538,458.206842329,0.0,49.8407270682,199.362908273,5.19282032236,0.83316424608,4.35965607628
 08/26  07:00:00,974.749692683,30.3148174886,470.826377751,0.0,49.8407270682,199.362908273,2.1921660519,0.0,2.1921660519
 08/26  08:00:00,1231.49307862,31.1572124507,477.522054834,0.0,249.203635341,249.203635341,4.36920957812,0.0,4.36920957812
 08/26  09:00:00,1176.96738995,34.2225138443,456.595142169,0.0,249.203635341,249.203635341,6.55499692881,0.0,6.55499692881
 08/26  10:00:00,1120.74209143,35.9476103114,447.534376823,0.0,249.203635341,249.203635341,6.55078919188,0.0,6.55078919188
 08/26  11:00:00,1119.29844949,36.6996033487,445.337064173,0.0,249.203635341,249.203635341,6.5577237505,0.0,6.5577237505
 08/26  12:00:00,1121.03039091,37.0473929609,446.722474592,0.0,249.203635341,249.203635341,6.5528675578,0.0,6.5528675578
 08/26  13:00:00,1121.35636005,37.9541559963,446.142098042,0.0,249.203635341,249.203635341,6.55084326628,0.0,6.55084326628
 08/26  14:00:00,879.157733195,35.681737425,455.42120541,0.0,74.7610906023,174.442544739,4.36920746173,0.0,4.36920746173
 08/26  15:00:00,883.930886423,32.121443687,463.755489873,0.0,74.7610906023,174.442544739,4.36697321674,0.0,4.36697321674
 08/26  16:00:00,937.739792921,30.7322379273,470.064392399,0.0,74.7610906023,174.442544739,4.36806920521,0.0,4.36806920521
 08/26  17:00:00,908.431118772,30.3377776927,479.247597129,0.0,24.9203635341,149.522181205,2.20974144289,0.0199289579699,2.18981248492
 08/26  18:00:00,296.667458759,0.0,0.0,0.0,24.9203635341,149.522181205,2.18995832233,0.0,2.18995832233
 08/26  19:00:00,272.223063122,0.0,0.0,0.0,24.9203635341,149.522181205,2.18978526868,0.0,2.18978526868
 08/26  20:00:00,314.941396654,0.0,0.0,0.0,24.9203635341,149.522181205,2.1899297228,0.0,2.1899297228
 08/26  21:00:00,299.041507163,0.0,0.0,0.0,24.9203635341,149.522181205,4.36180997919,0.0,4.36180997919
 08/26  22:00:00,274.59543281,0.0,0.0,0.0,24.9203635341,149.522181205,2.18857954457,0.0,2.18857954457
 08/26  23:00:00,250.151037017,0.0,0.0,0.0,24.9203635341,149.522181205,0.02,0.0,0.02
 08/26  24:00:00,237.928839737,0.0,0.0,0.0,24.9203635341,149.522181205,2.18871370145,0.0,2.18871370145
 08/27  01:00:00,237.928421814,0.0,0.0,0.0,24.9203635341,149.522181205,2.18811470641,0.0,2.18811470641
 08/27  02:00:00,237.928421032,0.0,0.0,0.0,24.9203635341,149.522181205,0.02,0.0,0.02
 08/27  03:00:00,237.928420986,0.0,0.0,0.0,24.9203635341,149.522181205,2.18812495286,0.0,2.18812495286
 08/27  04:00:00,250.150619635,0.0,0.0,0.0,24.9203635341,149.522181205,2.18794006924,0.0,2.18794006924
 08/27  05:00:00,274.596273653,0.0,0.0,0.0,24.9203635341,149.522181205,2.18976834675,0.0,2.18976834675
 08/27  06:00:00,323.483806,0.0,0.0,0.0,24.9203635341,149.522181205,2.18809715904,0.0,2.18809715904
 08/27  07:00:00,296.66620087,0.0,0.0,0.0,24.9203635341,149.522181205,0.02,0.0,0.02
 08/27  08:00:00,824.466639667,20.7487945341,419.824596497,0.0,24.9203635341,149.522181205,2.18810844092,0.0,2.18810844092
 08/27  09:00:00,831.953060567,20.281862206,456.711411871,0.0,24.9203635341,149.522181205,2.18811923878,0.0,2.18811923878
 08/27  10:00:00,820.815767934,23.6852733974,487.497578172,0.0,24.9203635341,149.522181205,0.02,0.0,0.02
 08/27  11:00:00,775.438419772,20.2692970983,449.236845908,0.0,24.9203635341,149.522181205,2.18935746296,0.0,2.18935746296
 08/27  12:00:00,828.056411036,23.5221254655,495.109034289,0.0,24.9203635341,149.522181205,2.18931865973,0.0,2.18931865973
 08/27  13:00:00,786.726497197,20.4208312256,460.421506277,0.0,24.9203635341,149.522181205,4.36237222958,0.0,4.36237222958
 08/27  14:00:00,836.342615252,24.1660365534,502.784151317,0.0,24.9203635341,149.522181205,0.02,0.0,0.02
 08/27  15:00:00,785.877453727,20.5253660178,459.515141578,0.0,24.9203635341,149.522181205,2.18812308503,0.0,2.18812308503
 08/27  16:00:00,879.99952732,23.7588790322,498.030964978,0.0,24.9203635341,149.522181205,2.18809490417,0.0,2.18809490417
 08/27  17:00:00,871.188000325,20.4123333016,459.368398933,0.0,24.9203635341,149.522181205,0.02,0.0,0.02
 08/27  18:00:00,920.860348536,23.8882103022,502.044570515,0.0,24.9203635341,149.522181205,2.18810570315,0.0,2.18810570315
 08/27  19:00:00,848.168231735,20.2463807101,460.971555871,0.0,24.9203635341,149.522181205,2.18811647822,0.0,2.18811647822
 08/27  20:00:00,719.515373267,14.7135937998,320.512632615,0.0,24.9203635341,149.522181205,0.02,0.0,0.02
 08/27  21:00:00,557.62527318,9.32103892999,202.205189394,0.0,24.9203635341,149.522181205,4.35993896973,0.0,4.35993896973
 08/27  22:00:00,389.919036438,1.23220662524,75.0949533516,0.0,24.9203635341,149.522181205,0.02,0.0,0.02
 08/27  23:00:00,250.150619558,0.0,0.0,0.0,24.9203635341,149.522181205,2.18808666063,0.0,2.18808666063
 08/27  24:00:00,355.308379493,1.23220662524,77.1508810182,0.0,24.9203635341,149.522181205,2.18809809316,0.0,2.18809809316
 08/28  01:00:00,602.871136454,12.1332484571,251.879183639,0.0,24.9203635341,199.362908273,0.02,0.0,0.02
 08/28  02:00:00,287.76956932,0.0,0.0,0.0,24.9203635341,199.362908273,2.18872044317,0.0,2.18872044317
 08/28  03:00:00,287.769569674,0.0,0.0,0.0,24.9203635341,199.362908273,2.18871628203,0.0,2.18871628203
 08/28  04:00:00,299.99176749,0.0,0.0,0.0,24.9203635341,199.362908273,2.18861907254,0.0,2.18861907254
 08/28  05:00:00,349.357785838,0.0,0.0,0.0,49.8407270682,199.362908273,2.19049886259,0.0,2.19049886259
 08/28  06:00:00,1034.12395318,37.8338005752,495.865724168,0.0,49.8407270682,199.362908273,2.18983643484,0.0,2.18983643484
 08/28  07:00:00,1081.76093595,30.3148174886,478.152799474,0.0,149.522181205,199.362908273,6.55065497511,0.0,6.55065497511
 08/28  08:00:00,1617.56634827,33.3200113569,462.69830436,0.0,448.566543614,448.566543614,10.9543436688,0.0,10.9543436688
 08/28  09:00:00,1564.37852422,36.8616380212,442.634182681,0.0,448.566543614,448.566543614,10.9627055981,0.0,10.9627055981
 08/28  10:00:00,1514.46158757,38.6434930028,439.8237647,0.0,448.566543614,448.566543614,13.1526848737,0.0,13.1526848737
 08/28  11:00:00,1516.11093248,40.6833792738,439.429868712,0.0,448.566543614,448.566543614,13.1818214364,0.0,13.1818214364
 08/28  12:00:00,1467.66512644,37.3505548826,444.153405804,0.0,448.566543614,398.725816546,17.624859636,0.0,17.624859636
 08/28  13:00:00,1518.70187895,43.5331182949,439.16813047,0.0,448.566543614,448.566543614,15.4110684536,0.0,15.4110684536
 08/28  14:00:00,1523.30895533,47.820937013,440.052229618,0.0,448.566543614,448.566543614,10.9511375466,0.0,10.9511375466
 08/28  15:00:00,1524.38628989,47.6616941402,441.77225451,0.0,448.566543614,448.566543614,10.9469198823,0.0,10.9469198823
 08/28  16:00:00,1570.52203626,44.4714572542,441.704854833,0.0,448.566543614,448.566543614,13.1719789629,0.0,13.1719789629
 08/28  17:00:00,1455.62691557,36.9357568999,446.669080371,0.0,348.885089477,398.725816546,8.74484273836,0.0,8.74484273836
 08/28  18:00:00,1266.30675279,30.7838092329,462.86587752,0.0,249.203635341,299.044362409,6.55429524255,0.0,6.55429524255
 08/28  19:00:00,1247.06158527,30.4294566256,468.421976783,0.0,249.203635341,299.044362409,4.36909493208,0.0,4.36909493208
 08/28  20:00:00,1149.15733765,30.3148174886,468.891600847,0.0,149.522181205,249.203635341,4.52402069682,0.1527583376,4.37126235922
 08/28  21:00:00,1128.31496265,30.3148174886,472.493103961,0.0,149.522181205,249.203635341,10.4841904443,6.12353218386,4.3606582604
 08/28  22:00:00,349.356525919,0.0,0.0,0.0,49.8407270682,199.362908273,0.02,0.0,0.02
 08/28  23:00:00,299.991767311,0.0,0.0,0.0,24.9203635341,199.362908273,2.18851817815,0.0,2.18851817815
 08/28  24:00:00,287.769569719,0.0,0.0,0.0,24.9203635341,199.362908273,2.18865735788,0.0,2.18865735788
 08/29  01:00:00,287.769571182,0.0,0.0,0.0,24.9203635341,199.362908273,2.18856329297,0.0,2.18856329297
 08/29  02:00:00,287.769570825,0.0,0.0,0.0,24.9203635341,199.362908273,2.18870460005,0.0,2.18870460005
 08/29  03:00:00,287.769570356,0.0,0.0,0.0,24.9203635341,199.362908273,0.02,0.0,0.02
 08/29  04:00:00,299.991768475,0.0,0.0,0.0,24.9203635341,199.362908273,2.18860962891,0.0,2.18860962891
 08/29  05:00:00,349.357788797,0.0,0.0,0.0,49.8407270682,199.362908273,2.1904890327,0.0,2.1904890327
 08/29  06:00:00,1014.29650186,36.5089297157,477.360418222,0.0,49.8407270682,199.362908273,8.14375333746,3.78403780528,4.35971553218
 08/29  07:00:00,1082.20561679,30.3148174886,478.586854159,0.0,149.522181205,199.362908273,19.1364791676,14.7619393982,4.37453976938
 08/29  08:00:00,1615.20812847,33.7107882207,459.949293903,0.0,448.566543614,448.566543614,10.9583001432,0.00414864480393,10.9541514984
 08/29  09:00:00,1564.36831239,39.3684191291,440.117179135,0.0,448.566543614,448.566543614,13.1496099867,0.0,13.1496099867
 08/29  10:00:00,1514.20893946,41.7597871139,436.454814799,0.0,448.566543614,448.566543614,10.9675093361,0.0,10.9675093361
 08/29  11:00:00,1514.75354151,45.0600334602,433.695798482,0.0,448.566543614,448.566543614,15.3818490552,0.0,15.3818490552
 08/29  12:00:00,1466.51849085,40.043979173,440.313337316,0.0,448.566543614,398.725816546,15.4236662604,0.0,15.4236662604
 08/29  13:00:00,1518.33498845,45.7726320435,436.5617121,0.0,448.566543614,448.566543614,17.6101464725,0.0,17.6101464725
 08/29  14:00:00,1520.5155507,46.2561918798,438.267120347,0.0,448.566543614,448.566543614,10.9496353601,0.0,10.9496353601
 08/29  15:00:00,1519.8396117,44.3741709407,439.473618804,0.0,448.566543614,448.566543614,8.76201816177,0.0,8.76201816177
 08/29  16:00:00,1566.15789785,43.476720171,437.795937696,0.0,448.566543614,448.566543614,13.1775380008,0.0,13.1775380008
 08/29  17:00:00,1455.64777373,37.5948670087,446.030830996,0.0,348.885089477,398.725816546,8.74506255526,0.0,8.74506255526
 08/29  18:00:00,1266.51584038,30.8311637924,463.027607254,0.0,249.203635341,299.044362409,6.55428606815,0.0,6.55428606815
 08/29  19:00:00,1250.26813589,30.4067993351,471.651181863,0.0,249.203635341,299.044362409,4.3689377636,0.0,4.3689377636
 08/29  20:00:00,1166.0040325,30.3148174886,485.73128126,0.0,149.522181205,249.203635341,16.44214661,9.89449080179,6.54765580825
 08/29  21:00:00,1145.09040955,30.3148174886,489.257339445,0.0,149.522181205,249.203635341,23.8960304874,21.7055164023,2.19051408506
 08/29  22:00:00,349.356527983,0.0,0.0,0.0,49.8407270682,199.362908273,2.18869061149,0.0,2.18869061149
 08/29  23:00:00,299.99176868,0.0,0.0,0.0,24.9203635341,199.362908273,2.18859582357,0.0,2.18859582357
 08/29  24:00:00,287.769570435,0.0,0.0,0.0,24.9203635341,199.362908273,0.02,0.0,0.02
 08/30  01:00:00,287.769571951,0.0,0.0,0.0,24.9203635341,199.362908273,2.188739642,0.0,2.188739642
 08/30  02:00:00,287.769572392,0.0,0.0,0.0,24.9203635341,199.362908273,2.18864690719,0.0,2.18864690719
 08/30  03:00:00,287.769572663,0.0,0.0,0.0,24.9203635341,199.362908273,2.18855424452,0.0,2.18855424452
 08/30  04:00:00,299.991770323,0.0,0.0,0.0,24.9203635341,199.362908273,2.18869844549,0.0,2.18869844549
 08/30  05:00:00,349.357790544,0.0,0.0,0.0,49.8407270682,199.362908273,2.19035240919,0.0,2.19035240919
 08/30  06:00:00,982.669886458,34.6925681165,447.528436641,0.0,49.8407270682,199.362908273,36.1751667496,33.9854752486,2.18969150098
 08/30  07:00:00,1019.00019032,30.3148174886,415.625704936,0.0,149.522181205,199.362908273,61.5458126796,54.9946855531,6.55112712648
 08/30  08:00:00,1554.17122465,32.7514035852,400.168749113,0.0,448.566543614,448.566543614,20.0691021226,9.11443219606,10.9546699266
 08/30  09:00:00,1519.46023994,34.4142293494,400.159389492,0.0,448.566543614,448.566543614,16.3804711223,5.4176134906,10.9628576317
 08/30  10:00:00,1471.01736766,34.9849217991,400.036262581,0.0,448.566543614,448.566543614,15.6956918151,2.5429309805,13.1527608346
 08/30  11:00:00,1483.45109635,35.4658767208,411.987051931,0.0,448.566543614,448.566543614,13.817276354,0.635088851934,13.182187502
 08/30  12:00:00,1445.24212682,32.9180234988,426.162504951,0.0,448.566543614,398.725816546,18.1820830026,0.55622354844,17.6258594541
 08/30  13:00:00,1510.11827628,36.1937912522,437.92372075,0.0,448.566543614,448.566543614,15.553355945,0.14113164589,15.4122242991
 08/30  14:00:00,1516.54782466,36.5383607997,444.01715917,0.0,448.566543614,448.566543614,11.0266350514,0.0747168053783,10.951918246
 08/30  15:00:00,1513.24202578,36.8218411771,440.428316543,0.0,448.566543614,448.566543614,11.0059370791,0.0581130958458,10.9478239832
 08/30  16:00:00,1564.23075696,37.556678402,441.788837272,0.0,448.566543614,448.566543614,13.1733985261,0.0,13.1733985261
 08/30  17:00:00,1447.25425272,33.2910713271,441.940676393,0.0,348.885089477,398.725816546,9.31747327102,0.572830144583,8.74464312644
 08/30  18:00:00,1236.65354958,30.3148174886,433.665097301,0.0,249.203635341,299.044362409,29.5783711824,23.0233708034,6.55500037901
 08/30  19:00:00,1199.98475022,30.3148174886,421.429601282,0.0,249.203635341,299.044362409,46.3310186251,41.9620981825,4.36892044262
 08/30  20:00:00,1095.79208943,30.3148174886,415.475549176,0.0,149.522181205,249.203635341,75.1778627256,70.8060995832,4.37176314241
 08/30  21:00:00,1066.36919245,30.3148174886,410.940417086,0.0,149.522181205,249.203635341,86.2272290999,81.8660863659,4.36114273394
 08/30  22:00:00,349.356529016,0.0,0.0,0.0,49.8407270682,199.362908273,0.323766157506,0.0,0.323766157506
 08/30  23:00:00,299.991769832,0.0,0.0,0.0,24.9203635341,199.362908273,1.88474577482,0.0,1.88474577482
 08/30  24:00:00,287.769572435,0.0,0.0,0.0,24.9203635341,199.362908273,2.18866855469,0.0,2.18866855469
 08/31  01:00:00,287.769574256,0.0,0.0,0.0,24.9203635341,199.362908273,2.18857915866,0.0,2.18857915866
 08/31  02:00:00,287.769574171,0.0,0.0,0.0,24.9203635341,199.362908273,2.1887260021,0.0,2.1887260021
 08/31  03:00:00,287.769573696,0.0,0.0,0.0,24.9203635341,199.362908273,2.18863590041,0.0,2.18863590041
 08/31  04:00:00,299.991771225,0.0,0.0,0.0,24.9203635341,199.362908273,0.02,0.0,0.02
 08/31  05:00:00,349.357793722,0.0,0.0,0.0,49.8407270682,199.362908273,4.36085214244,0.0,4.36085214244
 08/31  06:00:00,966.933704197,34.0422036458,432.40384624,0.0,49.8407270682,199.362908273,90.139136139,87.9494294928,2.18970664623
 08/31  07:00:00,1027.02238544,30.3148174886,423.856243441,0.0,149.522181205,199.362908273,103.98493354,99.6113746422,4.37355889748
 08/31  08:00:00,1574.11265642,30.8772360596,421.880446674,0.0,448.566543614,448.566543614,50.8795882387,39.9257849231,10.9538033156
 08/31  09:00:00,1549.50652862,32.2500641617,432.356602222,0.0,448.566543614,448.566543614,36.9882032706,23.8361303517,13.1520729189
 08/31  10:00:00,1516.64282534,32.9470609508,447.689871173,0.0,448.566543614,448.566543614,27.0001000535,16.0335611863,10.9665388672
 08/31  11:00:00,1526.98016906,33.4110428473,457.56182542,0.0,448.566543614,448.566543614,28.695771614,13.314397461,15.381374153
 08/31  12:00:00,1476.8190162,31.1557596696,459.488253951,0.0,448.566543614,398.725816546,36.8212543095,19.1947128904,17.6265414191
 08/31  13:00:00,1540.12385752,33.9984293972,470.123065869,0.0,448.566543614,448.566543614,17.7596793338,2.34864925099,15.4110300828
 08/31  14:00:00,1544.8925556,34.4545225654,474.445102385,0.0,448.566543614,448.566543614,11.8823903893,0.931475061352,10.950915328
 08/31  15:00:00,1542.7427749,35.0860243651,471.664887151,0.0,448.566543614,448.566543614,10.9801122434,0.0332368357759,10.9468754076
 08/31  16:00:00,1594.64033482,35.1281481004,474.626458987,0.0,448.566543614,448.566543614,13.8228114891,0.652072072639,13.1707394164
 08/31  17:00:00,1474.03317818,32.0050105724,470.002101755,0.0,348.885089477,398.725816546,14.2660311649,5.52095643196,8.74507473297
 08/31  18:00:00,1268.50386208,30.3148174886,465.506503333,0.0,249.203635341,299.044362409,41.9845668868,35.430869133,6.55369775375
 08/31  19:00:00,1235.71920845,30.3148174886,457.158791351,0.0,249.203635341,299.044362409,53.7001946088,49.3308460752,4.36934853364
 08/31  20:00:00,1135.43192437,30.3148174886,455.113049432,0.0,149.522181205,249.203635341,78.4873271302,74.11568225,4.37164488024
 08/31  21:00:00,1110.89986069,30.3148174886,455.022031434,0.0,149.522181205,249.203635341,86.2485089336,84.0580239404,2.19048499313
 08/31  22:00:00,349.356530683,0.0,0.0,0.0,49.8407270682,199.362908273,2.18876308458,0.0,2.18876308458
 08/31  23:00:00,299.991771916,0.0,0.0,0.0,24.9203635341,199.362908273,2.18857719572,0.0,2.18857719572
 08/31  24:00:00,287.769574243,0.0,0.0,0.0,24.9203635341,199.362908273,2.18872444329,0.0,2.18872444329
 09/01  01:00:00,287.769575664,0.0,0.0,0.0,24.9203635341,199.362908273,2.18863833592,0.0,2.18863833592
 09/01  02:00:00,287.769575235,0.0,0.0,0.0,24.9203635341,199.362908273,2.18855074734,0.0,2.18855074734
 09/01  03:00:00,287.769575146,0.0,0.0,0.0,24.9203635341,199.362908273,0.02,0.0,0.02
 09/01  04:00:00,299.991773374,0.0,0.0,0.0,24.9203635341,199.362908273,2.18870081684,0.0,2.18870081684
 09/01  05:00:00,349.357796046,0.0,0.0,0.0,49.8407270682,199.362908273,2.19036053572,0.0,2.19036053572
 09/01  06:00:00,1017.45736256,34.2481609504,482.758368806,0.0,49.8407270682,199.362908273,38.9449426656,36.7549643355,2.1899783301
 09/01  07:00:00,1097.13198605,30.3148174886,493.486619574,0.0,149.522181205,199.362908273,58.3709981457,51.8191762164,6.55182192928
 09/01  08:00:00,1635.89827601,30.6502367174,483.698388441,0.0,448.566543614,448.566543614,13.1424744643,2.18851702581,10.9539574385
 09/01  09:00:00,1581.79702165,32.3277031754,464.586493152,0.0,448.566543614,448.566543614,13.2638978063,0.112254917612,13.1516428887
 09/01  10:00:00,1522.39476147,35.4857010901,450.91468552,0.0,448.566543614,448.566543614,10.9681815111,0.0,10.9681815111
 09/01  11:00:00,1517.35043546,38.1840808797,443.168599041,0.0,448.566543614,448.566543614,15.3833474102,0.0,15.3833474102
 09/01  12:00:00,1468.06066672,37.4668720387,444.432566447,0.0,448.566543614,398.725816546,17.5737356843,0.0,17.5737356843
 09/01  13:00:00,1516.49425568,44.5760189711,435.917543914,0.0,448.566543614,448.566543614,15.4600207485,0.0,15.4600207485
 09/01  14:00:00,1516.77013035,46.4390777922,434.338782267,0.0,448.566543614,448.566543614,10.9511426206,0.0,10.9511426206
 09/01  15:00:00,1517.00091142,47.4770811806,433.531978133,0.0,448.566543614,448.566543614,10.947164328,0.0,10.947164328
 09/01  16:00:00,1566.36710855,50.8107601894,430.671070286,0.0,448.566543614,448.566543614,13.1695814602,0.0,13.1695814602
 09/01  17:00:00,1451.75501685,45.4929371944,434.239976814,0.0,348.885089477,398.725816546,6.56366734535,0.0,6.56366734535
 09/01  18:00:00,1259.61769331,36.9891491417,449.971452993,0.0,249.203635341,299.044362409,6.55577140047,0.0,6.55577140047
 09/01  19:00:00,1245.61333201,33.3297818769,464.073381502,0.0,249.203635341,299.044362409,6.5438534264,0.0,6.5438534264
 09/01  20:00:00,1164.01810432,30.4618910315,483.605384153,0.0,149.522181205,249.203635341,4.37202191743,0.0,4.37202191743
 09/01  21:00:00,1147.81140128,30.3148174886,491.99394013,0.0,149.522181205,249.203635341,2.19030402244,0.0,2.19030402244
 09/01  22:00:00,349.356532481,0.0,0.0,0.0,49.8407270682,199.362908273,2.18872456779,0.0,2.18872456779
 09/01  23:00:00,299.991773548,0.0,0.0,0.0,24.9203635341,199.362908273,2.18863627524,0.0,2.18863627524
 09/01  24:00:00,287.769575802,0.0,0.0,0.0,24.9203635341,199.362908273,2.18854900755,0.0,2.18854900755
 09/02  01:00:00,237.928850026,0.0,0.0,0.0,24.9203635341,149.522181205,2.18870360505,0.0,2.18870360505
 09/02  02:00:00,237.928849639,0.0,0.0,0.0,24.9203635341,149.522181205,0.02,0.0,0.02
 09/02  03:00:00,237.928849975,0.0,0.0,0.0,24.9203635341,149.522181205,2.18861876012,0.0,2.18861876012
 09/02  04:00:00,250.151048221,0.0,0.0,0.0,24.9203635341,149.522181205,2.18877176919,0.0,2.18877176919
 09/02  05:00:00,274.596707893,0.0,0.0,0.0,24.9203635341,149.522181205,2.19056004499,0.0,2.19056004499
 09/02  06:00:00,1015.41947085,34.9385669673,480.054694175,0.0,49.8407270682,199.362908273,4.65533991808,2.46539296773,2.18994695035
 09/02  07:00:00,992.645241099,30.3148174886,488.713939594,0.0,49.8407270682,199.362908273,15.4554075114,11.0906663201,4.36474119139
 09/02  08:00:00,1233.71269233,30.3716660864,480.527139928,0.0,249.203635341,249.203635341,4.43078727429,0.0609819561342,4.36980531816
 09/02  09:00:00,1185.47676161,30.6609338314,468.666050652,0.0,249.203635341,249.203635341,6.55486983241,0.0,6.55486983241
 09/02  10:00:00,1126.59732791,32.3378380766,456.999345064,0.0,249.203635341,249.203635341,6.5507994705,0.0,6.5507994705
 09/02  11:00:00,1123.15349522,33.3941766465,452.497488888,0.0,249.203635341,249.203635341,6.55799804643,0.0,6.55799804643
 09/02  12:00:00,1123.20842412,34.1503368363,451.797522621,0.0,249.203635341,249.203635341,6.55326557586,0.0,6.55326557586
 09/02  13:00:00,1122.12274625,35.7565453315,449.106055414,0.0,249.203635341,249.203635341,6.55058414379,0.0,6.55058414379
 09/02  14:00:00,875.398443047,34.9187434827,452.424877848,0.0,74.7610906023,174.442544739,4.36962286498,0.0,4.36962286498
 09/02  15:00:00,879.875987659,33.9937908149,457.828217136,0.0,74.7610906023,174.442544739,4.36743893382,0.0,4.36743893382
 09/02  16:00:00,929.49438091,33.9628944648,458.588294186,0.0,74.7610906023,174.442544739,4.36862776815,0.0,4.36862776815
 09/02  17:00:00,891.083805649,33.8854646,458.352596919,0.0,24.9203635341,149.522181205,2.18974920104,0.0,2.18974920104
 09/02  18:00:00,811.851479032,22.2790466813,414.742256169,0.0,24.9203635341,149.522181205,2.19002237373,0.0,2.19002237373
 09/02  19:00:00,717.496035604,19.3958418321,357.758268614,0.0,24.9203635341,149.522181205,2.18992036514,0.0,2.18992036514
 09/02  20:00:00,650.704234265,13.3654550824,262.98372815,0.0,24.9203635341,149.522181205,4.35992003559,0.0,4.35992003559
 09/02  21:00:00,407.264646902,1.23220662524,67.9940626367,0.0,24.9203635341,149.522181205,2.19126891056,0.0,2.19126891056
 09/02  22:00:00,274.595443539,0.0,0.0,0.0,24.9203635341,149.522181205,2.18869523797,0.0,2.18869523797
 09/02  23:00:00,250.151047554,0.0,0.0,0.0,24.9203635341,149.522181205,2.1886106962,0.0,2.1886106962
 09/02  24:00:00,237.928849599,0.0,0.0,0.0,24.9203635341,149.522181205,0.02,0.0,0.02
 09/03  01:00:00,237.928430206,0.0,0.0,0.0,24.9203635341,149.522181205,2.18810391681,0.0,2.18810391681
 09/03  02:00:00,237.928430434,0.0,0.0,0.0,24.9203635341,149.522181205,2.1881320322,0.0,2.1881320322
 09/03  03:00:00,237.928429411,0.0,0.0,0.0,24.9203635341,149.522181205,0.02,0.0,0.02
 09/03  04:00:00,250.150627964,0.0,0.0,0.0,24.9203635341,149.522181205,2.18762702533,0.0,2.18762702533
 09/03  05:00:00,274.596288937,0.0,0.0,0.0,24.9203635341,149.522181205,2.18990801798,0.0,2.18990801798
 09/03  06:00:00,323.483815177,0.0,0.0,0.0,24.9203635341,149.522181205,2.18815889663,0.0,2.18815889663
 09/03  07:00:00,296.666210053,0.0,0.0,0.0,24.9203635341,149.522181205,2.18808945158,0.0,2.18808945158
 09/03  08:00:00,641.599298808,16.2864928657,268.03901065,0.0,24.9203635341,149.522181205,0.02,0.0,0.02
 09/03  09:00:00,809.032955952,24.3031482273,439.581631196,0.0,24.9203635341,149.522181205,2.18813818415,0.0,2.18813818415
 09/03  10:00:00,665.001668886,19.6087251525,366.163270801,0.0,24.9203635341,149.522181205,2.188127498,0.0,2.188127498
 09/03  11:00:00,784.302380449,24.286731197,463.755421001,0.0,24.9203635341,149.522181205,2.18927812525,0.0,2.18927812525
 09/03  12:00:00,670.594272775,19.6640970372,371.699659281,0.0,24.9203635341,149.522181205,0.02,0.0,0.02
 09/03  13:00:00,783.243388222,25.1495181423,461.832375681,0.0,24.9203635341,149.522181205,4.36248494206,0.0,4.36248494206
 09/03  14:00:00,666.791512316,20.5689745293,366.992021209,0.0,24.9203635341,149.522181205,2.18936203099,0.0,2.18936203099
 09/03  15:00:00,784.938008984,25.1695545698,463.509070134,0.0,24.9203635341,149.522181205,0.02,0.0,0.02
 09/03  16:00:00,720.255380787,19.8018689192,372.335047981,0.0,24.9203635341,149.522181205,2.18814698828,0.0,2.18814698828
 09/03  17:00:00,871.678897968,24.3181214414,465.546006672,0.0,24.9203635341,149.522181205,2.18813632035,0.0,2.18813632035
 09/03  18:00:00,691.366088447,14.6175898668,315.364619163,0.0,24.9203635341,149.522181205,2.18812566897,0.0,2.18812566897
 09/03  19:00:00,574.61482731,9.73177447173,232.603909275,0.0,24.9203635341,149.522181205,0.02,0.0,0.02
 09/03  20:00:00,363.295837481,0.410735541745,26.4023323367,0.0,24.9203635341,149.522181205,2.18812801091,0.0,2.18812801091
 09/03  21:00:00,299.040684446,0.0,0.0,0.0,24.9203635341,149.522181205,2.1898663632,0.0,2.1898663632
 09/03  22:00:00,274.59502361,0.0,0.0,0.0,24.9203635341,149.522181205,2.1879948301,0.0,2.1879948301
 09/03  23:00:00,250.150627137,0.0,0.0,0.0,24.9203635341,149.522181205,0.02,0.0,0.02
 09/03  24:00:00,237.928430298,0.0,0.0,0.0,24.9203635341,149.522181205,2.1880237182,0.0,2.1880237182
 09/04  01:00:00,237.928431766,0.0,0.0,0.0,24.9203635341,149.522181205,2.18805583996,0.0,2.18805583996
 09/04  02:00:00,237.928430835,0.0,0.0,0.0,24.9203635341,149.522181205,0.02,0.0,0.02
 09/04  03:00:00,237.928431703,0.0,0.0,0.0,24.9203635341,149.522181205,2.18808712747,0.0,2.18808712747
 09/04  04:00:00,250.15062967,0.0,0.0,0.0,24.9203635341,149.522181205,2.18811853627,0.0,2.18811853627
 09/04  05:00:00,274.596291483,0.0,0.0,0.0,24.9203635341,149.522181205,2.18991973582,0.0,2.18991973582
 09/04  06:00:00,323.483815715,0.0,0.0,0.0,24.9203635341,149.522181205,0.02,0.0,0.02
 09/04  07:00:00,305.209878095,0.0,0.0,0.0,24.9203635341,149.522181205,2.18812321709,0.0,2.18812321709
 09/04  08:00:00,771.093595629,22.5050110492,372.450383812,0.0,24.9203635341,149.522181205,2.18815569773,0.0,2.18815569773
 09/04  09:00:00,701.224902934,19.4913148147,353.61512269,0.0,24.9203635341,149.522181205,2.18814795366,0.0,2.18814795366
 09/04  10:00:00,775.211934528,24.5020521743,454.450496466,0.0,24.9203635341,149.522181205,0.02,0.0,0.02
 09/04  11:00:00,666.523114368,19.4739806254,367.818614767,0.0,24.9203635341,149.522181205,2.18937918685,0.0,2.18937918685
 09/04  12:00:00,781.351413406,24.3076395958,460.783543021,0.0,24.9203635341,149.522181205,2.18936131585,0.0,2.18936131585
 09/04  13:00:00,669.777901972,19.4880151759,371.058100805,0.0,24.9203635341,149.522181205,2.19125126157,0.0,2.19125126157
 09/04  14:00:00,783.648580042,24.4109405082,462.977408773,0.0,24.9203635341,149.522181205,2.18939062682,0.0,2.18939062682
 09/04  15:00:00,671.423097707,19.4997197306,372.693703494,0.0,24.9203635341,149.522181205,2.18806668027,0.0,2.18806668027
 09/04  16:00:00,831.702813134,24.41419355,462.140441438,0.0,24.9203635341,149.522181205,2.18813897291,0.0,2.18813897291
 09/04  17:00:00,749.787930211,19.4556267464,365.547244641,0.0,24.9203635341,149.522181205,0.02,0.0,0.02
 09/04  18:00:00,847.36331038,24.281254844,441.267284781,0.0,24.9203635341,149.522181205,2.18813139,0.0,2.18813139
 09/04  19:00:00,473.814334672,5.80325723628,139.884992905,0.0,24.9203635341,149.522181205,2.18816323487,0.0,2.18816323487
 09/04  20:00:00,323.483815959,0.0,0.0,0.0,24.9203635341,149.522181205,2.18799659684,0.0,2.18799659684
 09/04  21:00:00,299.040687203,0.0,0.0,0.0,24.9203635341,149.522181205,2.18992081987,0.0,2.18992081987
 09/04  22:00:00,274.59502426,0.0,0.0,0.0,24.9203635341,149.522181205,0.02,0.0,0.02
 09/04  23:00:00,250.150629642,0.0,0.0,0.0,24.9203635341,149.522181205,2.18800182355,0.0,2.18800182355
 09/04  24:00:00,237.928431743,0.0,0.0,0.0,24.9203635341,149.522181205,2.18803378138,0.0,2.18803378138
 09/05  01:00:00,287.769582283,0.0,0.0,0.0,24.9203635341,199.362908273,0.02,0.0,0.02
 09/05  02:00:00,287.769582367,0.0,0.0,0.0,24.9203635341,199.362908273,2.18874223809,0.0,2.18874223809
 09/05  03:00:00,287.76958278,0.0,0.0,0.0,24.9203635341,199.362908273,2.18866627877,0.0,2.18866627877
 09/05  04:00:00,299.99178082,0.0,0.0,0.0,24.9203635341,199.362908273,2.18859041626,0.0,2.18859041626
 09/05  05:00:00,349.35780713,0.0,0.0,0.0,49.8407270682,199.362908273,2.19039925013,0.0,2.19039925013
 09/05  06:00:00,977.274771422,34.1134303441,442.731724566,0.0,49.8407270682,199.362908273,9.39030398707,7.20035139169,2.18995259538
 09/05  07:00:00,1025.88521983,30.3148174886,414.350106711,0.0,149.522181205,199.362908273,36.6603244785,30.1091891936,6.55113528487
 09/05  08:00:00,1552.49526911,30.532974106,400.801702612,0.0,448.566543614,448.566543614,11.1310192693,0.17604435442,10.9549749149
 09/05  09:00:00,1525.91375926,31.8206044896,409.210348803,0.0,448.566543614,448.566543614,10.9621279906,0.0,10.9621279906
 09/05  10:00:00,1485.79757147,32.6385490101,417.164596514,0.0,448.566543614,448.566543614,13.158725584,0.0,13.158725584
 09/05  11:00:00,1493.24508811,34.2378075687,423.009458228,0.0,448.566543614,448.566543614,15.3848318052,0.0,15.3848318052
 09/05  12:00:00,1453.18799965,34.3959417139,432.630748499,0.0,448.566543614,398.725816546,17.6273821394,0.0,17.6273821394
 09/05  13:00:00,1527.57118915,38.7977992469,452.772620171,0.0,448.566543614,448.566543614,15.412576433,0.0,15.412576433
 09/05  14:00:00,1529.36696625,42.4708359775,450.90380894,0.0,448.566543614,448.566543614,10.9519243688,0.0,10.9519243688
 09/05  15:00:00,1525.55521627,43.5074286675,446.055889925,0.0,448.566543614,448.566543614,10.9483055829,0.0,10.9483055829
 09/05  16:00:00,1572.74949773,45.9562982232,441.907865716,0.0,448.566543614,448.566543614,13.1733973529,0.0,13.1733973529
 09/05  17:00:00,1465.01268336,41.542597056,451.447939951,0.0,348.885089477,398.725816546,8.74565111879,0.0,8.74565111879
 09/05  18:00:00,1265.37320552,34.7896375496,457.926446586,0.0,249.203635341,299.044362409,6.55503236059,0.0,6.55503236059
 09/05  19:00:00,1235.31334043,31.6273161115,446.932166567,0.0,249.203635341,299.044362409,4.36960420516,0.0,4.36960420516
 09/05  20:00:00,1112.11993701,30.3148174886,431.849336968,0.0,149.522181205,249.203635341,11.2370625916,6.86515605214,4.37190653948
 09/05  21:00:00,1074.48591071,30.3148174886,418.664629166,0.0,149.522181205,249.203635341,22.5707821774,18.2095445044,4.36123767298
 09/05  22:00:00,349.356539407,0.0,0.0,0.0,49.8407270682,199.362908273,2.18857496917,0.0,2.18857496917
 09/05  23:00:00,299.991780194,0.0,0.0,0.0,24.9203635341,199.362908273,0.02,0.0,0.02
 09/05  24:00:00,287.769582779,0.0,0.0,0.0,24.9203635341,199.362908273,2.1887386616,0.0,2.1887386616
 09/06  01:00:00,287.769584963,0.0,0.0,0.0,24.9203635341,199.362908273,2.18866685106,0.0,2.18866685106
 09/06  02:00:00,287.769584983,0.0,0.0,0.0,24.9203635341,199.362908273,2.18859401259,0.0,2.18859401259
 09/06  03:00:00,287.769584647,0.0,0.0,0.0,24.9203635341,199.362908273,2.18876094397,0.0,2.18876094397
 09/06  04:00:00,299.991782007,0.0,0.0,0.0,24.9203635341,199.362908273,0.02,0.0,0.02
 09/06  05:00:00,349.357810951,0.0,0.0,0.0,49.8407270682,199.362908273,4.36120278705,0.0,4.36120278705
 09/06  06:00:00,960.480662989,34.1498332999,425.878422173,0.0,49.8407270682,199.362908273,41.1430602594,38.953158198,2.18990206139
 09/06  07:00:00,1030.3395385,30.3148174886,418.407322619,0.0,149.522181205,199.362908273,58.856883547,52.3057968074,6.55108673951
 09/06  08:00:00,1590.59229968,31.8975966465,437.145985589,0.0,448.566543614,448.566543614,11.7600526507,0.802846868496,10.9572057822
 09/06  09:00:00,1575.08590773,35.4574496199,454.745632103,0.0,448.566543614,448.566543614,10.9829478873,0.0166393462244,10.9663085411
 09/06  10:00:00,1513.63582812,39.0589384868,438.582435101,0.0,448.566543614,448.566543614,13.1541863453,0.0,13.1541863453
 09/06  11:00:00,1513.96526532,42.0133379544,435.954101643,0.0,448.566543614,448.566543614,13.1849068473,0.0,13.1849068473
 09/06  12:00:00,1467.15771882,39.4127757364,441.583604096,0.0,448.566543614,398.725816546,17.6306337173,0.0,17.6306337173
 09/06  13:00:00,1520.71618319,47.3883830846,437.327003306,0.0,448.566543614,448.566543614,17.6145338358,0.0,17.6145338358
 09/06  14:00:00,1522.78229378,49.4029991566,437.386964248,0.0,448.566543614,448.566543614,10.9514872685,0.0,10.9514872685
 09/06  15:00:00,1522.63035481,50.0513973148,436.58704434,0.0,448.566543614,448.566543614,8.76308125007,0.0,8.76308125007
 09/06  16:00:00,1571.96065442,52.5736471078,434.515305962,0.0,448.566543614,448.566543614,15.3713142709,0.0,15.3713142709
 09/06  17:00:00,1455.96843776,46.8321707218,437.14127987,0.0,348.885089477,398.725816546,6.56473816265,0.0,6.56473816265
 09/06  18:00:00,1254.96998883,37.631350753,444.681510275,0.0,249.203635341,299.044362409,6.55580796133,0.0,6.55580796133
 09/06  19:00:00,1244.0357747,33.7504792618,453.531432029,0.0,249.203635341,299.044362409,6.54491799549,0.0,6.54491799549
 09/06  20:00:00,1148.95586098,30.5274581283,468.477542844,0.0,149.522181205,249.203635341,4.37218867896,0.0,4.37218867896
 09/06  21:00:00,1130.9357732,30.3157470037,475.117367937,0.0,149.522181205,249.203635341,2.19035374502,0.0,2.19035374502
 09/06  22:00:00,349.35654158,0.0,0.0,0.0,49.8407270682,199.362908273,2.18877384963,0.0,2.18877384963
 09/06  23:00:00,299.991782647,0.0,0.0,0.0,24.9203635341,199.362908273,2.18870040862,0.0,2.18870040862
 09/06  24:00:00,287.769584885,0.0,0.0,0.0,24.9203635341,199.362908273,2.18862799134,0.0,2.18862799134
 09/07  01:00:00,287.769586728,0.0,0.0,0.0,24.9203635341,199.362908273,2.18880028314,0.0,2.18880028314
 09/07  02:00:00,287.769586223,0.0,0.0,0.0,24.9203635341,199.362908273,0.02,0.0,0.02
 09/07  03:00:00,287.769586367,0.0,0.0,0.0,24.9203635341,199.362908273,2.18873078491,0.0,2.18873078491
 09/07  04:00:00,299.991784574,0.0,0.0,0.0,24.9203635341,199.362908273,2.18866139218,0.0,2.18866139218
 09/07  05:00:00,349.357813893,0.0,0.0,0.0,49.8407270682,199.362908273,2.1903618566,0.0,2.1903618566
 09/07  06:00:00,1027.2816011,38.1835696061,488.673578551,0.0,49.8407270682,199.362908273,2.19005926771,0.0,2.19005926771
 09/07  07:00:00,1086.92747982,30.3148174886,474.775613368,0.0,149.522181205,199.362908273,6.55227787267,0.0,6.55227787267
 09/07  08:00:00,1609.05461812,35.4864833416,452.019977011,0.0,448.566543614,448.566543614,10.9552878412,0.0,10.9552878412
 09/07  09:00:00,1563.6568022,39.4563813491,439.317592801,0.0,448.566543614,448.566543614,13.1530470221,0.0,13.1530470221
 09/07  10:00:00,1514.44773965,41.8303633393,436.622906748,0.0,448.566543614,448.566543614,10.9681076151,0.0,10.9681076151
 09/07  11:00:00,1517.97497763,46.9076453479,435.069482532,0.0,448.566543614,448.566543614,15.3831314805,0.0,15.3831314805
 09/07  12:00:00,1469.8859842,44.7189381993,439.005687528,0.0,448.566543614,398.725816546,17.6283412223,0.0,17.6283412223
 09/07  13:00:00,1527.0601808,52.9359013078,438.635962294,0.0,448.566543614,448.566543614,17.6153919527,0.0,17.6153919527
 09/07  14:00:00,1528.43604917,54.0613490576,439.79897551,0.0,448.566543614,448.566543614,8.76551768283,0.0,8.76551768283
 09/07  15:00:00,1536.86680821,55.9917812229,447.834915295,0.0,448.566543614,448.566543614,10.9493878646,0.0,10.9493878646
 09/07  16:00:00,1597.77339378,59.0349778554,456.734070319,0.0,448.566543614,448.566543614,13.1786501251,0.0,13.1786501251
 09/07  17:00:00,1479.50501972,51.7390943185,458.298750392,0.0,348.885089477,398.725816546,8.74575428985,0.0,8.74575428985
 09/07  18:00:00,1263.353983,40.9392770306,453.210165618,0.0,249.203635341,299.044362409,6.55486539575,0.0,6.55486539575
 09/07  19:00:00,1242.86886473,35.3835439412,450.822997519,0.0,249.203635341,299.044362409,4.36934240743,0.0,4.36934240743
 09/07  20:00:00,1137.09602465,31.029656523,456.115499514,0.0,149.522181205,249.203635341,6.54783649805,0.0,6.54783649805
 09/07  21:00:00,1116.464005,30.4176576826,460.54368641,0.0,149.522181205,249.203635341,2.19041525442,0.0,2.19041525442
 09/07  22:00:00,349.356543716,0.0,0.0,0.0,49.8407270682,199.362908273,2.18871151058,0.0,2.18871151058
 09/07  23:00:00,414.755691356,0.821471083491,87.9444576535,0.0,24.9203635341,199.362908273,2.18864157513,0.0,2.18864157513
 09/07  24:00:00,339.225233163,0.410735541745,38.0459323141,0.0,24.9203635341,199.362908273,2.18827422227,0.0,2.18827422227
 09/08  01:00:00,287.769588265,0.0,0.0,0.0,24.9203635341,199.362908273,0.02,0.0,0.02
 09/08  02:00:00,287.769588394,0.0,0.0,0.0,24.9203635341,199.362908273,2.18874910706,0.0,2.18874910706
 09/08  03:00:00,287.769588799,0.0,0.0,0.0,24.9203635341,199.362908273,2.18868301779,0.0,2.18868301779
 09/08  04:00:00,299.991786831,0.0,0.0,0.0,24.9203635341,199.362908273,2.18861704894,0.0,2.18861704894
 09/08  05:00:00,349.357816775,0.0,0.0,0.0,49.8407270682,199.362908273,2.19044907471,0.0,2.19044907471
 09/08  06:00:00,943.692963539,35.8022768669,407.465502812,0.0,49.8407270682,199.362908273,3.20490091056,1.01489083769,2.19001007287
 09/08  07:00:00,969.402994712,30.3148174886,360.073033671,0.0,149.522181205,199.362908273,18.8683343573,12.3168096026,6.55152475471
 09/08  08:00:00,1504.69881188,35.2707205228,349.209611543,0.0,448.566543614,448.566543614,10.956235908,0.0,10.956235908
 09/08  09:00:00,1488.64924908,38.8642668763,365.066209845,0.0,448.566543614,448.566543614,13.1527947385,0.0,13.1527947385
 09/08  10:00:00,1463.35017047,43.5063593164,383.849333217,0.0,448.566543614,448.566543614,10.9706111637,0.0,10.9706111637
 09/08  11:00:00,1483.85158684,45.7502097007,402.103502592,0.0,448.566543614,448.566543614,15.3843162992,0.0,15.3843162992
 09/08  12:00:00,1439.8951339,42.113899918,411.619852345,0.0,448.566543614,398.725816546,17.6325698617,0.0,17.6325698617
 09/08  13:00:00,1495.59111971,49.8044105759,409.785873048,0.0,448.566543614,448.566543614,15.4153358841,0.0,15.4153358841
 09/08  14:00:00,1491.73799134,51.0919013232,404.653726824,0.0,448.566543614,448.566543614,10.9525173872,0.0,10.9525173872
 09/08  15:00:00,1490.00187255,51.2918972575,402.718038471,0.0,448.566543614,448.566543614,10.9500846969,0.0,10.9500846969
 09/08  16:00:00,1536.81834881,50.9358125071,400.997147108,0.0,448.566543614,448.566543614,13.17868461,0.0,13.17868461
 09/08  17:00:00,1431.54907557,44.9878454721,416.724936496,0.0,348.885089477,398.725816546,8.7467852584,0.0,8.7467852584
 09/08  18:00:00,1220.79077415,34.2954002646,416.916693097,0.0,249.203635341,299.044362409,6.55488893175,0.0,6.55488893175
 09/08  19:00:00,1181.2065102,31.4983567019,396.680013756,0.0,249.203635341,299.044362409,4.36936026856,0.0,4.36936026856
 09/08  20:00:00,1050.88679135,30.3153194931,375.276742936,0.0,149.522181205,249.203635341,6.54790233412,0.0,6.54790233412
 09/08  21:00:00,1009.77210433,30.3148174886,359.513250447,0.0,149.522181205,249.203635341,3.021417866,0.830986132247,2.19043173376
 09/08  22:00:00,349.356545799,0.0,0.0,0.0,49.8407270682,199.362908273,2.18872756197,0.0,2.18872756197
 09/08  23:00:00,299.991786663,0.0,0.0,0.0,24.9203635341,199.362908273,2.18866105257,0.0,2.18866105257
 09/08  24:00:00,287.769588725,0.0,0.0,0.0,24.9203635341,199.362908273,2.18859535591,0.0,2.18859535591
 09/09  01:00:00,237.928863371,0.0,0.0,0.0,24.9203635341,149.522181205,0.02,0.0,0.02
 09/09  02:00:00,237.928863453,0.0,0.0,0.0,24.9203635341,149.522181205,2.18877624986,0.0,2.18877624986
 09/09  03:00:00,237.928863846,0.0,0.0,0.0,24.9203635341,149.522181205,2.18871367383,0.0,2.18871367383
 09/09  04:00:00,250.15106187,0.0,0.0,0.0,24.9203635341,149.522181205,2.18865122042,0.0,2.18865122042
 09/09  05:00:00,274.596729597,0.0,0.0,0.0,24.9203635341,149.522181205,2.19049151813,0.0,2.19049151813
 09/09  06:00:00,864.598340285,33.9023390825,330.443559293,0.0,49.8407270682,199.362908273,84.8785355345,82.6884804096,2.19005512493
 09/09  07:00:00,811.630981826,30.3148174886,299.09297796,0.0,49.8407270682,199.362908273,103.249842552,98.8850597852,4.36478276713
 09/09  08:00:00,1054.23709386,30.3203159866,301.076898875,0.0,249.203635341,249.203635341,40.5884438915,36.2181877894,4.37025610218
 09/09  09:00:00,1040.67420908,31.1426097386,323.364028434,0.0,249.203635341,249.203635341,31.2674239386,24.7118500329,6.55557390567
 09/09  10:00:00,1009.91591645,31.2756883416,341.367615971,0.0,249.203635341,249.203635341,23.852363211,17.3006869959,6.55167621504
 09/09  11:00:00,1035.20009361,30.86744966,367.062527466,0.0,249.203635341,249.203635341,18.0178657389,11.4586328736,6.55923286533
 09/09  12:00:00,1065.78529665,32.1976619159,396.321905006,0.0,249.203635341,249.203635341,13.6740523078,7.11938622695,6.55466608087
 09/09  13:00:00,1089.52960364,33.5909474767,418.676673881,0.0,249.203635341,249.203635341,9.04308325998,2.4909145952,6.55216866478
 09/09  14:00:00,851.856749836,33.320732195,430.476705903,0.0,74.7610906023,174.442544739,10.5680753717,6.19831154931,4.36976382242
 09/09  15:00:00,849.402872518,32.3587709554,429.036935341,0.0,74.7610906023,174.442544739,4.43820351962,0.0707215126383,4.36748200698
 09/09  16:00:00,889.442160459,31.2254381535,421.366242459,0.0,74.7610906023,174.442544739,4.36871604041,0.0,4.36871604041
 09/09  17:00:00,846.347617517,31.2537814056,416.247758597,0.0,24.9203635341,149.522181205,4.79703262517,0.437069454938,4.35996317023
 09/09  18:00:00,692.828954744,21.3302557608,299.943128468,0.0,24.9203635341,149.522181205,2.19004453609,0.0,2.19004453609
 09/09  19:00:00,588.244616503,15.9827535408,232.505648303,0.0,24.9203635341,149.522181205,2.18997585634,0.0,2.18997585634
 09/09  20:00:00,323.485096769,0.0,0.0,0.0,24.9203635341,149.522181205,2.18984159123,0.0,2.18984159123
 09/09  21:00:00,299.041549344,0.0,0.0,0.0,24.9203635341,149.522181205,2.19113972363,0.0,2.19113972363
 09/09  22:00:00,274.595457347,0.0,0.0,0.0,24.9203635341,149.522181205,2.18872485989,0.0,2.18872485989
 09/09  23:00:00,250.151061937,0.0,0.0,0.0,24.9203635341,149.522181205,2.18866271586,0.0,2.18866271586
 09/09  24:00:00,237.928864149,0.0,0.0,0.0,24.9203635341,149.522181205,2.18860058525,0.0,2.18860058525
 09/10  01:00:00,237.928440971,0.0,0.0,0.0,24.9203635341,149.522181205,0.02,0.0,0.02
 09/10  02:00:00,237.928441118,0.0,0.0,0.0,24.9203635341,149.522181205,2.1881458604,0.0,2.1881458604
 09/10  03:00:00,237.92844185,0.0,0.0,0.0,24.9203635341,149.522181205,2.18819771981,0.0,2.18819771981
 09/10  04:00:00,250.150638962,0.0,0.0,0.0,24.9203635341,149.522181205,2.18804986073,0.0,2.18804986073
 09/10  05:00:00,274.596308793,0.0,0.0,0.0,24.9203635341,149.522181205,2.1900219972,0.0,2.1900219972
 09/10  06:00:00,323.483825252,0.0,0.0,0.0,24.9203635341,149.522181205,0.02,0.0,0.02
 09/10  07:00:00,305.209888388,0.0,0.0,0.0,24.9203635341,149.522181205,2.18809702055,0.0,2.18809702055
 09/10  08:00:00,454.571817781,7.77995388441,109.724606735,0.0,24.9203635341,149.522181205,2.18815016166,0.0,2.18815016166
 09/10  09:00:00,545.641948217,14.4946659643,200.783145362,0.0,24.9203635341,149.522181205,0.02,0.0,0.02
 09/10  10:00:00,211.110837032,0.0,0.0,0.0,24.9203635341,149.522181205,2.18771261857,0.0,2.18771261857
 09/10  11:00:00,211.111686379,0.0,0.0,0.0,24.9203635341,149.522181205,2.18928660134,0.0,2.18928660134
 09/10  12:00:00,211.111686418,0.0,0.0,0.0,24.9203635341,149.522181205,2.18923431423,0.0,2.18923431423
 09/10  13:00:00,211.112960455,0.0,0.0,0.0,24.9203635341,149.522181205,2.19133326768,0.0,2.19133326768
 09/10  14:00:00,211.111686298,0.0,0.0,0.0,24.9203635341,149.522181205,2.18930770501,0.0,2.18930770501
 09/10  15:00:00,211.110837167,0.0,0.0,0.0,24.9203635341,149.522181205,2.18818880186,0.0,2.18818880186
 09/10  16:00:00,483.500409185,10.9624270948,170.921124118,0.0,24.9203635341,149.522181205,2.18811316945,0.0,2.18811316945
 09/10  17:00:00,823.40369117,23.8544886281,404.870729396,0.0,24.9203635341,149.522181205,0.02,0.0,0.02
 09/10  18:00:00,760.664499429,19.835629214,350.351371526,0.0,24.9203635341,149.522181205,2.18817489102,0.0,2.18817489102
 09/10  19:00:00,584.81323017,13.7131518331,231.289782071,0.0,24.9203635341,149.522181205,2.18818749119,0.0,2.18818749119
 09/10  20:00:00,323.483825721,0.0,0.0,0.0,24.9203635341,149.522181205,0.02,0.0,0.02
 09/10  21:00:00,299.040704388,0.0,0.0,0.0,24.9203635341,149.522181205,4.360070183,0.0,4.360070183
 09/10  22:00:00,274.595034088,0.0,0.0,0.0,24.9203635341,149.522181205,0.02,0.0,0.02
 09/10  23:00:00,250.150639419,0.0,0.0,0.0,24.9203635341,149.522181205,2.18804522581,0.0,2.18804522581
 09/10  24:00:00,237.928441578,0.0,0.0,0.0,24.9203635341,149.522181205,2.18809791372,0.0,2.18809791372
 09/11  01:00:00,287.769595039,0.0,0.0,0.0,24.9203635341,199.362908273,0.02,0.0,0.02
 09/11  02:00:00,287.769595,0.0,0.0,0.0,24.9203635341,199.362908273,2.18883815281,0.0,2.18883815281
 09/11  03:00:00,287.769595357,0.0,0.0,0.0,24.9203635341,199.362908273,2.1887829308,0.0,2.1887829308
 09/11  04:00:00,299.991793361,0.0,0.0,0.0,24.9203635341,199.362908273,2.18872783211,0.0,2.18872783211
 09/11  05:00:00,349.357827389,0.0,0.0,0.0,49.8407270682,199.362908273,2.19058547163,0.0,2.19058547163
 09/11  06:00:00,997.433330617,33.436550674,463.539843084,0.0,49.8407270682,199.362908273,47.4432154478,45.253223297,2.18999215082
 09/11  07:00:00,1073.03958842,30.3148174886,460.841946069,0.0,149.522181205,199.362908273,70.3011179074,63.7489183895,6.55219951789
 09/11  08:00:00,1617.98313915,30.3769732351,466.052953756,0.0,448.566543614,448.566543614,17.9150242709,6.95853539551,10.9564888754
 09/11  09:00:00,1593.68624011,31.2515765822,477.549177455,0.0,448.566543614,448.566543614,16.76812564,3.6135621248,13.1545635152
 09/11  10:00:00,1547.39169434,31.9723014114,479.422783836,0.0,448.566543614,448.566543614,13.8515730535,2.88331350861,10.9682595449
 09/11  11:00:00,1541.66279944,32.5205732458,473.142902204,0.0,448.566543614,448.566543614,17.3326957868,1.9480531336,15.3846426532
 09/11  12:00:00,1493.16823356,30.6968002344,476.308115697,0.0,448.566543614,398.725816546,20.2256232562,2.59161160369,17.6340116525
 09/11  13:00:00,1536.23690084,33.1908719021,467.04432568,0.0,448.566543614,448.566543614,18.7205057759,1.10314192656,17.6173638493
 09/11  14:00:00,1532.73613424,33.6142405508,463.129032969,0.0,448.566543614,448.566543614,11.5907543323,0.637127943643,10.9536263886
 09/11  15:00:00,1528.47307636,34.2308743689,458.250192066,0.0,448.566543614,448.566543614,10.986523534,0.0374449528758,10.9490785812
 09/11  16:00:00,1572.6846333,35.3364795349,452.462705724,0.0,448.566543614,448.566543614,13.1740489198,0.0,13.1740489198
 09/11  17:00:00,1464.98872027,31.8810727114,461.085438826,0.0,348.885089477,398.725816546,8.74707444235,0.0,8.74707444235
 09/11  18:00:00,1270.42433268,30.3148174886,467.451080532,0.0,249.203635341,299.044362409,8.31227771772,1.75689143706,6.55538628067
 09/11  19:00:00,1267.12357994,30.3148174886,471.50070244,0.0,249.203635341,299.044362409,19.0018517305,14.6319920948,4.36985963574
 09/11  20:00:00,1154.96027011,30.3148174886,474.661447689,0.0,149.522181205,249.203635341,50.5224330726,46.1501396217,4.37229345093
 09/11  21:00:00,1132.77775268,30.3148174886,476.918240684,0.0,149.522181205,249.203635341,62.9400529599,58.5788564624,4.36119649752
 09/11  22:00:00,349.356552148,0.0,0.0,0.0,49.8407270682,199.362908273,2.18874217366,0.0,2.18874217366
 09/11  23:00:00,299.991792745,0.0,0.0,0.0,24.9203635341,199.362908273,0.02,0.0,0.02
 09/11  24:00:00,287.769595212,0.0,0.0,0.0,24.9203635341,199.362908273,2.18868740458,0.0,2.18868740458
 09/12  01:00:00,287.769597911,0.0,0.0,0.0,24.9203635341,199.362908273,2.18863672192,0.0,2.18863672192
 09/12  02:00:00,287.769598013,0.0,0.0,0.0,24.9203635341,199.362908273,2.18882796912,0.0,2.18882796912
 09/12  03:00:00,287.769597835,0.0,0.0,0.0,24.9203635341,199.362908273,2.1887766479,0.0,2.1887766479
 09/12  04:00:00,299.991795278,0.0,0.0,0.0,24.9203635341,199.362908273,2.18872544032,0.0,2.18872544032
 09/12  05:00:00,349.357831314,0.0,0.0,0.0,49.8407270682,199.362908273,2.19059876773,0.0,2.19059876773
 09/12  06:00:00,968.593429073,33.7153448559,434.391665615,0.0,49.8407270682,199.362908273,88.5602682361,86.3703452711,2.18992296506
 09/12  07:00:00,983.741136373,30.3148174886,374.657282053,0.0,149.522181205,199.362908273,109.64553564,103.092926904,6.55260873601
 09/12  08:00:00,1504.15688078,30.3723992328,355.965837343,0.0,448.566543614,448.566543614,57.2524449642,46.2942050849,10.9582398794
 09/12  09:00:00,1467.15128134,31.2794794621,353.494036774,0.0,448.566543614,448.566543614,42.2041565033,31.2380975332,10.9660589701
 09/12  10:00:00,1425.20185466,32.0366952999,358.574303774,0.0,448.566543614,448.566543614,28.8967895392,15.7362354111,13.1605541281
 09/12  11:00:00,1442.44479664,32.6405203773,373.915111959,0.0,448.566543614,448.566543614,18.8579087766,3.47098475023,15.3869240263
 09/12  12:00:00,1394.46879859,30.6726587545,377.770164724,0.0,448.566543614,398.725816546,23.7619415652,6.12715964381,17.6347819214
 09/12  13:00:00,1442.44658808,33.4108028318,374.240310118,0.0,448.566543614,448.566543614,18.9856618077,1.36751044852,17.6181513592
 09/12  14:00:00,1450.36783592,35.788262751,380.53282641,0.0,448.566543614,448.566543614,8.85418905442,0.087409584167,8.76677947026
 09/12  15:00:00,1462.55954071,38.0242713796,389.635893501,0.0,448.566543614,448.566543614,10.9528937048,0.0,10.9528937048
 09/12  16:00:00,1522.9967419,39.0086932936,399.158986901,0.0,448.566543614,448.566543614,15.3745993979,0.0,15.3745993979
 09/12  17:00:00,1404.97591735,35.5468302644,397.406871915,0.0,348.885089477,398.725816546,6.56551943919,0.0,6.56551943919
 09/12  18:00:00,1189.76304306,32.010935796,385.09179158,0.0,249.203635341,299.044362409,10.9239655715,4.36728232745,6.55668324403
 09/12  19:00:00,1164.07268719,30.4467854398,368.316084036,0.0,249.203635341,299.044362409,23.6260180342,17.0808259435,6.54519209073
 09/12  20:00:00,1034.36850968,30.3148174886,354.076647754,0.0,149.522181205,249.203635341,40.8246760481,36.4524527179,4.37222333022
 09/12  21:00:00,998.642228928,30.3148174886,342.787495079,0.0,149.522181205,249.203635341,56.2882344467,51.9271275564,4.36110689026
 09/12  22:00:00,349.35655427,0.0,0.0,0.0,49.8407270682,199.362908273,0.02,0.0,0.02
 09/12  23:00:00,299.991795514,0.0,0.0,0.0,24.9203635341,199.362908273,2.18881707577,0.0,2.18881707577
 09/12  24:00:00,287.769597895,0.0,0.0,0.0,24.9203635341,199.362908273,2.18876613575,0.0,2.18876613575
 09/13  01:00:00,287.76960031,0.0,0.0,0.0,24.9203635341,199.362908273,2.1887203328,0.0,2.1887203328
 09/13  02:00:00,287.769600139,0.0,0.0,0.0,24.9203635341,199.362908273,2.18867286454,0.0,2.18867286454
 09/13  03:00:00,287.76959977,0.0,0.0,0.0,24.9203635341,199.362908273,2.18862556309,0.0,2.18862556309
 09/13  04:00:00,299.991797509,0.0,0.0,0.0,24.9203635341,199.362908273,0.02,0.0,0.02
 09/13  05:00:00,349.35783563,0.0,0.0,0.0,49.8407270682,199.362908273,4.36107890709,0.0,4.36107890709
 09/13  06:00:00,833.407796552,33.236603267,299.59461731,0.0,49.8407270682,199.362908273,214.086376587,211.89650656,2.18987002688
 09/13  07:00:00,806.203320946,30.3148174886,193.910283905,0.0,149.522181205,199.362908273,202.811910052,196.26036131,6.55154874233
 09/13  08:00:00,1380.73535769,30.366389472,228.791106304,0.0,448.566543614,448.566543614,52.114470789,41.1557060608,10.9587647282
 09/13  09:00:00,1408.16984801,32.0858436143,291.186416897,0.0,448.566543614,448.566543614,31.334151759,20.36538365,10.9687681089
 09/13  10:00:00,1386.69543673,33.4575140563,317.23710593,0.0,448.566543614,448.566543614,21.8500208452,8.69097464656,13.1590461987
 09/13  11:00:00,1399.76076311,34.7031838962,329.057642868,0.0,448.566543614,448.566543614,18.1015098557,2.71400012955,15.3875097261
 09/13  12:00:00,1357.34515135,34.0854390768,339.993037431,0.0,448.566543614,398.725816546,20.4552505828,2.82047388207,17.6347767007
 09/13  13:00:00,1423.98726387,39.3369110499,354.100410004,0.0,448.566543614,448.566543614,16.081206331,0.663970325255,15.4172360057
 09/13  14:00:00,1440.98814213,40.5629077908,369.480734513,0.0,448.566543614,448.566543614,10.9537217842,0.0,10.9537217842
 09/13  15:00:00,1452.09712273,40.4551404002,380.295833134,0.0,448.566543614,448.566543614,10.9509544483,0.0,10.9509544483
 09/13  16:00:00,1503.67131181,39.2818028116,384.038216089,0.0,448.566543614,448.566543614,13.8010522254,0.0,13.8010522254
 09/13  17:00:00,1386.75399228,35.5718243456,383.692102852,0.0,348.885089477,398.725816546,8.1313871678,0.0,8.1313871678
 09/13  18:00:00,1182.08884952,31.962702536,382.092001257,0.0,249.203635341,299.044362409,6.55655946417,0.0,6.55655946417
 09/13  19:00:00,1159.20967716,30.3569525936,367.074949262,0.0,249.203635341,299.044362409,6.54541109983,0.0,6.54541109983
 09/13  20:00:00,1027.96306139,30.3148174886,347.687714206,0.0,149.522181205,249.203635341,17.7401127706,13.3679369109,4.37217585976
 09/13  21:00:00,986.615282244,30.3148174886,330.77090322,0.0,149.522181205,249.203635341,39.5563939136,37.3657311501,2.1906627635
 09/13  22:00:00,349.356556721,0.0,0.0,0.0,49.8407270682,199.362908273,2.18883863504,0.0,2.18883863504
 09/13  23:00:00,299.991797904,0.0,0.0,0.0,24.9203635341,199.362908273,2.18879037867,0.0,2.18879037867
 09/13  24:00:00,287.769600283,0.0,0.0,0.0,24.9203635341,199.362908273,2.18874340266,0.0,2.18874340266
 09/14  01:00:00,287.769602747,0.0,0.0,0.0,24.9203635341,199.362908273,2.18870169827,0.0,2.18870169827
 09/14  02:00:00,287.769602571,0.0,0.0,0.0,24.9203635341,199.362908273,2.18865829415,0.0,2.18865829415
 09/14  03:00:00,287.769602181,0.0,0.0,0.0,24.9203635341,199.362908273,0.02,0.0,0.02
 09/14  04:00:00,299.991799951,0.0,0.0,0.0,24.9203635341,199.362908273,2.18885888743,0.0,2.18885888743
 09/14  05:00:00,349.35783953,0.0,0.0,0.0,49.8407270682,199.362908273,4.3610808856,0.0,4.3610808856
 09/14  06:00:00,866.93348254,33.6310325438,332.796084103,0.0,49.8407270682,199.362908273,116.026427206,113.836551457,2.18987574921
 09/14  07:00:00,943.052566526,30.3148174886,330.834829142,0.0,149.522181205,199.362908273,98.0149826113,91.4629004312,6.55208218017
 09/14  08:00:00,1488.51294397,30.55893013,336.697718821,0.0,448.566543614,448.566543614,31.6650955598,20.7074778234,10.9576177364
 09/14  09:00:00,1462.85837147,31.7848934404,349.170357605,0.0,448.566543614,448.566543614,22.1384305306,11.1699109813,10.9685195494
 09/14  10:00:00,1427.66630663,32.3069858137,362.373244784,0.0,448.566543614,448.566543614,25.6785486752,12.5186583262,13.159890349
 09/14  11:00:00,1439.31400718,32.6353467697,371.096482895,0.0,448.566543614,448.566543614,27.7714503023,12.3826153966,15.3888349056
 09/14  12:00:00,1392.96262948,30.45157283,376.378134004,0.0,448.566543614,398.725816546,44.1297170465,26.494244645,17.6354724015
 09/14  13:00:00,1447.72852839,33.0269415265,378.865217861,0.0,448.566543614,448.566543614,38.3734744743,20.7540841638,17.6193903105
 09/14  14:00:00,1460.29238463,33.3228374807,390.96734632,0.0,448.566543614,448.566543614,22.3178095015,13.5504670709,8.76734243061
 09/14  15:00:00,1475.04039907,33.7154639402,405.330337434,0.0,448.566543614,448.566543614,14.5235858614,3.57123460427,10.9523512572
 09/14  16:00:00,1524.54395913,34.0478655988,405.609236417,0.0,448.566543614,448.566543614,17.239029312,1.86450440044,15.3745249116
 09/14  17:00:00,1415.59188802,31.288826612,412.276466775,0.0,348.885089477,398.725816546,12.6189980142,6.0538312284,6.5651667858
 09/14  18:00:00,1219.82514865,30.3148174886,416.821936067,0.0,249.203635341,299.044362409,52.1087466978,43.3747038531,8.73404284471
 09/14  19:00:00,1205.95507794,30.3148174886,410.552521364,0.0,249.203635341,299.044362409,65.8847139353,61.5144717021,4.37024223325
 09/14  20:00:00,1072.12197638,30.3148174886,393.05923122,0.0,149.522181205,249.203635341,100.66190853,96.2898246344,4.37208389589
 09/14  21:00:00,1040.46319188,30.3148174886,386.84704295,0.0,149.522181205,249.203635341,111.390375981,107.02905278,4.36132320069
 09/14  22:00:00,349.356559057,0.0,0.0,0.0,49.8407270682,199.362908273,0.02,0.0,0.02
 09/14  23:00:00,299.991799911,0.0,0.0,0.0,24.9203635341,199.362908273,2.18886829148,0.0,2.18886829148
 09/14  24:00:00,287.769602449,0.0,0.0,0.0,24.9203635341,199.362908273,2.18882533982,0.0,2.18882533982
 09/15  01:00:00,287.769605147,0.0,0.0,0.0,24.9203635341,199.362908273,2.18878727897,0.0,2.18878727897
 09/15  02:00:00,287.769605168,0.0,0.0,0.0,24.9203635341,199.362908273,2.1887479531,0.0,2.1887479531
 09/15  03:00:00,287.769605014,0.0,0.0,0.0,24.9203635341,199.362908273,2.1887088059,0.0,2.1887088059
 09/15  04:00:00,299.991802472,0.0,0.0,0.0,24.9203635341,199.362908273,2.18866979657,0.0,2.18866979657
 09/15  05:00:00,349.357843074,0.0,0.0,0.0,49.8407270682,199.362908273,2.19057182679,0.0,2.19057182679
 09/15  06:00:00,903.772808426,32.6113151176,370.826722926,0.0,49.8407270682,199.362908273,199.714167444,197.524263738,2.18990370506
 09/15  07:00:00,952.980545772,30.3148174886,338.807655422,0.0,149.522181205,199.362908273,190.076292975,183.523457777,6.55283519717
 09/15  08:00:00,1485.75287966,30.3554861869,339.484200995,0.0,448.566543614,448.566543614,59.0044311453,48.0449513915,10.9594797538
 09/15  09:00:00,1486.39932504,31.4235836156,371.114335372,0.0,448.566543614,448.566543614,41.0687709393,30.102862161,10.9659087782
 09/15  10:00:00,1474.45378407,32.5678146989,405.878239057,0.0,448.566543614,448.566543614,31.3812188062,18.2182907143,13.1629280919
 09/15  11:00:00,1508.33723205,33.4516838213,438.882035198,0.0,448.566543614,448.566543614,23.0008368054,7.61230264076,15.3885341646
 09/15  12:00:00,1467.73866453,32.3720662158,449.20202656,0.0,448.566543614,398.725816546,21.8073197563,4.17194270115,17.6353770552
 09/15  13:00:00,1519.80068446,36.766363873,447.032824783,0.0,448.566543614,448.566543614,18.2867246926,0.666889452619,17.61983524
 09/15  14:00:00,1517.18811038,38.796905855,442.398735737,0.0,448.566543614,448.566543614,10.9550944864,0.0,10.9550944864
 09/15  15:00:00,1506.88924131,38.9302588573,431.966937645,0.0,448.566543614,448.566543614,10.9509641492,0.0,10.9509641492
 09/15  16:00:00,1549.06150796,36.7605862151,427.418732089,0.0,448.566543614,448.566543614,13.1783702305,0.0,13.1783702305
 09/15  17:00:00,1434.71968664,32.1684389922,430.528986376,0.0,348.885089477,398.725816546,8.74692491896,0.0,8.74692491896
 09/15  18:00:00,1230.28336557,30.3148174886,427.307465419,0.0,249.203635341,299.044362409,11.921888916,5.36481666508,6.55707225091
 09/15  19:00:00,1222.11928514,30.3148174886,426.492903245,0.0,249.203635341,299.044362409,23.7618438638,19.3915264353,4.37031742849
 09/15  20:00:00,1093.85546681,30.3148174886,413.780855818,0.0,149.522181205,249.203635341,57.1850703506,50.6366883233,6.5483820273
 09/15  21:00:00,1056.02811937,30.3148174886,401.656472636,0.0,149.522181205,249.203635341,69.9565269592,67.7658540313,2.19067292795
 09/15  22:00:00,349.356562033,0.0,0.0,0.0,49.8407270682,199.362908273,2.18883813702,0.0,2.18883813702
 09/15  23:00:00,299.991802799,0.0,0.0,0.0,24.9203635341,199.362908273,2.18879934188,0.0,2.18879934188
 09/15  24:00:00,287.769604693,0.0,0.0,0.0,24.9203635341,199.362908273,2.18876056659,0.0,2.18876056659
 09/16  01:00:00,237.928879973,0.0,0.0,0.0,24.9203635341,149.522181205,0.02,0.0,0.02
 09/16  02:00:00,237.928880222,0.0,0.0,0.0,24.9203635341,149.522181205,2.18872889364,0.0,2.18872889364
 09/16  03:00:00,237.928880541,0.0,0.0,0.0,24.9203635341,149.522181205,2.18869395292,0.0,2.18869395292
 09/16  04:00:00,250.1510785,0.0,0.0,0.0,24.9203635341,149.522181205,2.18865917236,0.0,2.18865917236
 09/16  05:00:00,274.596756115,0.0,0.0,0.0,24.9203635341,149.522181205,2.19056424536,0.0,2.19056424536
 09/16  06:00:00,920.106706802,32.2788080317,387.331000412,0.0,49.8407270682,199.362908273,102.717163412,100.527013948,2.19014946324
 09/16  07:00:00,880.442839288,30.3148174886,364.064510906,0.0,49.8407270682,199.362908273,129.669712533,125.304558916,4.36515361738
 09/16  08:00:00,1102.92071808,30.3148174886,355.665388019,0.0,249.203635341,249.203635341,102.557384785,98.1874331788,4.36995160607
 09/16  09:00:00,1066.44503566,30.3148174886,355.404832313,0.0,249.203635341,249.203635341,90.4360206406,83.8790972668,6.55692337383
 09/16  10:00:00,1026.37301711,30.3148174886,364.209507488,0.0,249.203635341,249.203635341,80.4682568669,73.915019143,6.55323772391
 09/16  11:00:00,1033.82012184,30.3148174886,370.193935475,0.0,249.203635341,249.203635341,74.8556831591,66.1155700233,8.74011313583
 09/16  12:00:00,1039.410056,30.3148174886,374.399323657,0.0,249.203635341,249.203635341,62.355245395,55.8010589782,6.55418641678
 09/16  13:00:00,1045.13691257,30.3148174886,379.682259168,0.0,249.203635341,249.203635341,58.0215369364,51.4697173117,6.55181962466
 09/16  14:00:00,796.685698534,30.3148174886,381.229501906,0.0,74.7610906023,174.442544739,64.7864535201,60.4161960946,4.3702574255
 09/16  15:00:00,801.245912686,30.3148174886,387.325578226,0.0,74.7610906023,174.442544739,66.6962434802,62.3281882258,4.36805525448
 09/16  16:00:00,851.751073704,30.3148174886,388.654529351,0.0,74.7610906023,174.442544739,41.7904787013,37.4221274239,4.36835127739
 09/16  17:00:00,809.932612543,30.3148174886,384.122881695,0.0,24.9203635341,149.522181205,80.9338287171,78.7439595402,2.18986917696
 09/16  18:00:00,296.667515407,0.0,0.0,0.0,24.9203635341,149.522181205,2.19009578351,0.0,2.19009578351
 09/16  19:00:00,297.854119951,0.0,0.0,0.0,24.9203635341,149.522181205,2.18998928728,0.0,2.18998928728
 09/16  20:00:00,323.485120363,0.0,0.0,0.0,24.9203635341,149.522181205,2.18988433602,0.0,2.18988433602
 09/16  21:00:00,299.041579651,0.0,0.0,0.0,24.9203635341,149.522181205,4.36269881805,0.0,4.36269881805
 09/16  22:00:00,274.595473776,0.0,0.0,0.0,24.9203635341,149.522181205,2.18877701123,0.0,2.18877701123
 09/16  23:00:00,250.151077885,0.0,0.0,0.0,24.9203635341,149.522181205,2.18874250647,0.0,2.18874250647
 09/16  24:00:00,237.928879926,0.0,0.0,0.0,24.9203635341,149.522181205,0.02,0.0,0.02
 09/17  01:00:00,237.928454967,0.0,0.0,0.0,24.9203635341,149.522181205,2.18806753064,0.0,2.18806753064
 09/17  02:00:00,237.928455322,0.0,0.0,0.0,24.9203635341,149.522181205,2.1881485245,0.0,2.1881485245
 09/17  03:00:00,237.928454612,0.0,0.0,0.0,24.9203635341,149.522181205,0.02,0.0,0.02
 09/17  04:00:00,250.150652425,0.0,0.0,0.0,24.9203635341,149.522181205,2.18822960816,0.0,2.18822960816
 09/17  05:00:00,274.596332556,0.0,0.0,0.0,24.9203635341,149.522181205,2.18996761316,0.0,2.18996761316
 09/17  06:00:00,323.483839799,0.0,0.0,0.0,24.9203635341,149.522181205,2.18813368092,0.0,2.18813368092
 09/17  07:00:00,313.753568853,0.0,0.0,0.0,24.9203635341,149.522181205,2.18821526033,0.0,2.18821526033
 09/17  08:00:00,296.666234613,0.0,0.0,0.0,24.9203635341,149.522181205,0.02,0.0,0.02
 09/17  09:00:00,259.99964173,0.0,0.0,0.0,24.9203635341,149.522181205,2.18809355888,0.0,2.18809355888
 09/17  10:00:00,211.110850945,0.0,0.0,0.0,24.9203635341,149.522181205,2.18817534716,0.0,2.18817534716
 09/17  11:00:00,211.111706748,0.0,0.0,0.0,24.9203635341,149.522181205,2.18947965795,0.0,2.18947965795
 09/17  12:00:00,211.111706697,0.0,0.0,0.0,24.9203635341,149.522181205,2.18945651079,0.0,2.18945651079
 09/17  13:00:00,211.11299051,0.0,0.0,0.0,24.9203635341,149.522181205,2.19146549342,0.0,2.19146549342
 09/17  14:00:00,211.111706642,0.0,0.0,0.0,24.9203635341,149.522181205,2.18930456933,0.0,2.18930456933
 09/17  15:00:00,211.110850865,0.0,0.0,0.0,24.9203635341,149.522181205,2.18810902396,0.0,2.18810902396
 09/17  16:00:00,259.99964168,0.0,0.0,0.0,24.9203635341,149.522181205,2.18819086505,0.0,2.18819086505
 09/17  17:00:00,296.666234532,0.0,0.0,0.0,24.9203635341,149.522181205,0.02,0.0,0.02
 09/17  18:00:00,296.666235428,0.0,0.0,0.0,24.9203635341,149.522181205,2.18806926521,0.0,2.18806926521
 09/17  19:00:00,297.852839744,0.0,0.0,0.0,24.9203635341,149.522181205,2.18815122196,0.0,2.18815122196
 09/17  20:00:00,323.483838901,0.0,0.0,0.0,24.9203635341,149.522181205,0.02,0.0,0.02
 09/17  21:00:00,299.040728353,0.0,0.0,0.0,24.9203635341,149.522181205,4.35983400446,0.0,4.35983400446
 09/17  22:00:00,274.595048091,0.0,0.0,0.0,24.9203635341,149.522181205,0.02,0.0,0.02
 09/17  23:00:00,250.15065318,0.0,0.0,0.0,24.9203635341,149.522181205,2.1881365843,0.0,2.1881365843
 09/17  24:00:00,237.928455049,0.0,0.0,0.0,24.9203635341,149.522181205,2.18821842232,0.0,2.18821842232
 09/18  01:00:00,287.769612332,0.0,0.0,0.0,24.9203635341,199.362908273,0.02,0.0,0.02
 09/18  02:00:00,287.769612469,0.0,0.0,0.0,24.9203635341,199.362908273,2.18879975839,0.0,2.18879975839
 09/18  03:00:00,287.76961277,0.0,0.0,0.0,24.9203635341,199.362908273,2.18877360218,0.0,2.18877360218
 09/18  04:00:00,299.991810726,0.0,0.0,0.0,24.9203635341,199.362908273,2.18874760391,0.0,2.18874760391
 09/18  05:00:00,349.35785514,0.0,0.0,0.0,49.8407270682,199.362908273,2.19067342386,0.0,2.19067342386
 09/18  06:00:00,930.956842356,32.2651437764,398.497168561,0.0,49.8407270682,199.362908273,124.961075058,122.770975233,2.19009982479
 09/18  07:00:00,1013.04810279,30.3148174886,395.59194267,0.0,149.522181205,199.362908273,140.370070373,133.816900387,6.55316998605
 09/18  08:00:00,1569.69475824,30.3148174886,418.720056046,0.0,448.566543614,448.566543614,56.2847169707,45.3269670965,10.9577498742
 09/18  09:00:00,1571.7538178,30.3148174886,456.541785931,0.0,448.566543614,448.566543614,32.8670972009,19.7071506398,13.1599465611
 09/18  10:00:00,1537.19972384,30.3951548383,470.807114916,0.0,448.566543614,448.566543614,17.0294276714,3.86942111754,13.1600065538
 09/18  11:00:00,1543.76647388,32.6353821673,475.131909855,0.0,448.566543614,448.566543614,16.8911808795,1.50088282944,15.39029805
 09/18  12:00:00,1490.06544007,34.2553878228,469.647541724,0.0,448.566543614,398.725816546,18.8289781689,1.1899349211,17.6390432478
 09/18  13:00:00,1530.03227405,39.5803072634,454.450790278,0.0,448.566543614,448.566543614,17.7360147568,0.111945512361,17.6240692445
 09/18  14:00:00,1523.2376576,40.9036782059,446.341456996,0.0,448.566543614,448.566543614,10.9560723026,0.0,10.9560723026
 09/18  15:00:00,1521.03631931,40.613835508,444.430387576,0.0,448.566543614,448.566543614,10.953877822,0.0,10.953877822
 09/18  16:00:00,1569.52052379,41.1100185132,443.524906706,0.0,448.566543614,448.566543614,13.1792168337,0.0,13.1792168337
 09/18  17:00:00,1464.0342203,36.3120229356,455.699896356,0.0,348.885089477,398.725816546,8.74738953504,0.0,8.74738953504
 09/18  18:00:00,1279.02708867,32.0838509414,474.285988789,0.0,249.203635341,299.044362409,6.55750958893,0.0,6.55750958893
 09/18  19:00:00,1293.79085196,30.3682229152,489.579794269,0.0,249.203635341,299.044362409,6.52967219129,2.15938396037,4.37028823092
 09/18  20:00:00,1163.88326832,30.3148174886,483.602376717,0.0,149.522181205,249.203635341,27.5468083753,20.9974552558,6.54935311948
 09/18  21:00:00,1117.60993804,30.3148174886,461.766800376,0.0,149.522181205,249.203635341,37.7768013441,35.5859542106,2.1908471335
 09/18  22:00:00,349.35656965,0.0,0.0,0.0,49.8407270682,199.362908273,2.18888708755,0.0,2.18888708755
 09/18  23:00:00,299.991810507,0.0,0.0,0.0,24.9203635341,199.362908273,2.18873745308,0.0,2.18873745308
 09/18  24:00:00,287.769612595,0.0,0.0,0.0,24.9203635341,199.362908273,2.18871180786,0.0,2.18871180786
 09/19  01:00:00,287.769615006,0.0,0.0,0.0,24.9203635341,199.362908273,2.1886931834,0.0,2.1886931834
 09/19  02:00:00,287.769614954,0.0,0.0,0.0,24.9203635341,199.362908273,0.02,0.0,0.02
 09/19  03:00:00,287.769615313,0.0,0.0,0.0,24.9203635341,199.362908273,2.1886716266,0.0,2.1886716266
 09/19  04:00:00,299.991813319,0.0,0.0,0.0,24.9203635341,199.362908273,2.18889727452,0.0,2.18889727452
 09/19  05:00:00,349.357859631,0.0,0.0,0.0,49.8407270682,199.362908273,2.19083392635,0.0,2.19083392635
 09/19  06:00:00,990.940555479,33.3908223426,457.081479584,0.0,49.8407270682,199.362908273,62.986620781,60.7964231641,2.19019761689
 09/19  07:00:00,1076.63089392,30.3148174886,455.884233757,0.0,149.522181205,199.362908273,77.4420520698,70.888285933,6.55376613684
 09/19  08:00:00,1610.5005284,30.3321179516,458.613862393,0.0,448.566543614,448.566543614,21.7499814597,8.60393176568,13.146049694
 09/19  09:00:00,1586.20626312,31.0983808298,470.221072058,0.0,448.566543614,448.566543614,16.1983205274,5.22720799583,10.9711125316
 09/19  10:00:00,1546.35751686,31.8112010526,478.548655481,0.0,448.566543614,448.566543614,17.2984453161,4.13653141567,13.1619139004
 09/19  11:00:00,1546.72442808,32.3518069421,478.372899398,0.0,448.566543614,448.566543614,17.604562239,2.21371332465,15.3908489144
 09/19  12:00:00,1482.22815927,30.4442546353,465.620130674,0.0,448.566543614,398.725816546,20.5460517766,2.90605787433,17.6399939022
 09/19  13:00:00,1484.06147412,33.0637238926,414.993514464,0.0,448.566543614,448.566543614,21.9445818387,4.32149469114,17.6230871475
 09/19  14:00:00,1468.66164619,33.3210082817,399.34180908,0.0,448.566543614,448.566543614,19.6954648311,8.73992096945,10.9555438616
 09/19  15:00:00,1468.43598052,33.5779574006,398.86066862,0.0,448.566543614,448.566543614,18.2373011165,7.285374875,10.9519262415
 09/19  16:00:00,1521.15454286,33.8549505918,402.411335561,0.0,448.566543614,448.566543614,16.8432813141,3.66174072585,13.1815405883
 09/19  17:00:00,1404.41514888,31.1226987279,401.257795947,0.0,348.885089477,398.725816546,25.8974666941,17.149096124,8.74837057009
 09/19  18:00:00,1198.44339843,30.3148174886,395.475125361,0.0,249.203635341,299.044362409,53.5153305897,46.9590238239,6.55630676584
 09/19  19:00:00,1186.7155458,30.3148174886,383.5170569,0.0,249.203635341,299.044362409,71.0023452593,64.4571208873,6.54522437205
 09/19  20:00:00,1051.4704675,30.3148174886,373.376367028,0.0,149.522181205,249.203635341,95.6535967763,91.2805924343,4.37300434197
 09/19  21:00:00,1016.55714964,30.3148174886,364.68769294,0.0,149.522181205,249.203635341,105.598701112,103.4080579,2.19064321207
 09/19  22:00:00,349.356572203,0.0,0.0,0.0,49.8407270682,199.362908273,2.18891354773,0.0,2.18891354773
 09/19  23:00:00,299.991813264,0.0,0.0,0.0,24.9203635341,199.362908273,2.18879239701,0.0,2.18879239701
 09/19  24:00:00,287.769615606,0.0,0.0,0.0,24.9203635341,199.362908273,2.18877132336,0.0,2.18877132336
 09/20  01:00:00,287.769618355,0.0,0.0,0.0,24.9203635341,199.362908273,2.1887562545,0.0,2.1887562545
 09/20  02:00:00,287.769618187,0.0,0.0,0.0,24.9203635341,199.362908273,2.18873927285,0.0,2.18873927285
 09/20  03:00:00,287.769617857,0.0,0.0,0.0,24.9203635341,199.362908273,2.18872247394,0.0,2.18872247394
 09/20  04:00:00,299.99181556,0.0,0.0,0.0,24.9203635341,199.362908273,0.02,0.0,0.02
 09/20  05:00:00,349.357864522,0.0,0.0,0.0,49.8407270682,199.362908273,4.36144879439,0.0,4.36144879439
 09/20  06:00:00,884.930063827,32.7127524495,353.363449236,0.0,49.8407270682,199.362908273,192.17956599,189.98947572,2.1900902701
 09/20  07:00:00,949.136519869,30.3148174886,335.507548926,0.0,149.522181205,199.362908273,210.78560952,204.232726256,6.55288326415
 09/20  08:00:00,1475.40714081,30.3148174886,330.254117211,0.0,448.566543614,448.566543614,97.4873908722,86.526656555,10.9607343172
 09/20  09:00:00,1443.77420484,30.3494572801,334.021058417,0.0,448.566543614,448.566543614,72.197521038,61.2311385422,10.9663824958
 09/20  10:00:00,1405.57927661,30.5384298689,342.402952939,0.0,448.566543614,448.566543614,69.2656613318,56.0990700044,13.1665913275
 09/20  11:00:00,1408.76215103,31.109550829,344.119100538,0.0,448.566543614,448.566543614,54.0461054498,38.6558626459,15.3902428039
 09/20  12:00:00,1353.01439755,30.3148174886,339.910429527,0.0,448.566543614,398.725816546,67.05548356,49.4158939649,17.6395895951
 09/20  13:00:00,1401.30810538,31.6813310275,338.861730196,0.0,448.566543614,448.566543614,55.5573963871,37.9317156293,17.6256807578
 09/20  14:00:00,1403.84566508,32.1268379075,340.756736029,0.0,448.566543614,448.566543614,47.3339169579,36.3783120614,10.9556048965
 09/20  15:00:00,1405.87071528,32.4973399498,341.643006804,0.0,448.566543614,448.566543614,33.0756870145,22.1219936921,10.9536933224
 09/20  16:00:00,1452.6527825,32.9296358477,339.216035711,0.0,448.566543614,448.566543614,22.2187989777,6.84215165667,15.376647321
 09/20  17:00:00,1337.0802089,30.4647734965,337.87077431,0.0,348.885089477,398.725816546,21.6242945571,12.8757546252,8.74853993187
 09/20  18:00:00,1138.59219598,30.3148174886,338.104858353,0.0,249.203635341,299.044362409,36.3726980575,29.8159947049,6.55670335258
 09/20  19:00:00,1139.52403953,30.3148174886,337.956877172,0.0,249.203635341,299.044362409,58.1959699017,53.8255333333,4.3704365684
 09/20  20:00:00,1016.73317852,30.3148174886,340.079772592,0.0,149.522181205,249.203635341,109.102844436,102.553798929,6.54904550709
 09/20  21:00:00,992.230921556,30.3148174886,340.830111763,0.0,149.522181205,249.203635341,120.711192575,118.520586462,2.19060611292
 09/20  22:00:00,349.356575211,0.0,0.0,0.0,49.8407270682,199.362908273,2.18876718262,0.0,2.18876718262
 09/20  23:00:00,299.99181595,0.0,0.0,0.0,24.9203635341,199.362908273,2.18875078954,0.0,2.18875078954
 09/20  24:00:00,287.769617834,0.0,0.0,0.0,24.9203635341,199.362908273,2.18873441071,0.0,2.18873441071
 09/21  01:00:00,287.769620534,0.0,0.0,0.0,24.9203635341,199.362908273,0.02,0.0,0.02
 09/21  02:00:00,287.769620803,0.0,0.0,0.0,24.9203635341,199.362908273,2.18872590546,0.0,2.18872590546
 09/21  03:00:00,287.769621036,0.0,0.0,0.0,24.9203635341,199.362908273,2.18871378249,0.0,2.18871378249
 09/21  04:00:00,299.991818937,0.0,0.0,0.0,24.9203635341,199.362908273,2.18870182092,0.0,2.18870182092
 09/21  05:00:00,349.357868117,0.0,0.0,0.0,49.8407270682,199.362908273,2.19066031522,0.0,2.19066031522
 09/21  06:00:00,825.293790217,31.875152491,292.741307527,0.0,49.8407270682,199.362908273,351.904600748,349.714504333,2.19009641501
 09/21  07:00:00,731.330715228,30.3148174886,113.957870745,0.0,149.522181205,199.362908273,328.155692163,321.602223457,6.55346870531
 09/21  08:00:00,1266.60757945,30.3148174886,114.682350259,0.0,448.566543614,448.566543614,96.0608280613,85.0994048422,10.9614232192
 09/21  09:00:00,1368.9630265,30.5809647567,253.461762994,0.0,448.566543614,448.566543614,64.2206616897,51.0584518401,13.1622098496
 09/21  10:00:00,1370.06942681,30.8787143777,303.171661585,0.0,448.566543614,448.566543614,46.5446011647,33.3817852767,13.162815888
 09/21  11:00:00,1395.02246187,31.6552965326,327.353719829,0.0,448.566543614,448.566543614,36.3488679011,20.9570419844,15.3918259168
 09/21  12:00:00,1367.78046459,33.116835861,348.487351162,0.0,448.566543614,398.725816546,37.5915494757,19.9497611408,17.6417883349
 09/21  13:00:00,1439.17920981,36.8560263862,366.317095789,0.0,448.566543614,448.566543614,24.358994308,6.73225976585,17.6267345421
 09/21  14:00:00,1450.26276195,38.2846122703,375.984452328,0.0,448.566543614,448.566543614,12.4894783023,1.5332173119,10.9562609904
 09/21  15:00:00,1452.38907425,38.2528682249,378.144057096,0.0,448.566543614,448.566543614,10.9544369855,0.0,10.9544369855
 09/21  16:00:00,1513.44915977,38.1205829934,390.442899089,0.0,448.566543614,448.566543614,13.1852452815,0.0,13.1852452815
 09/21  17:00:00,1397.59185012,34.3538922715,391.215619197,0.0,348.885089477,398.725816546,8.74948716833,0.0,8.74948716833
 09/21  18:00:00,1184.02336531,31.3480442379,380.018020387,0.0,249.203635341,299.044362409,8.7616099783,0.0253531847648,8.73625679354
 09/21  19:00:00,1167.89638554,30.3148174886,363.734988478,0.0,249.203635341,299.044362409,11.6143709843,7.24365933656,4.3707116477
 09/21  20:00:00,1026.04620264,30.3148174886,345.756083659,0.0,149.522181205,249.203635341,37.7723878253,33.3996591254,4.37272869998
 09/21  21:00:00,986.829406904,30.3148174886,330.965545242,0.0,149.522181205,249.203635341,68.0113214745,63.6498228751,4.36149859939
 09/21  22:00:00,349.356577723,0.0,0.0,0.0,49.8407270682,199.362908273,2.18890657207,0.0,2.18890657207
 09/21  23:00:00,299.991818296,0.0,0.0,0.0,24.9203635341,199.362908273,0.02,0.0,0.02
 09/21  24:00:00,287.769620536,0.0,0.0,0.0,24.9203635341,199.362908273,2.18889482257,0.0,2.18889482257
 09/22  01:00:00,287.769623682,0.0,0.0,0.0,24.9203635341,199.362908273,2.18888813038,0.0,2.18888813038
 09/22  02:00:00,287.769623847,0.0,0.0,0.0,24.9203635341,199.362908273,2.18888056386,0.0,2.18888056386
 09/22  03:00:00,287.769623881,0.0,0.0,0.0,24.9203635341,199.362908273,2.18887319566,0.0,2.18887319566
 09/22  04:00:00,299.99182158,0.0,0.0,0.0,24.9203635341,199.362908273,2.18886597198,0.0,2.18886597198
 09/22  05:00:00,349.357872547,0.0,0.0,0.0,49.8407270682,199.362908273,2.1907152197,0.0,2.1907152197
 09/22  06:00:00,843.202585707,32.465229462,310.159413674,0.0,49.8407270682,199.362908273,212.927614347,210.737504602,2.19010974579
 09/22  07:00:00,890.066117363,30.3148174886,269.915476198,0.0,149.522181205,199.362908273,205.559673995,199.00706463,6.55260936502
 09/22  08:00:00,1440.21255279,30.31679797,288.386150527,0.0,448.566543614,448.566543614,56.5882716522,45.6259223335,10.9623493187
 09/22  09:00:00,1438.14387473,30.7418374,323.259518627,0.0,448.566543614,448.566543614,39.4331408516,26.2721374305,13.1610034212
 09/22  10:00:00,1425.93693486,32.0224495249,359.883994761,0.0,448.566543614,448.566543614,25.9957063541,12.8338280406,13.1618783135
 09/22  11:00:00,1468.9413307,34.4818305261,400.057028487,0.0,448.566543614,448.566543614,18.6506575093,3.25665969873,15.3939978106
 09/22  12:00:00,1453.25594985,34.533351334,432.559522163,0.0,448.566543614,398.725816546,19.428838937,1.78485755425,17.6439813827
 09/22  13:00:00,1531.25489595,39.7245837831,455.528891498,0.0,448.566543614,448.566543614,17.909511895,0.282793031656,17.6267188633
 09/22  14:00:00,1531.39347465,41.4849084285,453.915966624,0.0,448.566543614,448.566543614,10.9562231446,0.0,10.9562231446
 09/22  15:00:00,1530.27503251,41.7447031554,452.538161577,0.0,448.566543614,448.566543614,10.9545413424,0.0,10.9545413424
 09/22  16:00:00,1577.45675879,42.7371212307,449.833936207,0.0,448.566543614,448.566543614,13.1856787497,0.0,13.1856787497
 09/22  17:00:00,1472.09344346,37.8431256365,462.22796383,0.0,348.885089477,398.725816546,8.74974686572,0.0,8.74974686572
 09/22  18:00:00,1272.89741428,32.8099450185,467.430175341,0.0,249.203635341,299.044362409,8.7360756713,0.0,8.7360756713
 09/22  19:00:00,1244.8302017,30.5184559014,440.47043284,0.0,249.203635341,299.044362409,4.37018657639,0.0,4.37018657639
 09/22  20:00:00,1090.47631792,30.3148174886,410.505027064,0.0,149.522181205,249.203635341,12.588187982,6.03915687739,6.54903110459
 09/22  21:00:00,1047.50153454,30.3148174886,393.40249748,0.0,149.522181205,249.203635341,23.0111549036,20.8204447067,2.19071019684
 09/22  22:00:00,349.356580637,0.0,0.0,0.0,49.8407270682,199.362908273,2.18874045787,0.0,2.18874045787
 09/22  23:00:00,299.991821207,0.0,0.0,0.0,24.9203635341,199.362908273,2.18873371826,0.0,2.18873371826
 09/22  24:00:00,287.769623331,0.0,0.0,0.0,24.9203635341,199.362908273,0.02,0.0,0.02
 09/23  01:00:00,237.928899429,0.0,0.0,0.0,24.9203635341,149.522181205,2.18873153357,0.0,2.18873153357
 09/23  02:00:00,237.928899632,0.0,0.0,0.0,24.9203635341,149.522181205,2.18872902226,0.0,2.18872902226
 09/23  03:00:00,237.928899711,0.0,0.0,0.0,24.9203635341,149.522181205,2.18872671984,0.0,2.18872671984
 09/23  04:00:00,250.151097465,0.0,0.0,0.0,24.9203635341,149.522181205,2.1887245678,0.0,2.1887245678
 09/23  05:00:00,274.596786495,0.0,0.0,0.0,24.9203635341,149.522181205,2.19083536846,0.0,2.19083536846
 09/23  06:00:00,897.718962656,32.4965320813,366.261021405,0.0,49.8407270682,199.362908273,99.4253223787,97.235089505,2.19023287368
 09/23  07:00:00,854.088431585,30.3148174886,339.26640219,0.0,49.8407270682,199.362908273,130.366893634,126.001693136,4.3652004976
 09/23  08:00:00,1090.46187419,30.3148174886,342.827273041,0.0,249.203635341,249.203635341,59.7600188931,55.3897667764,4.37025211671
 09/23  09:00:00,1075.61928766,30.3148174886,363.974590295,0.0,249.203635341,249.203635341,39.7380707928,31.0015301944,8.73654059844
 09/23  10:00:00,1060.0932141,30.3252683187,394.256198877,0.0,249.203635341,249.203635341,24.7244554365,20.3481812394,4.3762741971
 09/23  11:00:00,1095.84685913,31.3722597403,427.239503094,0.0,249.203635341,249.203635341,18.7209317616,9.97945510638,8.74147665524
 09/23  12:00:00,1126.57146209,32.3928832285,456.916395349,0.0,249.203635341,249.203635341,8.50908824488,1.95283093821,6.55625730667
 09/23  13:00:00,1146.03457475,34.8264012146,473.947349985,0.0,249.203635341,249.203635341,7.23152931823,0.677366298231,6.55416302
 09/23  14:00:00,891.372189035,35.0708575264,468.245923121,0.0,74.7610906023,174.442544739,4.97400914433,0.60347557278,4.37053357155
 09/23  15:00:00,898.318960082,34.1222863276,476.142565828,0.0,74.7610906023,174.442544739,4.36740778553,0.0,4.36740778553
 09/23  16:00:00,956.380000157,32.5917769885,486.844893107,0.0,74.7610906023,174.442544739,4.36896901981,0.0,4.36896901981
 09/23  17:00:00,922.976058489,31.0741914871,493.056053256,0.0,24.9203635341,149.522181205,4.36013029351,0.0,4.36013029351
 09/23  18:00:00,709.173566305,19.2194055915,325.691674664,0.0,24.9203635341,149.522181205,2.19022849277,0.0,2.19022849277
 09/23  19:00:00,509.428113824,9.68974861108,159.509037221,0.0,24.9203635341,149.522181205,2.19022231046,0.0,2.19022231046
 09/23  20:00:00,323.485146504,0.0,0.0,0.0,24.9203635341,149.522181205,2.19014841395,0.0,2.19014841395
 09/23  21:00:00,299.041614091,0.0,0.0,0.0,24.9203635341,149.522181205,2.19156701289,0.0,2.19156701289
 09/23  22:00:00,274.59549271,0.0,0.0,0.0,24.9203635341,149.522181205,2.18886648696,0.0,2.18886648696
 09/23  23:00:00,250.151097349,0.0,0.0,0.0,24.9203635341,149.522181205,2.18886459069,0.0,2.18886459069
 09/23  24:00:00,237.928899679,0.0,0.0,0.0,24.9203635341,149.522181205,2.18886269069,0.0,2.18886269069
 09/24  01:00:00,237.928470778,0.0,0.0,0.0,24.9203635341,149.522181205,2.18828555777,0.0,2.18828555777
 09/24  02:00:00,237.928469938,0.0,0.0,0.0,24.9203635341,149.522181205,0.02,0.0,0.02
 09/24  03:00:00,237.928470276,0.0,0.0,0.0,24.9203635341,149.522181205,2.18819352769,0.0,2.18819352769
 09/24  04:00:00,250.150668659,0.0,0.0,0.0,24.9203635341,149.522181205,2.1879139232,0.0,2.1879139232
 09/24  05:00:00,274.59635945,0.0,0.0,0.0,24.9203635341,149.522181205,2.19017207588,0.0,2.19017207588
 09/24  06:00:00,323.483855309,0.0,0.0,0.0,24.9203635341,149.522181205,2.18827914672,0.0,2.18827914672
 09/24  07:00:00,313.753583417,0.0,0.0,0.0,24.9203635341,149.522181205,0.02,0.0,0.02
 09/24  08:00:00,403.528937379,4.6290000695,78.9266542762,0.0,24.9203635341,149.522181205,2.18825754989,0.0,2.18825754989
 09/24  09:00:00,739.557560799,23.2596191578,360.045658073,0.0,24.9203635341,149.522181205,2.1883044424,0.0,2.1883044424
 09/24  10:00:00,650.650930008,20.1799553753,326.035863131,0.0,24.9203635341,149.522181205,2.18829605693,0.0,2.18829605693
 09/24  11:00:00,727.00756512,23.0995275272,396.637494859,0.0,24.9203635341,149.522181205,2.18957817,0.0,2.18957817
 09/24  12:00:00,700.624732468,20.4176680344,375.346416969,0.0,24.9203635341,149.522181205,2.18958928658,0.0,2.18958928658
 09/24  13:00:00,756.288834866,24.3653615186,424.139701492,0.0,24.9203635341,149.522181205,2.19160824634,0.0,2.19160824634
 09/24  14:00:00,703.99758304,21.8212732247,377.330265665,0.0,24.9203635341,149.522181205,2.18962308972,0.0,2.18962308972
 09/24  15:00:00,751.951569621,25.014701632,419.286525221,0.0,24.9203635341,149.522181205,2.18827766619,0.0,2.18827766619
 09/24  16:00:00,748.3222991,20.8786921675,373.756923503,0.0,24.9203635341,149.522181205,0.02,0.0,0.02
 09/24  17:00:00,823.80535458,23.572931068,407.457450183,0.0,24.9203635341,149.522181205,2.1878583848,0.0,2.1878583848
 09/24  18:00:00,684.218325943,15.2917647735,283.837155325,0.0,24.9203635341,149.522181205,2.1883024311,0.0,2.1883024311
 09/24  19:00:00,575.080857247,12.1332484571,208.736237855,0.0,24.9203635341,149.522181205,2.18825240553,0.0,2.18825240553
 09/24  20:00:00,323.483854413,0.0,0.0,0.0,24.9203635341,149.522181205,0.02,0.0,0.02
 09/24  21:00:00,299.040755477,0.0,0.0,0.0,24.9203635341,149.522181205,2.19027206562,0.0,2.19027206562
 09/24  22:00:00,274.595063675,0.0,0.0,0.0,24.9203635341,149.522181205,2.18822308669,0.0,2.18822308669
 09/24  23:00:00,250.150668659,0.0,0.0,0.0,24.9203635341,149.522181205,2.18813189794,0.0,2.18813189794
 09/24  24:00:00,237.92847042,0.0,0.0,0.0,24.9203635341,149.522181205,2.18824808162,0.0,2.18824808162
 09/25  01:00:00,287.769632016,0.0,0.0,0.0,24.9203635341,199.362908273,0.02,0.0,0.02
 09/25  02:00:00,287.76963212,0.0,0.0,0.0,24.9203635341,199.362908273,2.1888772687,0.0,2.1888772687
 09/25  03:00:00,287.769632373,0.0,0.0,0.0,24.9203635341,199.362908273,2.18888493941,0.0,2.18888493941
 09/25  04:00:00,299.99183032,0.0,0.0,0.0,24.9203635341,199.362908273,2.18889276381,0.0,2.18889276381
 09/25  05:00:00,349.357886796,0.0,0.0,0.0,49.8407270682,199.362908273,2.19089812401,0.0,2.19089812401
 09/25  06:00:00,950.06056291,31.7531584211,417.916514847,0.0,49.8407270682,199.362908273,43.3718413404,41.18156074,2.19028060038
 09/25  07:00:00,1012.63842134,30.3148174886,394.871375866,0.0,149.522181205,199.362908273,59.8680552019,53.3133827538,6.55467244807
 09/25  08:00:00,1544.73466126,30.3655747995,393.793388058,0.0,448.566543614,448.566543614,19.5486424041,6.39707655685,13.1515658472
 09/25  09:00:00,1541.86479714,31.68655776,425.294599375,0.0,448.566543614,448.566543614,11.5949269572,0.624452989406,10.9704739678
 09/25  10:00:00,1527.51751902,34.3031696397,457.219511318,0.0,448.566543614,448.566543614,13.2013158722,0.032866052859,13.1684498194
 09/25  11:00:00,1533.77297524,36.6376053866,461.137091821,0.0,448.566543614,448.566543614,15.3943183089,0.0,15.3943183089
 09/25  12:00:00,1480.46431055,36.9235908629,457.378838281,0.0,448.566543614,398.725816546,19.8498880795,0.0,19.8498880795
 09/25  13:00:00,1522.49019838,41.2210295131,445.267859812,0.0,448.566543614,448.566543614,17.629751274,0.0,17.629751274
 09/25  14:00:00,1517.25616303,43.1118117475,438.151695469,0.0,448.566543614,448.566543614,10.9580368465,0.0,10.9580368465
 09/25  15:00:00,1514.93795691,45.1216102863,433.824122073,0.0,448.566543614,448.566543614,10.9551775926,0.0,10.9551775926
 09/25  16:00:00,1562.69983016,48.2472524972,429.566802461,0.0,448.566543614,448.566543614,13.1856757354,0.0,13.1856757354
 09/25  17:00:00,1458.21284871,41.0380457887,445.152400481,0.0,348.885089477,398.725816546,8.74966116953,0.0,8.74966116953
 09/25  18:00:00,1273.81595024,34.4171525529,466.741466375,0.0,249.203635341,299.044362409,8.73707729113,0.0,8.73707729113
 09/25  19:00:00,1297.66534367,31.2964868879,483.983850382,0.0,249.203635341,299.044362409,4.3709206482,0.0,4.3709206482
 09/25  20:00:00,1170.80548197,30.3702746321,490.484184741,0.0,149.522181205,249.203635341,6.54925819411,0.0,6.54925819411
 09/25  21:00:00,1135.09826467,30.3148174886,479.278624204,0.0,149.522181205,249.203635341,5.06408720538,2.87332515536,2.19076205001
 09/25  22:00:00,349.356589281,0.0,0.0,0.0,49.8407270682,199.362908273,2.18878798202,0.0,2.18878798202
 09/25  23:00:00,299.991829891,0.0,0.0,0.0,24.9203635341,199.362908273,2.1887963224,0.0,2.1887963224
 09/25  24:00:00,287.769631998,0.0,0.0,0.0,24.9203635341,199.362908273,0.02,0.0,0.02
 09/26  01:00:00,287.769635207,0.0,0.0,0.0,24.9203635341,199.362908273,2.1888094221,0.0,2.1888094221
 09/26  02:00:00,287.769635407,0.0,0.0,0.0,24.9203635341,199.362908273,2.18882219224,0.0,2.18882219224
 09/26  03:00:00,287.769635506,0.0,0.0,0.0,24.9203635341,199.362908273,2.18883516513,0.0,2.18883516513
 09/26  04:00:00,299.991833304,0.0,0.0,0.0,24.9203635341,199.362908273,2.188848279,0.0,2.188848279
 09/26  05:00:00,349.357891401,0.0,0.0,0.0,49.8407270682,199.362908273,2.19061310594,0.0,2.19061310594
 09/26  06:00:00,989.647649576,34.0675012562,455.130028236,0.0,49.8407270682,199.362908273,37.4233179745,35.2330818489,2.19023612556
 09/26  07:00:00,1060.53009474,30.3148174886,439.798428192,0.0,149.522181205,199.362908273,56.0456219501,49.491687265,6.55393468508
 09/26  08:00:00,1596.13763923,30.9941341939,443.59317966,0.0,448.566543614,448.566543614,15.6654727144,2.51579703125,13.1496756832
 09/26  09:00:00,1563.07227868,32.4417116824,445.746569033,0.0,448.566543614,448.566543614,12.0680471349,1.09351789368,10.9745292412
 09/26  10:00:00,1478.73749557,32.985304547,409.756556559,0.0,448.566543614,448.566543614,14.2654224617,1.09763945735,13.1677830043
 09/26  11:00:00,1450.34056925,33.4848443016,380.856889942,0.0,448.566543614,448.566543614,16.1196472476,0.723543552011,15.3961036956
 09/26  12:00:00,1397.73700057,31.4609785957,380.113793165,0.0,448.566543614,398.725816546,20.2822709967,0.431661852057,19.8506091446
 09/26  13:00:00,1470.34038072,36.368592754,397.985522719,0.0,448.566543614,448.566543614,17.6302530008,0.0,17.6302530008
 09/26  14:00:00,1485.21036704,36.554698651,412.662992295,0.0,448.566543614,448.566543614,10.9583187824,0.0,10.9583187824
 09/26  15:00:00,1493.71233793,39.4318051786,418.304127043,0.0,448.566543614,448.566543614,10.9555851122,0.0,10.9555851122
 09/26  16:00:00,1542.07495741,38.3171508203,419.476400062,0.0,448.566543614,448.566543614,13.1865400436,0.0,13.1865400436
 09/26  17:00:00,1410.46097872,33.0763609891,405.776033612,0.0,348.885089477,398.725816546,8.75017987086,0.0,8.75017987086
 09/26  18:00:00,1195.89918901,30.3148174886,392.927001452,0.0,249.203635341,299.044362409,8.7730076224,0.0363207323407,8.73668689006
 09/26  19:00:00,1192.73861968,30.3148174886,380.033685443,0.0,249.203635341,299.044362409,11.3966659371,7.02615177795,4.37051415919
 09/26  20:00:00,1043.11103012,30.3148174886,362.817430588,0.0,149.522181205,249.203635341,44.7703940777,38.2206413713,6.54975270631
 09/26  21:00:00,1003.26657862,30.3148174886,347.409333476,0.0,149.522181205,249.203635341,56.8731120311,54.6821946308,2.19091740024
 09/26  22:00:00,349.356592392,0.0,0.0,0.0,49.8407270682,199.362908273,2.18894126229,0.0,2.18894126229
 09/26  23:00:00,299.991833097,0.0,0.0,0.0,24.9203635341,199.362908273,2.18895465575,0.0,2.18895465575
 09/26  24:00:00,287.769635036,0.0,0.0,0.0,24.9203635341,199.362908273,0.02,0.0,0.02
 09/27  01:00:00,287.769638082,0.0,0.0,0.0,24.9203635341,199.362908273,2.18897287292,0.0,2.18897287292
 09/27  02:00:00,287.76963835,0.0,0.0,0.0,24.9203635341,199.362908273,2.18899075747,0.0,2.18899075747
 09/27  03:00:00,287.769638507,0.0,0.0,0.0,24.9203635341,199.362908273,2.18875610348,0.0,2.18875610348
 09/27  04:00:00,299.991836345,0.0,0.0,0.0,24.9203635341,199.362908273,2.18877460546,0.0,2.18877460546
 09/27  05:00:00,349.357896068,0.0,0.0,0.0,49.8407270682,199.362908273,2.1908044267,0.0,2.1908044267
 09/27  06:00:00,873.74273436,33.8070495082,339.431892556,0.0,49.8407270682,199.362908273,111.433031044,109.242770097,2.19026094656
 09/27  07:00:00,952.79626843,30.3148174886,323.467105109,0.0,149.522181205,199.362908273,130.276246232,123.721603913,6.5546423192
 09/27  08:00:00,1472.7570043,30.4612999184,320.94699828,0.0,448.566543614,448.566543614,70.2320770796,57.0814407467,13.1506363328
 09/27  09:00:00,1437.70891776,31.5069969685,323.322965999,0.0,448.566543614,448.566543614,55.2346840915,44.2646561992,10.9700278923
 09/27  10:00:00,1388.9230584,32.1820422476,323.868900721,0.0,448.566543614,448.566543614,50.9961234463,37.8260263812,13.1700970651
 09/27  11:00:00,1388.77377201,32.629808817,323.569641787,0.0,448.566543614,448.566543614,49.9024414167,34.5054518323,15.3969895844
 09/27  12:00:00,1340.05646325,30.5443253493,326.119331922,0.0,448.566543614,398.725816546,48.9903154376,29.1377113089,19.8526041287
 09/27  13:00:00,1404.26126125,33.3862094274,336.171680844,0.0,448.566543614,448.566543614,21.748793412,4.11900565674,17.6297877553
 09/27  14:00:00,1411.45259142,33.9784773823,342.142632258,0.0,448.566543614,448.566543614,12.307849042,1.34966214797,10.958186894
 09/27  15:00:00,1407.27351336,34.4708138559,336.809970098,0.0,448.566543614,448.566543614,11.5972038137,0.641751916905,10.9554518968
 09/27  16:00:00,1454.7944995,34.4869572473,335.419479147,0.0,448.566543614,448.566543614,18.4633865698,3.08063208655,15.3827544833
 09/27  17:00:00,1338.21112985,31.4663719979,334.70498277,0.0,348.885089477,398.725816546,32.6960132822,23.9458215012,8.75019178094
 09/27  18:00:00,1133.65962141,30.3148174886,330.644136483,0.0,249.203635341,299.044362409,66.3626003182,59.8044635292,6.55813678899
 09/27  19:00:00,1143.04687945,30.3148174886,330.292408234,0.0,249.203635341,299.044362409,79.8244587504,75.4534003598,4.37105839065
 09/27  20:00:00,1009.39818295,30.3148174886,329.059443676,0.0,149.522181205,249.203635341,107.233598458,100.683495961,6.55010249686
 09/27  21:00:00,982.807005277,30.3148174886,326.907805686,0.0,149.522181205,249.203635341,114.995896595,112.805123484,2.19077311155
 09/27  22:00:00,349.356595253,0.0,0.0,0.0,49.8407270682,199.362908273,2.18893266228,0.0,2.18893266228
 09/27  23:00:00,299.991836201,0.0,0.0,0.0,24.9203635341,199.362908273,2.18882413211,0.0,2.18882413211
 09/27  24:00:00,287.769638407,0.0,0.0,0.0,24.9203635341,199.362908273,2.18884294627,0.0,2.18884294627
 09/28  01:00:00,287.76964139,0.0,0.0,0.0,24.9203635341,199.362908273,2.18886924779,0.0,2.18886924779
 09/28  02:00:00,287.769641179,0.0,0.0,0.0,24.9203635341,199.362908273,2.18889275529,0.0,2.18889275529
 09/28  03:00:00,287.769641038,0.0,0.0,0.0,24.9203635341,199.362908273,0.02,0.0,0.02
 09/28  04:00:00,299.991838931,0.0,0.0,0.0,24.9203635341,199.362908273,2.18891642157,0.0,2.18891642157
 09/28  05:00:00,349.357901848,0.0,0.0,0.0,49.8407270682,199.362908273,4.36156318668,0.0,4.36156318668
 09/28  06:00:00,850.495141245,32.5949357976,317.305692281,0.0,49.8407270682,199.362908273,236.830217191,234.640022319,2.19019487142
 09/28  07:00:00,920.271011556,30.3148174886,293.1475055,0.0,149.522181205,199.362908273,244.017484761,237.463394006,6.55409075514
 09/28  08:00:00,1444.92225416,30.3148174886,295.419334398,0.0,448.566543614,448.566543614,123.060859837,112.097291256,10.9635685809
 09/28  09:00:00,1415.37192829,30.3565737217,303.730825661,0.0,448.566543614,448.566543614,110.548596707,97.3862869699,13.1623097369
 09/28  10:00:00,1370.82007135,30.4542033168,309.027300183,0.0,448.566543614,448.566543614,98.2524901699,85.0879685116,13.1645216583
 09/28  11:00:00,1380.41143544,30.7586398452,318.998339467,0.0,448.566543614,448.566543614,87.3780913607,71.9806825957,15.3974087649
 09/28  12:00:00,1335.7405527,30.3148174886,324.869893154,0.0,448.566543614,398.725816546,91.0392776782,73.3920484979,17.6472291803
 09/28  13:00:00,1395.20458247,31.320568671,332.855526154,0.0,448.566543614,448.566543614,62.5913232794,44.9578535872,17.6334696922
 09/28  14:00:00,1396.91486862,31.9955975977,333.034694814,0.0,448.566543614,448.566543614,35.2234169767,22.0759650415,13.1474519352
 09/28  15:00:00,1394.80077394,32.4034589963,329.560075093,0.0,448.566543614,448.566543614,42.4284878897,31.472075827,10.9564120626
 09/28  16:00:00,1451.6736547,32.6548731076,337.543690515,0.0,448.566543614,448.566543614,39.4788825502,26.2924805353,13.1864020149
 09/28  17:00:00,1339.76120198,30.3750397161,341.307871816,0.0,348.885089477,398.725816546,55.5708088936,46.8207746037,8.75003428987
 09/28  18:00:00,1138.62214219,30.3148174886,340.092344231,0.0,249.203635341,299.044362409,90.0080064163,81.2704046964,8.73760171989
 09/28  19:00:00,1137.44174154,30.3148174886,329.425211115,0.0,249.203635341,299.044362409,108.931156442,104.560652433,4.37050400952
 09/28  20:00:00,994.994253081,30.3148174886,318.750285815,0.0,149.522181205,249.203635341,145.967515748,139.417662096,6.54985365144
 09/28  21:00:00,973.223128719,30.3148174886,320.865699523,0.0,149.522181205,249.203635341,168.185411458,165.994477102,2.19093435644
 09/28  22:00:00,349.356598421,0.0,0.0,0.0,49.8407270682,199.362908273,2.18895520951,0.0,2.18895520951
 09/28  23:00:00,299.991839151,0.0,0.0,0.0,24.9203635341,199.362908273,2.18897927614,0.0,2.18897927614
 09/28  24:00:00,287.769641112,0.0,0.0,0.0,24.9203635341,199.362908273,0.02,0.0,0.02
 09/29  01:00:00,287.76964421,0.0,0.0,0.0,24.9203635341,199.362908273,2.18900828662,0.0,2.18900828662
 09/29  02:00:00,287.769644442,0.0,0.0,0.0,24.9203635341,199.362908273,2.1887826961,0.0,2.1887826961
 09/29  03:00:00,287.769644562,0.0,0.0,0.0,24.9203635341,199.362908273,2.18881186655,0.0,2.18881186655
 09/29  04:00:00,299.991842417,0.0,0.0,0.0,24.9203635341,199.362908273,2.1888411631,0.0,2.1888411631
 09/29  05:00:00,349.357905958,0.0,0.0,0.0,49.8407270682,199.362908273,2.19089643369,0.0,2.19089643369
 09/29  06:00:00,813.262725801,31.632887802,280.920189227,0.0,49.8407270682,199.362908273,393.384640268,391.194280229,2.19036003877
 09/29  07:00:00,762.929953085,30.3148174886,135.354126662,0.0,149.522181205,199.362908273,359.342565246,352.787380938,6.55518430813
 09/29  08:00:00,1282.01862777,30.3148174886,130.074726828,0.0,448.566543614,448.566543614,122.894846846,109.740703777,13.1541430695
 09/29  09:00:00,1343.45550909,30.3550739292,228.174241527,0.0,448.566543614,448.566543614,71.66034074,58.4989145962,13.1614261438
 09/29  10:00:00,1353.59172607,30.661207254,286.905223399,0.0,448.566543614,448.566543614,52.3980851675,41.4219204818,10.9761646857
 09/29  11:00:00,1371.37647606,31.8558452718,303.499735277,0.0,448.566543614,448.566543614,48.2847886831,30.6879812911,17.5968073919
 09/29  12:00:00,1332.94576949,33.5901632104,313.171109972,0.0,448.566543614,398.725816546,48.3222700397,30.6708268141,17.6514432256
 09/29  13:00:00,1393.63810906,36.3228654652,321.302337865,0.0,448.566543614,448.566543614,33.2779592753,15.6453760039,17.6325832714
 09/29  14:00:00,1404.78917299,37.9309671256,330.86062671,0.0,448.566543614,448.566543614,17.5602474556,6.60130108713,10.9589463685
 09/29  15:00:00,1416.59353187,37.97776968,342.623430581,0.0,448.566543614,448.566543614,13.1823078608,0.0366721123498,13.1456357485
 09/29  16:00:00,1475.28573055,37.2785620349,353.121291993,0.0,448.566543614,448.566543614,13.1864949531,0.0,13.1864949531
 09/29  17:00:00,1353.72868616,32.9242615118,348.781919509,0.0,348.885089477,398.725816546,8.79981322823,0.050398886869,8.74941434136
 09/29  18:00:00,1141.99179151,30.5578246708,338.772060461,0.0,249.203635341,299.044362409,12.7361126584,6.17785364465,6.55825901373
 09/29  19:00:00,1144.72162734,30.3148174886,323.461017688,0.0,249.203635341,299.044362409,29.8649662653,23.3179966477,6.54696961766
 09/29  20:00:00,983.765972541,30.3148174886,303.450780427,0.0,149.522181205,249.203635341,71.7084808526,67.33528032,4.37320053258
 09/29  21:00:00,949.05314669,30.3148174886,293.1600396,0.0,149.522181205,249.203635341,107.566492204,103.204651804,4.36184040032
 09/29  22:00:00,349.356601394,0.0,0.0,0.0,49.8407270682,199.362908273,2.18883575502,0.0,2.18883575502
 09/29  23:00:00,299.991842034,0.0,0.0,0.0,24.9203635341,199.362908273,2.18886545403,0.0,2.18886545403
 09/29  24:00:00,287.769644134,0.0,0.0,0.0,24.9203635341,199.362908273,0.02,0.0,0.02
 09/30  01:00:00,237.928920332,0.0,0.0,0.0,24.9203635341,149.522181205,2.18890014629,0.0,2.18890014629
 09/30  02:00:00,237.928920527,0.0,0.0,0.0,24.9203635341,149.522181205,2.18893450282,0.0,2.18893450282
 09/30  03:00:00,237.928920656,0.0,0.0,0.0,24.9203635341,149.522181205,2.18896904361,0.0,2.18896904361
 09/30  04:00:00,250.151118518,0.0,0.0,0.0,24.9203635341,149.522181205,2.18900370378,0.0,2.18900370378
 09/30  05:00:00,274.596820247,0.0,0.0,0.0,24.9203635341,149.522181205,2.19081644115,0.0,2.19081644115
 09/30  06:00:00,809.280963366,31.3370866922,281.272321247,0.0,49.8407270682,199.362908273,280.051667706,277.861385195,2.19028251093
 09/30  07:00:00,703.103235075,30.3148174886,184.574495342,0.0,49.8407270682,199.362908273,289.132122039,284.766419398,4.36570264046
 09/30  08:00:00,914.618309677,30.3148174886,172.494272781,0.0,249.203635341,249.203635341,142.034110574,135.48764908,6.54646149415
 09/30  09:00:00,967.758716204,30.3167822382,261.359391674,0.0,249.203635341,249.203635341,90.8341979413,84.2760923301,6.55810561119
 09/30  10:00:00,963.605412606,30.3160532228,297.492500477,0.0,249.203635341,249.203635341,62.4432503455,55.888545553,6.55470479247
 09/30  11:00:00,985.210577979,30.9723277259,316.943490781,0.0,249.203635341,249.203635341,50.9816018019,44.419380935,6.56222086691
 09/30  12:00:00,1013.78499377,33.1401304984,343.357428813,0.0,249.203635341,249.203635341,44.9662492021,36.2306120102,8.73563719191
 09/30  13:00:00,1039.26657358,34.8547226214,367.129787621,0.0,249.203635341,249.203635341,36.067408822,29.5144203824,6.55298843958
 09/30  14:00:00,800.439487465,34.507419554,377.848212506,0.0,74.7610906023,174.442544739,43.6744299376,39.303201165,4.37122877251
 09/30  15:00:00,805.197048906,33.6244320711,383.505967965,0.0,74.7610906023,174.442544739,21.4013572091,17.0330356812,4.36832152789
 09/30  16:00:00,856.703501829,31.8838500386,387.860994681,0.0,74.7610906023,174.442544739,25.2008340364,20.8309701305,4.3698639059
 09/30  17:00:00,815.34279377,30.4152543327,386.05582568,0.0,24.9203635341,149.522181205,37.4964528722,35.3062630795,2.1901897927
 09/30  18:00:00,522.72410262,12.7827529675,167.861212576,0.0,24.9203635341,149.522181205,4.36065650103,0.0,4.36065650103
 09/30  19:00:00,314.941509723,0.0,0.0,0.0,24.9203635341,149.522181205,2.19008388599,0.0,2.19008388599
 09/30  20:00:00,323.485176151,0.0,0.0,0.0,24.9203635341,149.522181205,2.18991827564,0.0,2.18991827564
 09/30  21:00:00,299.041651277,0.0,0.0,0.0,24.9203635341,149.522181205,2.19154111543,0.0,2.19154111543
 09/30  22:00:00,274.595513882,0.0,0.0,0.0,24.9203635341,149.522181205,2.18881413236,0.0,2.18881413236
 09/30  23:00:00,250.151118391,0.0,0.0,0.0,24.9203635341,149.522181205,2.18884943794,0.0,2.18884943794
 09/30  24:00:00,237.928920649,0.0,0.0,0.0,24.9203635341,149.522181205,2.18888468426,0.0,2.18888468426
 10/01  01:00:00,237.928487714,0.0,0.0,0.0,24.9203635341,149.522181205,2.18833013913,0.0,2.18833013913
 10/01  02:00:00,237.928486981,0.0,0.0,0.0,24.9203635341,149.522181205,0.02,0.0,0.02
 10/01  03:00:00,237.928487253,0.0,0.0,0.0,24.9203635341,149.522181205,2.18827235205,0.0,2.18827235205
 10/01  04:00:00,250.150685588,0.0,0.0,0.0,24.9203635341,149.522181205,2.18821481991,0.0,2.18821481991
 10/01  05:00:00,274.596389329,0.0,0.0,0.0,24.9203635341,149.522181205,2.19037444721,0.0,2.19037444721
 10/01  06:00:00,323.483872339,0.0,0.0,0.0,24.9203635341,149.522181205,2.18826013822,0.0,2.18826013822
 10/01  07:00:00,322.2972674,0.0,0.0,0.0,24.9203635341,149.522181205,2.1882030415,0.0,2.1882030415
 10/01  08:00:00,296.666267238,0.0,0.0,0.0,24.9203635341,149.522181205,0.02,0.0,0.02
 10/01  09:00:00,259.999674519,0.0,0.0,0.0,24.9203635341,149.522181205,2.18835765296,0.0,2.18835765296
 10/01  10:00:00,211.110883268,0.0,0.0,0.0,24.9203635341,149.522181205,2.18830125808,0.0,2.18830125808
 10/01  11:00:00,370.840461009,8.05939429711,118.47004937,0.0,24.9203635341,149.522181205,2.18971042963,0.0,2.18971042963
 10/01  12:00:00,530.493706076,15.0444802063,234.830602564,0.0,24.9203635341,149.522181205,2.18972934349,0.0,2.18972934349
 10/01  13:00:00,688.05567773,24.1050731379,354.774081369,0.0,24.9203635341,149.522181205,2.1917634618,0.0,2.1917634618
 10/01  14:00:00,640.27264063,19.9716158151,315.342162618,0.0,24.9203635341,149.522181205,2.18969415173,0.0,2.18969415173
 10/01  15:00:00,691.133198559,24.1775833712,358.399554384,0.0,24.9203635341,149.522181205,2.18834961424,0.0,2.18834961424
 10/01  16:00:00,676.268219289,19.1402829856,304.409055692,0.0,24.9203635341,149.522181205,2.18796942093,0.0,2.18796942093
 10/01  17:00:00,555.780282997,12.1332484571,198.162501013,0.0,24.9203635341,149.522181205,0.02,0.0,0.02
 10/01  18:00:00,296.666267464,0.0,0.0,0.0,24.9203635341,149.522181205,2.18827740688,0.0,2.18827740688
 10/01  19:00:00,314.940205749,0.0,0.0,0.0,24.9203635341,149.522181205,2.18832695339,0.0,2.18832695339
 10/01  20:00:00,323.483872165,0.0,0.0,0.0,24.9203635341,149.522181205,2.1879712933,0.0,2.1879712933
 10/01  21:00:00,299.040784891,0.0,0.0,0.0,24.9203635341,149.522181205,2.19024573064,0.0,2.19024573064
 10/01  22:00:00,274.595080537,0.0,0.0,0.0,24.9203635341,149.522181205,2.1882098165,0.0,2.1882098165
 10/01  23:00:00,250.150684765,0.0,0.0,0.0,24.9203635341,149.522181205,0.02,0.0,0.02
 10/01  24:00:00,237.928487684,0.0,0.0,0.0,24.9203635341,149.522181205,2.18836460592,0.0,2.18836460592
 10/02  01:00:00,287.769654028,0.0,0.0,0.0,24.9203635341,199.362908273,2.18891298423,0.0,2.18891298423
 10/02  02:00:00,287.769653949,0.0,0.0,0.0,24.9203635341,199.362908273,2.18895876968,0.0,2.18895876968
 10/02  03:00:00,287.769653817,0.0,0.0,0.0,24.9203635341,199.362908273,2.18900469367,0.0,2.18900469367
 10/02  04:00:00,299.991851451,0.0,0.0,0.0,24.9203635341,199.362908273,0.02,0.0,0.02
 10/02  05:00:00,349.357921358,0.0,0.0,0.0,49.8407270682,199.362908273,4.36198503607,0.0,4.36198503607
 10/02  06:00:00,921.201022742,30.9626239926,391.734503633,0.0,49.8407270682,199.362908273,143.699467382,141.509186743,2.1902806389
 10/02  07:00:00,999.258507772,30.3148174886,376.299400819,0.0,149.522181205,199.362908273,160.467292666,153.914062225,6.55323044168
 10/02  08:00:00,1523.47765089,30.3148174886,375.564975086,0.0,448.566543614,448.566543614,78.7068761036,67.7443973771,10.9624787265
 10/02  09:00:00,1495.38119204,30.3148174886,381.61098013,0.0,448.566543614,448.566543614,67.9139437981,54.7453949094,13.1685488887
 10/02  10:00:00,1452.38743381,30.3148174886,386.414255764,0.0,448.566543614,448.566543614,53.3186070577,40.1469531824,13.1716538753
 10/02  11:00:00,1462.40813266,30.3148174886,396.085428044,0.0,448.566543614,448.566543614,28.2645455005,12.8636095638,15.4009359367
 10/02  12:00:00,1423.34121078,30.3148174886,406.840534009,0.0,448.566543614,398.725816546,52.3369697468,32.4786056651,19.8583640817
 10/02  13:00:00,1482.2872869,30.3148174886,415.958615575,0.0,448.566543614,448.566543614,34.4891982856,16.8531697304,17.6360285552
 10/02  14:00:00,1496.51939738,30.9706823577,429.554519326,0.0,448.566543614,448.566543614,15.050805134,1.90294501227,13.1478601217
 10/02  15:00:00,1512.54620918,31.2213289114,445.332246667,0.0,448.566543614,448.566543614,11.3235069724,0.366116804764,10.9573901676
 10/02  16:00:00,1570.87849475,31.4160677067,454.576126329,0.0,448.566543614,448.566543614,13.6512597561,0.46218142063,13.1890783355
 10/02  17:00:00,1456.72947442,30.3148174886,454.388696314,0.0,348.885089477,398.725816546,13.469090676,4.71748544503,8.75160523096
 10/02  18:00:00,1255.6988657,30.3148174886,452.709205658,0.0,249.203635341,299.044362409,32.5900148862,23.8525875097,8.7374273765
 10/02  19:00:00,1268.4658952,30.3148174886,447.185720568,0.0,249.203635341,299.044362409,54.526413638,50.155697215,4.37071642298
 10/02  20:00:00,1120.41859728,30.3148174886,440.127486783,0.0,149.522181205,249.203635341,87.3597466376,80.8090645672,6.55068207033
 10/02  21:00:00,1084.41107851,30.3148174886,429.765675269,0.0,149.522181205,249.203635341,96.5279251749,94.3368797624,2.19104541247
 10/02  22:00:00,349.356610915,0.0,0.0,0.0,49.8407270682,199.362908273,2.18868388024,0.0,2.18868388024
 10/02  23:00:00,299.991851745,0.0,0.0,0.0,24.9203635341,199.362908273,2.18898282978,0.0,2.18898282978
 10/02  24:00:00,287.76965395,0.0,0.0,0.0,24.9203635341,199.362908273,2.18902921835,0.0,2.18902921835
 10/03  01:00:00,287.7696571,0.0,0.0,0.0,24.9203635341,199.362908273,2.18882671969,0.0,2.18882671969
 10/03  02:00:00,287.769656828,0.0,0.0,0.0,24.9203635341,199.362908273,2.18887847248,0.0,2.18887847248
 10/03  03:00:00,287.76965678,0.0,0.0,0.0,24.9203635341,199.362908273,0.02,0.0,0.02
 10/03  04:00:00,299.991854691,0.0,0.0,0.0,24.9203635341,199.362908273,2.18893033489,0.0,2.18893033489
 10/03  05:00:00,349.357927023,0.0,0.0,0.0,49.8407270682,199.362908273,4.36174513411,0.0,4.36174513411
 10/03  06:00:00,915.801500326,31.6100750431,383.930898884,0.0,49.8407270682,199.362908273,191.621425724,189.431107179,2.19031854524
 10/03  07:00:00,967.282728922,30.3148174886,344.606007307,0.0,149.522181205,199.362908273,216.839674487,210.284590969,6.55508351792
 10/03  08:00:00,1490.80045321,30.3148174886,344.847752095,0.0,448.566543614,448.566543614,94.1056785381,83.1404329022,10.965245636
 10/03  09:00:00,1489.99266628,30.3148174886,376.288543247,0.0,448.566543614,448.566543614,77.9164704128,64.7489526696,13.1675177432
 10/03  10:00:00,1468.5126583,30.3148174886,402.165827816,0.0,448.566543614,448.566543614,63.9410282905,50.7701170455,13.170911245
 10/03  11:00:00,1483.5265312,30.3148174886,417.183753013,0.0,448.566543614,448.566543614,55.817259906,40.4167250926,15.4005348135
 10/03  12:00:00,1445.77877611,30.3148174886,429.269532489,0.0,448.566543614,398.725816546,64.160590367,44.3020341729,19.8585561941
 10/03  13:00:00,1520.74435367,30.3163339625,454.413316751,0.0,448.566543614,448.566543614,35.6682957119,18.0309325128,17.6373631991
 10/03  14:00:00,1545.06461872,31.0477216994,478.021654817,0.0,448.566543614,448.566543614,16.4661826886,3.31796093549,13.1482217531
 10/03  15:00:00,1552.16823323,31.3776619369,484.79716878,0.0,448.566543614,448.566543614,12.353005732,1.39514311846,10.9578626135
 10/03  16:00:00,1599.26384772,32.2157644679,482.16177184,0.0,448.566543614,448.566543614,13.6284677382,0.438425381974,13.1900423562
 10/03  17:00:00,1480.14812367,30.3942994908,477.730677122,0.0,348.885089477,398.725816546,9.59843808461,0.846253609319,8.75218447529
 10/03  18:00:00,1273.67771782,30.3148174886,470.693060824,0.0,249.203635341,299.044362409,25.7817679985,17.043709919,8.73805807953
 10/03  19:00:00,1277.72409466,30.3148174886,456.456781085,0.0,249.203635341,299.044362409,37.0057251336,32.6343281769,4.37139695665
 10/03  20:00:00,1119.85538163,30.3148174886,439.695527863,0.0,149.522181205,249.203635341,79.2162246587,72.6657979693,6.55042668945
 10/03  21:00:00,1083.32193138,30.3148174886,428.482762361,0.0,149.522181205,249.203635341,89.0094195397,86.8185956905,2.19082384913
 10/03  22:00:00,349.356614028,0.0,0.0,0.0,49.8407270682,199.362908273,2.18897737379,0.0,2.18897737379
 10/03  23:00:00,299.991854936,0.0,0.0,0.0,24.9203635341,199.362908273,2.18889988167,0.0,2.18889988167
 10/03  24:00:00,287.769657146,0.0,0.0,0.0,24.9203635341,199.362908273,2.1889521965,0.0,2.1889521965
 10/04  01:00:00,287.769660386,0.0,0.0,0.0,24.9203635341,199.362908273,2.1890125404,0.0,2.1890125404
 10/04  02:00:00,287.769660318,0.0,0.0,0.0,24.9203635341,199.362908273,2.18906985544,0.0,2.18906985544
 10/04  03:00:00,287.769660075,0.0,0.0,0.0,24.9203635341,199.362908273,2.18886890282,0.0,2.18886890282
 10/04  04:00:00,299.99185784,0.0,0.0,0.0,24.9203635341,199.362908273,0.02,0.0,0.02
 10/04  05:00:00,349.357932021,0.0,0.0,0.0,49.8407270682,199.362908273,4.36177806224,0.0,4.36177806224
 10/04  06:00:00,951.079034444,32.0584842502,418.512801156,0.0,49.8407270682,199.362908273,116.62591143,114.435721446,2.19018998445
 10/04  07:00:00,1021.33735937,30.3148174886,395.16705225,0.0,149.522181205,199.362908273,138.853133138,132.297249533,6.55588360537
 10/04  08:00:00,1535.56400486,30.3148174886,386.247517234,0.0,448.566543614,448.566543614,78.9618576308,67.9971281866,10.9647294441
 10/04  09:00:00,1502.23227233,30.3148174886,387.588496247,0.0,448.566543614,448.566543614,68.432826951,55.2629948494,13.1698321016
 10/04  10:00:00,1456.56459281,30.3148174886,390.225376654,0.0,448.566543614,448.566543614,59.0955299663,45.9220858308,13.1734441355
 10/04  11:00:00,1459.83733132,30.3148174886,393.496877363,0.0,448.566543614,448.566543614,54.9186159587,37.3189756727,17.5996402859
 10/04  12:00:00,1414.17879191,30.3148174886,397.670284612,0.0,448.566543614,398.725816546,61.0523972087,43.395983449,17.6564137597
 10/04  13:00:00,1476.68468036,30.6609520173,410.008501435,0.0,448.566543614,448.566543614,38.6061498848,18.7640306471,19.8421192377
 10/04  14:00:00,1496.03531554,31.2301140823,428.807624356,0.0,448.566543614,448.566543614,17.4853686497,6.52278886368,10.9625797861
 10/04  15:00:00,1510.845259,31.6387254599,443.212599134,0.0,448.566543614,448.566543614,13.0573419543,2.09941584485,10.9579261094
 10/04  16:00:00,1572.54683449,32.4332558081,455.227305315,0.0,448.566543614,448.566543614,15.7302656919,0.341759421543,15.3885062704
 10/04  17:00:00,1460.20430643,30.3421838503,457.835878276,0.0,348.885089477,398.725816546,13.8542611084,5.10111065358,8.75315045486
 10/04  18:00:00,1243.63488519,30.3148174886,440.63780681,0.0,249.203635341,299.044362409,40.7689517814,34.2098395861,6.55911219522
 10/04  19:00:00,1254.95936657,30.3148174886,433.678549783,0.0,249.203635341,299.044362409,57.9081602136,51.3618944572,6.54626575636
 10/04  20:00:00,1112.64263416,30.3148174886,432.512147049,0.0,149.522181205,249.203635341,80.6444358477,76.2701353626,4.37430048517
 10/04  21:00:00,1083.06294374,30.3148174886,428.313598116,0.0,149.522181205,249.203635341,90.5903673883,86.2283313286,4.36203605974
 10/04  22:00:00,349.356616976,0.0,0.0,0.0,49.8407270682,199.362908273,0.02,0.0,0.02
 10/04  23:00:00,299.991857866,0.0,0.0,0.0,24.9203635341,199.362908273,2.18906287124,0.0,2.18906287124
 10/04  24:00:00,287.769660252,0.0,0.0,0.0,24.9203635341,199.362908273,2.18886233299,0.0,2.18886233299
 10/05  01:00:00,287.769663634,0.0,0.0,0.0,24.9203635341,199.362908273,2.18892664657,0.0,2.18892664657
 10/05  02:00:00,287.769663704,0.0,0.0,0.0,24.9203635341,199.362908273,2.18898993688,0.0,2.18898993688
 10/05  03:00:00,287.769663764,0.0,0.0,0.0,24.9203635341,199.362908273,2.18905335491,0.0,2.18905335491
 10/05  04:00:00,299.991861561,0.0,0.0,0.0,24.9203635341,199.362908273,2.18885750741,0.0,2.18885750741
 10/05  05:00:00,349.357936489,0.0,0.0,0.0,49.8407270682,199.362908273,2.19112868263,0.0,2.19112868263
 10/05  06:00:00,951.700526067,32.2142004072,419.008287198,0.0,49.8407270682,199.362908273,104.819374802,102.628979199,2.19039560236
 10/05  07:00:00,1022.50565173,30.3148174886,396.485310252,0.0,149.522181205,199.362908273,120.73261102,114.177088373,6.55552264618
 10/05  08:00:00,1538.29204135,30.3148174886,388.596985091,0.0,448.566543614,448.566543614,57.2396199821,44.0839840811,13.155635901
 10/05  09:00:00,1532.46848997,30.3148174886,417.258328765,0.0,448.566543614,448.566543614,29.6324772967,16.4680973282,13.1643799685
 10/05  10:00:00,1511.05933871,30.3450581293,444.714723803,0.0,448.566543614,448.566543614,19.372777427,6.20452720324,13.1682502237
 10/05  11:00:00,1535.28806029,30.8289453466,468.458953825,0.0,448.566543614,448.566543614,17.5927286422,2.19000848814,15.402720154
 10/05  12:00:00,1498.14804032,30.9965939342,480.988585646,0.0,448.566543614,398.725816546,20.7242388638,0.861731340509,19.8625075233
 10/05  13:00:00,1539.82687455,34.3494660626,469.47576349,0.0,448.566543614,448.566543614,17.6392300674,0.0,17.6392300674
 10/05  14:00:00,1526.05676764,38.4895315817,451.574361938,0.0,448.566543614,448.566543614,10.9603747243,0.0,10.9603747243
 10/05  15:00:00,1519.36941555,39.9392545867,443.437732188,0.0,448.566543614,448.566543614,13.1462209923,0.0,13.1462209923
 10/05  16:00:00,1569.21194185,39.1316740234,445.194219961,0.0,448.566543614,448.566543614,13.1908185576,0.0,13.1908185576
 10/05  17:00:00,1468.42362866,33.8050949703,462.595968708,0.0,348.885089477,398.725816546,8.75261227962,0.0,8.75261227962
 10/05  18:00:00,1281.4003109,30.6939533107,478.048896963,0.0,249.203635341,299.044362409,8.73858597599,0.0,8.73858597599
 10/05  19:00:00,1314.33454956,30.3148174886,484.546405149,0.0,249.203635341,299.044362409,5.60579272996,1.23447740459,4.37131532537
 10/05  20:00:00,1167.48600544,30.3148174886,487.207352356,0.0,149.522181205,249.203635341,24.0995608356,17.5485908851,6.55096995047
 10/05  21:00:00,1145.12524019,30.3148174886,489.281676499,0.0,149.522181205,249.203635341,38.0573479894,35.8663647318,2.1909832576
 10/05  22:00:00,349.356620465,0.0,0.0,0.0,49.8407270682,199.362908273,2.1890045468,0.0,2.1890045468
 10/05  23:00:00,299.991861435,0.0,0.0,0.0,24.9203635341,199.362908273,2.18906765696,0.0,2.18906765696
 10/05  24:00:00,287.7696637,0.0,0.0,0.0,24.9203635341,199.362908273,2.18887216966,0.0,2.18887216966
 10/06  01:00:00,287.769666957,0.0,0.0,0.0,24.9203635341,199.362908273,2.18894392857,0.0,2.18894392857
 10/06  02:00:00,287.769666896,0.0,0.0,0.0,24.9203635341,199.362908273,2.18901327308,0.0,2.18901327308
 10/06  03:00:00,287.769666834,0.0,0.0,0.0,24.9203635341,199.362908273,2.18908271381,0.0,2.18908271381
 10/06  04:00:00,299.991864438,0.0,0.0,0.0,24.9203635341,199.362908273,2.1888920503,0.0,2.1888920503
 10/06  05:00:00,349.357942032,0.0,0.0,0.0,49.8407270682,199.362908273,2.19105225192,0.0,2.19105225192
 10/06  06:00:00,1000.28529364,33.5415041079,466.290191851,0.0,49.8407270682,199.362908273,42.308107334,40.1176560329,2.1904513011
 10/06  07:00:00,1077.64006653,30.3148174886,448.360824558,0.0,149.522181205,199.362908273,61.4759169544,54.9216821279,6.55423482645
 10/06  08:00:00,1595.69506438,30.3872056007,443.75697965,0.0,448.566543614,448.566543614,16.1435014136,2.98947298633,13.1540284273
 10/06  09:00:00,1564.92980183,31.2936138932,448.752316195,0.0,448.566543614,448.566543614,13.7553646392,0.59014800418,13.165216635
 10/06  10:00:00,1525.05380947,34.123237926,454.935464589,0.0,448.566543614,448.566543614,13.1900534368,0.0206345967635,13.1694188401
 10/06  11:00:00,1520.98915058,38.3462641158,446.644285089,0.0,448.566543614,448.566543614,15.403460201,0.0,15.403460201
 10/06  12:00:00,1445.3104842,39.0080571076,420.140156022,0.0,448.566543614,398.725816546,19.8640395256,0.0,19.8640395256
 10/06  13:00:00,1493.5664862,44.7165874707,412.848216638,0.0,448.566543614,448.566543614,17.641181106,0.0,17.641181106
 10/06  14:00:00,1488.16744113,46.1517207005,406.022824372,0.0,448.566543614,448.566543614,10.9615576755,0.0,10.9615576755
 10/06  15:00:00,1480.94862743,47.7293711704,399.838821387,0.0,448.566543614,448.566543614,11.0947517078,0.0,11.0947517078
 10/06  16:00:00,1525.73877587,50.1084808639,393.360422111,0.0,448.566543614,448.566543614,15.2539761988,0.0,15.2539761988
 10/06  17:00:00,1418.72329555,41.6842033322,407.935206318,0.0,348.885089477,398.725816546,8.75260922439,0.0,8.75260922439
 10/06  18:00:00,1195.61751695,32.74397302,393.683020552,0.0,249.203635341,299.044362409,8.73862960287,0.0,8.73862960287
 10/06  19:00:00,1202.32105997,31.1031558216,376.235233946,0.0,249.203635341,299.044362409,4.37134810858,0.0,4.37134810858
 10/06  20:00:00,1045.85004107,30.3267530105,371.045033315,0.0,149.522181205,249.203635341,10.3180297265,3.76694670726,6.55108301926
 10/06  21:00:00,1018.72890497,30.3148174886,369.215847412,0.0,149.522181205,249.203635341,18.9653903428,16.774379781,2.19101056175
 10/06  22:00:00,349.356623729,0.0,0.0,0.0,49.8407270682,199.362908273,2.18903026906,0.0,2.18903026906
 10/06  23:00:00,299.991864726,0.0,0.0,0.0,24.9203635341,199.362908273,2.18909936346,0.0,2.18909936346
 10/06  24:00:00,287.769666944,0.0,0.0,0.0,24.9203635341,199.362908273,2.18890903518,0.0,2.18890903518
 10/07  01:00:00,237.928943189,0.0,0.0,0.0,24.9203635341,149.522181205,2.18898682679,0.0,2.18898682679
 10/07  02:00:00,237.928943171,0.0,0.0,0.0,24.9203635341,149.522181205,2.18906217871,0.0,2.18906217871
 10/07  03:00:00,237.928943128,0.0,0.0,0.0,24.9203635341,149.522181205,2.18887653077,0.0,2.18887653077
 10/07  04:00:00,250.15114068,0.0,0.0,0.0,24.9203635341,149.522181205,2.18895245819,0.0,2.18895245819
 10/07  05:00:00,274.596856692,0.0,0.0,0.0,24.9203635341,149.522181205,2.19112716407,0.0,2.19112716407
 10/07  06:00:00,852.557878341,32.9811187341,324.167176396,0.0,49.8407270682,199.362908273,102.236191741,100.046014268,2.19017747303
 10/07  07:00:00,814.386616403,30.3148174886,285.762868816,0.0,49.8407270682,199.362908273,131.691641777,127.325520281,4.36612149539
 10/07  08:00:00,1019.61714048,30.3148174886,275.933206888,0.0,249.203635341,249.203635341,56.770627469,52.3990109124,4.37161655664
 10/07  09:00:00,994.640744369,30.3148174886,286.716493576,0.0,249.203635341,249.203635341,49.5831125011,40.8437160442,8.73939645691
 10/07  10:00:00,963.662393438,30.3754603837,303.670045005,0.0,249.203635341,249.203635341,36.3228412947,29.7675619713,6.5552793234
 10/07  11:00:00,977.626870796,32.0292067688,315.574364608,0.0,249.203635341,249.203635341,31.06775767,24.5043484768,6.56340919323
 10/07  12:00:00,983.770563486,33.4362731377,320.155082208,0.0,249.203635341,249.203635341,28.4709918033,19.7352382214,8.73575358196
 10/07  13:00:00,988.178598667,33.4329787382,324.231482257,0.0,249.203635341,249.203635341,19.2764977475,12.7216191349,6.55487861259
 10/07  14:00:00,745.487445273,33.0658809687,330.909593718,0.0,74.7610906023,174.442544739,18.8165448641,14.445381697,4.37116316712
 10/07  15:00:00,748.012062929,32.097355146,334.650268726,0.0,74.7610906023,174.442544739,7.29030353283,2.9214925927,4.36881094013
 10/07  16:00:00,790.249761266,30.8242936375,329.475488765,0.0,74.7610906023,174.442544739,15.6938848402,9.14887227036,6.54501256988
 10/07  17:00:00,742.96697924,30.3148174886,321.058460114,0.0,24.9203635341,149.522181205,26.8960741844,24.7058062138,2.19026797059
 10/07  18:00:00,296.667603275,0.0,0.0,0.0,24.9203635341,149.522181205,2.1902736583,0.0,2.1902736583
 10/07  19:00:00,323.485207673,0.0,0.0,0.0,24.9203635341,149.522181205,2.19027940356,0.0,2.19027940356
 10/07  20:00:00,323.485207967,0.0,0.0,0.0,24.9203635341,149.522181205,2.19028514283,0.0,2.19028514283
 10/07  21:00:00,299.04169277,0.0,0.0,0.0,24.9203635341,149.522181205,4.36337029954,0.0,4.36337029954
 10/07  22:00:00,274.59553661,0.0,0.0,0.0,24.9203635341,149.522181205,2.18909550291,0.0,2.18909550291
 10/07  23:00:00,250.1511409,0.0,0.0,0.0,24.9203635341,149.522181205,2.18891035609,0.0,2.18891035609
 10/07  24:00:00,237.928942898,0.0,0.0,0.0,24.9203635341,149.522181205,2.18898662299,0.0,2.18898662299
 10/08  01:00:00,237.928505256,0.0,0.0,0.0,24.9203635341,149.522181205,0.02,0.0,0.02
 10/08  02:00:00,237.928505859,0.0,0.0,0.0,24.9203635341,149.522181205,2.18832282549,0.0,2.18832282549
 10/08  03:00:00,237.928506008,0.0,0.0,0.0,24.9203635341,149.522181205,2.188302988,0.0,2.188302988
 10/08  04:00:00,250.150703297,0.0,0.0,0.0,24.9203635341,149.522181205,2.18828341266,0.0,2.18828341266
 10/08  05:00:00,274.596421472,0.0,0.0,0.0,24.9203635341,149.522181205,2.19024379748,0.0,2.19024379748
 10/08  06:00:00,323.483889857,0.0,0.0,0.0,24.9203635341,149.522181205,0.02,0.0,0.02
 10/08  07:00:00,330.840952195,0.0,0.0,0.0,24.9203635341,149.522181205,2.18841149232,0.0,2.18841149232
 10/08  08:00:00,296.666286119,0.0,0.0,0.0,24.9203635341,149.522181205,2.18839303774,0.0,2.18839303774
 10/08  09:00:00,393.668239456,8.05203479521,88.6515626771,0.0,24.9203635341,149.522181205,2.18842808593,0.0,2.18842808593
 10/08  10:00:00,490.11475389,17.2169249066,191.173167015,0.0,24.9203635341,149.522181205,0.02,0.0,0.02
 10/08  11:00:00,381.656691908,11.0853469095,120.288627853,0.0,24.9203635341,149.522181205,2.18980740713,0.0,2.18980740713
 10/08  12:00:00,507.569593097,18.7856504757,202.123678649,0.0,24.9203635341,149.522181205,4.35964618622,0.0,4.35964618622
 10/08  13:00:00,583.160598905,24.503490025,256.137331676,0.0,24.9203635341,149.522181205,2.19186640754,0.0,2.19186640754
 10/08  14:00:00,537.93282567,20.8490120744,217.252894071,0.0,24.9203635341,149.522181205,2.18970163512,0.0,2.18970163512
 10/08  15:00:00,590.436478789,24.3114716966,263.607857511,0.0,24.9203635341,149.522181205,2.18843800986,0.0,2.18843800986
 10/08  16:00:00,578.114069683,19.3622822273,217.927251438,0.0,24.9203635341,149.522181205,2.18841907825,0.0,2.18841907825
 10/08  17:00:00,660.512814384,20.7129355775,253.796939073,0.0,24.9203635341,149.522181205,0.02,0.0,0.02
 10/08  18:00:00,349.069278967,0.935334267408,20.7253980494,0.0,24.9203635341,149.522181205,2.18844335452,0.0,2.18844335452
 10/08  19:00:00,323.483890575,0.0,0.0,0.0,24.9203635341,149.522181205,2.18838085363,0.0,2.18838085363
 10/08  20:00:00,323.48389015,0.0,0.0,0.0,24.9203635341,149.522181205,2.188361359,0.0,2.188361359
 10/08  21:00:00,299.040816833,0.0,0.0,0.0,24.9203635341,149.522181205,2.19032379045,0.0,2.19032379045
 10/08  22:00:00,274.59509874,0.0,0.0,0.0,24.9203635341,149.522181205,2.18827377737,0.0,2.18827377737
 10/08  23:00:00,250.150703003,0.0,0.0,0.0,24.9203635341,149.522181205,0.02,0.0,0.02
 10/08  24:00:00,237.928505841,0.0,0.0,0.0,24.9203635341,149.522181205,2.18825487174,0.0,2.18825487174
 10/09  01:00:00,237.928508627,0.0,0.0,0.0,24.9203635341,149.522181205,2.18824200157,0.0,2.18824200157
 10/09  02:00:00,237.928508026,0.0,0.0,0.0,24.9203635341,149.522181205,0.02,0.0,0.02
 10/09  03:00:00,237.928508016,0.0,0.0,0.0,24.9203635341,149.522181205,2.18844476478,0.0,2.18844476478
 10/09  04:00:00,250.150706393,0.0,0.0,0.0,24.9203635341,149.522181205,2.18843065433,0.0,2.18843065433
 10/09  05:00:00,274.596425793,0.0,0.0,0.0,24.9203635341,149.522181205,2.19034872402,0.0,2.19034872402
 10/09  06:00:00,323.483893244,0.0,0.0,0.0,24.9203635341,149.522181205,2.1883541916,0.0,2.1883541916
 10/09  07:00:00,330.840955446,0.0,0.0,0.0,24.9203635341,149.522181205,2.18844968131,0.0,2.18844968131
 10/09  08:00:00,296.666288077,0.0,0.0,0.0,24.9203635341,149.522181205,0.02,0.0,0.02
 10/09  09:00:00,259.999695052,0.0,0.0,0.0,24.9203635341,149.522181205,2.18843620282,0.0,2.18843620282
 10/09  10:00:00,211.110904269,0.0,0.0,0.0,24.9203635341,149.522181205,2.18842279003,0.0,2.18842279003
 10/09  11:00:00,377.305979388,10.8904856038,116.388599626,0.0,24.9203635341,149.522181205,2.18975386682,0.0,2.18975386682
 10/09  12:00:00,521.739578725,17.9560639775,205.295710768,0.0,24.9203635341,149.522181205,2.18985257672,0.0,2.18985257672
 10/09  13:00:00,590.260264867,24.1444033673,264.330172804,0.0,24.9203635341,149.522181205,4.36352657181,0.0,4.36352657181
 10/09  14:00:00,561.193270316,20.9206650548,240.905947778,0.0,24.9203635341,149.522181205,2.18937997544,0.0,2.18937997544
 10/09  15:00:00,606.814716397,24.7554086446,279.911488894,0.0,24.9203635341,149.522181205,0.02,0.0,0.02
 10/09  16:00:00,604.810648784,19.2618554477,237.535154474,0.0,24.9203635341,149.522181205,2.1884578033,0.0,2.1884578033
 10/09  17:00:00,674.402352712,21.3181641124,269.240007969,0.0,24.9203635341,149.522181205,2.18844458522,0.0,2.18844458522
 10/09  18:00:00,296.666288543,0.0,0.0,0.0,24.9203635341,149.522181205,2.18838700688,0.0,2.18838700688
 10/09  19:00:00,323.483892507,0.0,0.0,0.0,24.9203635341,149.522181205,0.02,0.0,0.02
 10/09  20:00:00,323.4838931,0.0,0.0,0.0,24.9203635341,149.522181205,2.18837370481,0.0,2.18837370481
 10/09  21:00:00,299.040821691,0.0,0.0,0.0,24.9203635341,149.522181205,2.19051149179,0.0,2.19051149179
 10/09  22:00:00,274.595101998,0.0,0.0,0.0,24.9203635341,149.522181205,2.18829820633,0.0,2.18829820633
 10/09  23:00:00,250.15070649,0.0,0.0,0.0,24.9203635341,149.522181205,2.18828500917,0.0,2.18828500917
 10/09  24:00:00,237.928508144,0.0,0.0,0.0,24.9203635341,149.522181205,2.18827182062,0.0,2.18827182062
 10/10  01:00:00,287.769679986,0.0,0.0,0.0,24.9203635341,199.362908273,0.02,0.0,0.02
 10/10  02:00:00,287.769680033,0.0,0.0,0.0,24.9203635341,199.362908273,2.18902298009,0.0,2.18902298009
 10/10  03:00:00,287.769680193,0.0,0.0,0.0,24.9203635341,199.362908273,2.18911703238,0.0,2.18911703238
 10/10  04:00:00,299.991878085,0.0,0.0,0.0,24.9203635341,199.362908273,2.18894738458,0.0,2.18894738458
 10/10  05:00:00,349.357963811,0.0,0.0,0.0,49.8407270682,199.362908273,2.43520107569,0.0,2.43520107569
 10/10  06:00:00,788.633893041,30.5442663446,265.037673764,0.0,49.8407270682,199.362908273,378.95741809,374.840938976,4.11647911457
 10/10  07:00:00,762.833554023,30.3148174886,137.304252806,0.0,149.522181205,199.362908273,344.728373961,338.172602474,6.55577148684
 10/10  08:00:00,1264.5718123,30.3148174886,124.387459325,0.0,448.566543614,448.566543614,118.042164041,107.073335217,10.9688288238
 10/10  09:00:00,1324.02371787,30.3166537246,218.898334655,0.0,448.566543614,448.566543614,67.5586645717,54.3848659769,13.1737985949
 10/10  10:00:00,1325.77679215,31.3874230028,266.832817029,0.0,448.566543614,448.566543614,48.5347973603,33.1643323833,15.370464977
 10/10  11:00:00,1363.57045988,34.3066482648,300.63048581,0.0,448.566543614,448.566543614,34.8605350903,19.4534482978,15.4070867924
 10/10  12:00:00,1339.36353728,36.5786543315,323.396686947,0.0,448.566543614,398.725816546,37.1472790472,17.2756145112,19.871664536
 10/10  13:00:00,1407.97767382,37.5918915832,340.756618594,0.0,448.566543614,448.566543614,21.4166107742,3.7704789351,17.6461318391
 10/10  14:00:00,1419.97036727,37.6735320912,352.093863326,0.0,448.566543614,448.566543614,14.5812895897,1.42794186208,13.1533477276
 10/10  15:00:00,1427.16682208,37.9473164343,358.612859861,0.0,448.566543614,448.566543614,10.9618746479,0.0,10.9618746479
 10/10  16:00:00,1480.80564384,38.5954167489,362.690545064,0.0,448.566543614,448.566543614,15.3926235096,0.0,15.3926235096
 10/10  17:00:00,1354.80571137,34.5730798974,353.887528122,0.0,348.885089477,398.725816546,8.78219259307,0.0288360103585,8.75335658271
 10/10  18:00:00,1128.22536828,31.2814586753,330.707596507,0.0,249.203635341,299.044362409,9.53308826597,2.97282046898,6.56026779699
 10/10  19:00:00,1129.34672406,30.3566988294,307.191752882,0.0,249.203635341,299.044362409,24.6219994527,18.0744775356,6.54752191709
 10/10  20:00:00,957.534702298,30.3148174886,286.019255638,0.0,149.522181205,249.203635341,63.7792036327,57.2272941266,6.55190950615
 10/10  21:00:00,915.272473978,30.3148174886,268.938318995,0.0,149.522181205,249.203635341,92.422048449,90.2309462887,2.19110216029
 10/10  22:00:00,349.356637355,0.0,0.0,0.0,49.8407270682,199.362908273,2.18910939888,0.0,2.18910939888
 10/10  23:00:00,299.991878152,0.0,0.0,0.0,24.9203635341,199.362908273,2.189071356,0.0,2.189071356
 10/10  24:00:00,287.769680399,0.0,0.0,0.0,24.9203635341,199.362908273,2.18916599719,0.0,2.18916599719
 10/11  01:00:00,287.769683632,0.0,0.0,0.0,24.9203635341,199.362908273,2.18900550499,0.0,2.18900550499
 10/11  02:00:00,287.76968353,0.0,0.0,0.0,24.9203635341,199.362908273,2.18910588728,0.0,2.18910588728
 10/11  03:00:00,287.769683434,0.0,0.0,0.0,24.9203635341,199.362908273,2.18894159453,0.0,2.18894159453
 10/11  04:00:00,299.991881206,0.0,0.0,0.0,24.9203635341,199.362908273,0.02,0.0,0.02
 10/11  05:00:00,349.357969109,0.0,0.0,0.0,49.8407270682,199.362908273,4.36216157846,0.0,4.36216157846
 10/11  06:00:00,780.161706099,31.558026281,254.807584791,0.0,49.8407270682,199.362908273,274.148694944,271.958267086,2.1904278586
 10/11  07:00:00,798.365643771,30.3148174886,172.099712713,0.0,149.522181205,199.362908273,278.04391038,271.48909616,6.55481422078
 10/11  08:00:00,1287.59086102,30.3148174886,146.757992177,0.0,448.566543614,448.566543614,86.9728719091,73.8120643385,13.1608075707
 10/11  09:00:00,1340.39324717,30.4997050587,234.536225836,0.0,448.566543614,448.566543614,57.4146795003,44.2437378306,13.1709416697
 10/11  10:00:00,1333.05716968,31.9199565732,273.277034253,0.0,448.566543614,448.566543614,41.4603035038,28.282876569,13.1774269347
 10/11  11:00:00,1364.27646168,34.8359414846,300.745975628,0.0,448.566543614,448.566543614,32.1344122184,16.7258465454,15.408565673
 10/11  12:00:00,1340.44177487,36.9483879894,323.890860569,0.0,448.566543614,398.725816546,34.9615496286,15.0900955535,19.8714540751
 10/11  13:00:00,1419.14882554,39.1554748739,349.870536054,0.0,448.566543614,448.566543614,22.5048292653,2.65369758696,19.8511316783
 10/11  14:00:00,1432.74970891,40.1460933878,361.971037971,0.0,448.566543614,448.566543614,11.8849697576,0.920838923104,10.9641308345
 10/11  15:00:00,1429.961189,40.8600050119,358.101937098,0.0,448.566543614,448.566543614,10.96287491,0.0,10.96287491
 10/11  16:00:00,1486.88516523,42.1639181994,364.684572588,0.0,448.566543614,448.566543614,15.3930257038,0.0,15.3930257038
 10/11  17:00:00,1358.33231259,36.8300421416,354.659213458,0.0,348.885089477,398.725816546,10.9368613104,0.0,10.9368613104
 10/11  18:00:00,1126.41928394,31.964547357,327.766545467,0.0,249.203635341,299.044362409,7.11488338283,0.554264649028,6.5606187338
 10/11  19:00:00,1119.13961854,30.4280699867,296.413637758,0.0,249.203635341,299.044362409,18.4931257487,11.9455718564,6.54755389229
 10/11  20:00:00,944.681659914,30.3148174886,272.624251461,0.0,149.522181205,249.203635341,46.4147273319,42.0397336102,4.37499372172
 10/11  21:00:00,902.246864824,30.3148174886,255.405102559,0.0,149.522181205,249.203635341,76.0362345582,71.6740681695,4.36216638865
 10/11  22:00:00,349.356640313,0.0,0.0,0.0,49.8407270682,199.362908273,2.18907450866,0.0,2.18907450866
 10/11  23:00:00,299.991881185,0.0,0.0,0.0,24.9203635341,199.362908273,0.02,0.0,0.02
 10/11  24:00:00,287.769683368,0.0,0.0,0.0,24.9203635341,199.362908273,2.18917548378,0.0,2.18917548378
 10/12  01:00:00,287.769686862,0.0,0.0,0.0,24.9203635341,199.362908273,2.18901736004,0.0,2.18901736004
 10/12  02:00:00,287.769686976,0.0,0.0,0.0,24.9203635341,199.362908273,2.18912396335,0.0,2.18912396335
 10/12  03:00:00,287.769687076,0.0,0.0,0.0,24.9203635341,199.362908273,2.18896504161,0.0,2.18896504161
 10/12  04:00:00,299.991884866,0.0,0.0,0.0,24.9203635341,199.362908273,2.18907219859,0.0,2.18907219859
 10/12  05:00:00,349.357974502,0.0,0.0,0.0,49.8407270682,199.362908273,2.19131009808,0.0,2.19131009808
 10/12  06:00:00,775.382553497,32.1929553141,249.041755051,0.0,49.8407270682,199.362908273,251.146361391,246.785651652,4.3607097391
 10/12  07:00:00,826.943347454,30.3148174886,200.112420503,0.0,149.522181205,199.362908273,247.053731732,240.497965735,6.55576599758
 10/12  08:00:00,1327.73357773,30.3148174886,186.382860046,0.0,448.566543614,448.566543614,74.2239209139,63.2526875505,10.9712333634
 10/12  09:00:00,1348.40019442,30.4038858729,242.322246876,0.0,448.566543614,448.566543614,52.8427583726,39.6675190385,13.1752393341
 10/12  10:00:00,1329.66690703,32.3798059982,269.102434945,0.0,448.566543614,448.566543614,39.0002329224,23.6302532095,15.3699797129
 10/12  11:00:00,1364.39733149,36.1632163788,299.109468974,0.0,448.566543614,448.566543614,27.1366969487,11.7285631649,15.4081337838
 10/12  12:00:00,1344.78781487,36.9163232249,327.788311181,0.0,448.566543614,398.725816546,29.3892549625,9.5204026994,19.8688522632
 10/12  13:00:00,1428.4647624,40.6430229832,357.275557015,0.0,448.566543614,448.566543614,21.4953103663,1.641550004,19.8537603623
 10/12  14:00:00,1447.60118834,41.440652487,375.037846467,0.0,448.566543614,448.566543614,11.5121724815,0.54583264092,10.9663398406
 10/12  15:00:00,1457.32060575,42.0883753363,383.700144745,0.0,448.566543614,448.566543614,10.963434602,0.0,10.963434602
 10/12  16:00:00,1507.77687932,43.020921584,384.332553729,0.0,448.566543614,448.566543614,15.3949417778,0.0,15.3949417778
 10/12  17:00:00,1373.61563733,37.0023957982,369.357749326,0.0,348.885089477,398.725816546,10.9373883859,0.0,10.9373883859
 10/12  18:00:00,1152.85116025,31.5462839584,345.544596845,0.0,249.203635341,299.044362409,6.71677351401,0.156547148013,6.560226366
 10/12  19:00:00,1140.42418307,30.4616179897,317.041335811,0.0,249.203635341,299.044362409,10.6934509202,6.32170352472,4.37174739547
 10/12  20:00:00,968.351759527,30.3148174886,295.735205958,0.0,149.522181205,249.203635341,43.1072405567,36.5548899302,6.55235062651
 10/12  21:00:00,928.453794356,30.3148174886,281.019863632,0.0,149.522181205,249.203635341,68.9549575809,64.592622203,4.36233537787
 10/12  22:00:00,349.356643855,0.0,0.0,0.0,49.8407270682,199.362908273,2.18895782134,0.0,2.18895782134
 10/12  23:00:00,299.991884692,0.0,0.0,0.0,24.9203635341,199.362908273,0.02,0.0,0.02
 10/12  24:00:00,287.769686887,0.0,0.0,0.0,24.9203635341,199.362908273,2.18906550742,0.0,2.18906550742
 10/13  01:00:00,287.769690483,0.0,0.0,0.0,24.9203635341,199.362908273,2.18917940933,0.0,2.18917940933
 10/13  02:00:00,287.769690482,0.0,0.0,0.0,24.9203635341,199.362908273,2.18902586559,0.0,2.18902586559
 10/13  03:00:00,287.769690527,0.0,0.0,0.0,24.9203635341,199.362908273,2.18913920454,0.0,2.18913920454
 10/13  04:00:00,299.991888366,0.0,0.0,0.0,24.9203635341,199.362908273,2.18898596971,0.0,2.18898596971
 10/13  05:00:00,349.357979667,0.0,0.0,0.0,49.8407270682,199.362908273,2.1912389372,0.0,2.1912389372
 10/13  06:00:00,792.851408904,32.6783562499,265.65712952,0.0,49.8407270682,199.362908273,196.576523594,192.215465072,4.36105852204
 10/13  07:00:00,839.086090416,30.3148174886,211.96760003,0.0,149.522181205,199.362908273,207.441960005,200.886242219,6.55571778557
 10/13  08:00:00,1335.49014631,30.3148174886,193.959466528,0.0,448.566543614,448.566543614,63.2005097752,52.2289691732,10.971540602
 10/13  09:00:00,1358.63135863,30.5750021883,252.291164265,0.0,448.566543614,448.566543614,47.2572276435,34.0813311971,13.1758964464
 10/13  10:00:00,1356.45994751,32.2983032969,296.013845964,0.0,448.566543614,448.566543614,35.1179832243,19.7479268222,15.3700564021
 10/13  11:00:00,1421.08395893,36.7912338465,348.287688617,0.0,448.566543614,448.566543614,23.896137914,8.48644586165,15.4096920524
 10/13  12:00:00,1406.12040939,36.879662086,383.074887175,0.0,448.566543614,398.725816546,24.4048477941,4.53278000629,19.8720677878
 10/13  13:00:00,1488.60636356,39.5847000552,413.018861136,0.0,448.566543614,448.566543614,21.0376016148,1.18274214755,19.8548594673
 10/13  14:00:00,1509.67136676,41.5066626856,432.171559501,0.0,448.566543614,448.566543614,11.0885104466,0.122353587398,10.9661568592
 10/13  15:00:00,1509.87830118,42.5082212374,431.377471271,0.0,448.566543614,448.566543614,12.3259727674,0.0,12.3259727674
 10/13  16:00:00,1558.67541389,42.3949776446,431.394151546,0.0,448.566543614,448.566543614,16.2233494524,0.0,16.2233494524
 10/13  17:00:00,1431.26095715,36.6923257513,422.545930415,0.0,348.885089477,398.725816546,8.75409238319,0.0,8.75409238319
 10/13  18:00:00,1211.32615663,31.3260608988,398.798831263,0.0,249.203635341,299.044362409,6.59350967602,0.0324293044252,6.56108037159
 10/13  19:00:00,1200.25434369,30.3935973344,370.384430899,0.0,249.203635341,299.044362409,11.7416224108,5.19345545785,6.548166953
 10/13  20:00:00,1028.4641799,30.3148174886,348.176070135,0.0,149.522181205,249.203635341,34.5303522264,30.1562717993,4.37408042706
 10/13  21:00:00,995.824739543,30.3148174886,339.966556922,0.0,149.522181205,249.203635341,59.7732757828,55.4108191651,4.36245661778
 10/13  22:00:00,349.35664729,0.0,0.0,0.0,49.8407270682,199.362908273,2.18915791849,0.0,2.18915791849
 10/13  23:00:00,299.991888134,0.0,0.0,0.0,24.9203635341,199.362908273,2.18900507603,0.0,2.18900507603
 10/13  24:00:00,287.769690229,0.0,0.0,0.0,24.9203635341,199.362908273,2.18911910403,0.0,2.18911910403
 10/14  01:00:00,237.928966588,0.0,0.0,0.0,24.9203635341,149.522181205,2.18897594092,0.0,2.18897594092
 10/14  02:00:00,237.928966572,0.0,0.0,0.0,24.9203635341,149.522181205,0.02,0.0,0.02
 10/14  03:00:00,237.928966582,0.0,0.0,0.0,24.9203635341,149.522181205,2.18909585909,0.0,2.18909585909
 10/14  04:00:00,250.151164562,0.0,0.0,0.0,24.9203635341,149.522181205,2.18921570287,0.0,2.18921570287
 10/14  05:00:00,274.596895237,0.0,0.0,0.0,24.9203635341,149.522181205,4.36256223263,0.0,4.36256223263
 10/14  06:00:00,868.396663876,32.2164656065,335.649310362,0.0,49.8407270682,199.362908273,147.521892895,145.331290893,2.19060200164
 10/14  07:00:00,859.677105371,30.3148174886,322.648986395,0.0,49.8407270682,199.362908273,177.581364552,173.214995412,4.36636913937
 10/14  08:00:00,1068.86470038,30.3148174886,317.305865747,0.0,249.203635341,249.203635341,105.788309062,101.416299863,4.37200919864
 10/14  09:00:00,1043.2851107,30.3148174886,329.183888282,0.0,249.203635341,249.203635341,66.4957551649,57.7552650078,8.74049015713
 10/14  10:00:00,1018.01221534,30.3148174886,353.879391657,0.0,249.203635341,249.203635341,45.2748059941,38.7183153112,6.55649068295
 10/14  11:00:00,1040.41883228,30.9480493221,376.412502569,0.0,249.203635341,249.203635341,38.237850987,29.4908277468,8.74702324026
 10/14  12:00:00,1049.14787059,30.3497653746,385.630021303,0.0,249.203635341,249.203635341,36.2711067703,29.712595805,6.55851096531
 10/14  13:00:00,1047.13892871,30.3148174886,383.175332516,0.0,249.203635341,249.203635341,40.5528510967,33.9962806359,6.55657046078
 10/14  14:00:00,792.327913342,30.3148174886,377.071356067,0.0,74.7610906023,174.442544739,71.6159756275,65.0680529064,6.54792272109
 10/14  15:00:00,790.058413265,30.3148174886,374.227177229,0.0,74.7610906023,174.442544739,83.5944176703,79.2252378155,4.36917985481
 10/14  16:00:00,836.880224415,30.3148174886,371.396175249,0.0,74.7610906023,174.442544739,96.0237178273,91.6528128176,4.37090500968
 10/14  17:00:00,797.6161393,30.3148174886,369.516703068,0.0,24.9203635341,149.522181205,122.132906641,119.942306153,2.19060048739
 10/14  18:00:00,305.211303612,0.0,0.0,0.0,24.9203635341,149.522181205,4.3607979977,0.0,4.3607979977
 10/14  19:00:00,323.485241148,0.0,0.0,0.0,24.9203635341,149.522181205,2.1903890521,0.0,2.1903890521
 10/14  20:00:00,323.485240618,0.0,0.0,0.0,24.9203635341,149.522181205,2.19043915803,0.0,2.19043915803
 10/14  21:00:00,299.041735336,0.0,0.0,0.0,24.9203635341,149.522181205,4.36335412937,0.0,4.36335412937
 10/14  22:00:00,274.595560068,0.0,0.0,0.0,24.9203635341,149.522181205,0.02,0.0,0.02
 10/14  23:00:00,250.151164436,0.0,0.0,0.0,24.9203635341,149.522181205,2.18916309765,0.0,2.18916309765
 10/14  24:00:00,237.928966724,0.0,0.0,0.0,24.9203635341,149.522181205,2.18901584129,0.0,2.18901584129
 10/15  01:00:00,237.928524874,0.0,0.0,0.0,24.9203635341,149.522181205,2.18838331076,0.0,2.18838331076
 10/15  02:00:00,237.928524997,0.0,0.0,0.0,24.9203635341,149.522181205,2.18840402589,0.0,2.18840402589
 10/15  03:00:00,237.928524608,0.0,0.0,0.0,24.9203635341,149.522181205,2.18842504982,0.0,2.18842504982
 10/15  04:00:00,250.150722071,0.0,0.0,0.0,24.9203635341,149.522181205,0.02,0.0,0.02
 10/15  05:00:00,274.596455027,0.0,0.0,0.0,24.9203635341,149.522181205,4.36079052686,0.0,4.36079052686
 10/15  06:00:00,323.483908953,0.0,0.0,0.0,24.9203635341,149.522181205,0.02,0.0,0.02
 10/15  07:00:00,330.840971726,0.0,0.0,0.0,24.9203635341,149.522181205,2.18844097151,0.0,2.18844097151
 10/15  08:00:00,296.666305251,0.0,0.0,0.0,24.9203635341,149.522181205,2.188462624,0.0,2.188462624
 10/15  09:00:00,259.999711538,0.0,0.0,0.0,24.9203635341,149.522181205,2.18848431336,0.0,2.18848431336
 10/15  10:00:00,211.110919851,0.0,0.0,0.0,24.9203635341,149.522181205,0.02,0.0,0.02
 10/15  11:00:00,211.111811438,0.0,0.0,0.0,24.9203635341,149.522181205,2.18971329884,0.0,2.18971329884
 10/15  12:00:00,211.111811451,0.0,0.0,0.0,24.9203635341,149.522181205,4.35952691674,0.0,4.35952691674
 10/15  13:00:00,211.113147605,0.0,0.0,0.0,24.9203635341,149.522181205,2.19174964028,0.0,2.19174964028
 10/15  14:00:00,211.111811045,0.0,0.0,0.0,24.9203635341,149.522181205,2.18984626315,0.0,2.18984626315
 10/15  15:00:00,211.110920463,0.0,0.0,0.0,24.9203635341,149.522181205,2.18836820898,0.0,2.18836820898
 10/15  16:00:00,259.999711534,0.0,0.0,0.0,24.9203635341,149.522181205,2.18839014199,0.0,2.18839014199
 10/15  17:00:00,296.666304417,0.0,0.0,0.0,24.9203635341,149.522181205,0.02,0.0,0.02
 10/15  18:00:00,305.209971351,0.0,0.0,0.0,24.9203635341,149.522181205,2.18841205815,0.0,2.18841205815
 10/15  19:00:00,323.483909508,0.0,0.0,0.0,24.9203635341,149.522181205,2.18843395532,0.0,2.18843395532
 10/15  20:00:00,323.483909453,0.0,0.0,0.0,24.9203635341,149.522181205,2.1884558319,0.0,2.1884558319
 10/15  21:00:00,299.040850005,0.0,0.0,0.0,24.9203635341,149.522181205,2.19037769891,0.0,2.19037769891
 10/15  22:00:00,274.595118178,0.0,0.0,0.0,24.9203635341,149.522181205,2.18845269479,0.0,2.18845269479
 10/15  23:00:00,250.150722068,0.0,0.0,0.0,24.9203635341,149.522181205,0.02,0.0,0.02
 10/15  24:00:00,237.928524374,0.0,0.0,0.0,24.9203635341,149.522181205,2.1884745386,0.0,2.1884745386
 10/16  01:00:00,287.769700742,0.0,0.0,0.0,24.9203635341,199.362908273,2.18904257173,0.0,2.18904257173
 10/16  02:00:00,287.769700772,0.0,0.0,0.0,24.9203635341,199.362908273,2.18917540649,0.0,2.18917540649
 10/16  03:00:00,287.769700807,0.0,0.0,0.0,24.9203635341,199.362908273,2.18903886646,0.0,2.18903886646
 10/16  04:00:00,299.991898591,0.0,0.0,0.0,24.9203635341,199.362908273,2.18917213837,0.0,2.18917213837
 10/16  05:00:00,349.357995921,0.0,0.0,0.0,49.8407270682,199.362908273,2.19120125556,0.0,2.19120125556
 10/16  06:00:00,922.173472637,31.3320374592,391.383840327,0.0,49.8407270682,199.362908273,244.974432431,240.613335205,4.36109722614
 10/16  07:00:00,1029.76856447,30.3148174886,396.030209898,0.0,149.522181205,199.362908273,247.372493996,240.816381587,6.55611240948
 10/16  08:00:00,1543.45762701,30.3148174886,394.484387903,0.0,448.566543614,448.566543614,106.306467528,95.336565626,10.969901902
 10/16  09:00:00,1519.7067445,30.3148174886,405.000550993,0.0,448.566543614,448.566543614,94.3735640988,79.0050659741,15.3684981247
 10/16  10:00:00,1480.59452983,30.3148174886,414.235591011,0.0,448.566543614,448.566543614,80.0615856714,66.886806492,13.1747791794
 10/16  11:00:00,1486.38008089,30.3148174886,420.026376497,0.0,448.566543614,448.566543614,70.2352284876,54.8216651923,15.4135632952
 10/16  12:00:00,1445.68795016,30.3148174886,429.166886679,0.0,448.566543614,398.725816546,81.9023755636,59.8171237433,22.0852518203
 10/16  13:00:00,1508.74226317,30.3148174886,442.397977164,0.0,448.566543614,448.566543614,55.3045402261,37.6502932419,17.6542469842
 10/16  14:00:00,1521.00943108,30.3148174886,454.677861235,0.0,448.566543614,448.566543614,45.6114243687,32.4548873829,13.1565369858
 10/16  15:00:00,1531.19945881,30.3883096663,464.796382845,0.0,448.566543614,448.566543614,41.3025237565,30.3385302329,10.9639935235
 10/16  16:00:00,1584.03108536,30.7405850893,468.381642924,0.0,448.566543614,448.566543614,46.2911434802,30.8940734317,15.3970700485
 10/16  17:00:00,1471.39542535,30.3148174886,469.022129604,0.0,348.885089477,398.725816546,59.8169737604,49.0982868268,10.7186869336
 10/16  18:00:00,1280.08284141,30.3148174886,468.508974001,0.0,249.203635341,299.044362409,86.2131226571,79.4328017091,6.78032094791
 10/16  19:00:00,1301.35287065,30.3148174886,471.501561119,0.0,249.203635341,299.044362409,93.6535193836,87.9683128375,5.68520654604
 10/16  20:00:00,1151.63965486,30.3148174886,471.293747333,0.0,149.522181205,249.203635341,115.097139418,109.858401099,5.23873831871
 10/16  21:00:00,1126.07394019,30.3148174886,470.174732516,0.0,149.522181205,249.203635341,120.827227164,116.465075506,4.36215165855
 10/16  22:00:00,349.356657515,0.0,0.0,0.0,49.8407270682,199.362908273,2.18900974025,0.0,2.18900974025
 10/16  23:00:00,299.991898279,0.0,0.0,0.0,24.9203635341,199.362908273,2.18914354843,0.0,2.18914354843
 10/16  24:00:00,287.769700487,0.0,0.0,0.0,24.9203635341,199.362908273,2.18900752053,0.0,2.18900752053
 10/17  01:00:00,287.769703986,0.0,0.0,0.0,24.9203635341,199.362908273,0.02,0.0,0.02
 10/17  02:00:00,287.769703979,0.0,0.0,0.0,24.9203635341,199.362908273,2.18915208196,0.0,2.18915208196
 10/17  03:00:00,287.769704121,0.0,0.0,0.0,24.9203635341,199.362908273,2.18902116792,0.0,2.18902116792
 10/17  04:00:00,299.991901923,0.0,0.0,0.0,24.9203635341,199.362908273,2.18916113997,0.0,2.18916113997
 10/17  05:00:00,349.358002218,0.0,0.0,0.0,49.8407270682,199.362908273,4.36256064038,0.0,4.36256064038
 10/17  06:00:00,987.685707547,31.5498806749,455.619745498,0.0,49.8407270682,199.362908273,128.09394379,125.903321613,2.19062217701
 10/17  07:00:00,1075.62639042,30.3148174886,430.513157962,0.0,149.522181205,199.362908273,151.881277271,145.324277595,6.55699967536
 10/17  08:00:00,1585.68765247,30.3148174886,434.52403083,0.0,448.566543614,448.566543614,72.300276319,59.1394769297,13.1607993894
 10/17  09:00:00,1571.89432977,30.3148174886,456.663411584,0.0,448.566543614,448.566543614,57.7688420822,44.5963771289,13.1724649534
 10/17  10:00:00,1548.30347976,30.3148174886,481.969953995,0.0,448.566543614,448.566543614,45.3191852773,32.1395426512,13.1796426261
 10/17  11:00:00,1546.77961833,30.3148174886,480.452461026,0.0,448.566543614,448.566543614,36.0515570439,18.4386938642,17.6128631797
 10/17  12:00:00,1496.17008134,30.3148174886,479.677650265,0.0,448.566543614,398.725816546,40.436894508,20.5559778164,19.8809166916
 10/17  13:00:00,1544.20083041,30.3244949262,477.871714292,0.0,448.566543614,448.566543614,23.3621640043,3.50034175277,19.8618222516
 10/17  14:00:00,1538.73038462,31.1036197924,471.633061875,0.0,448.566543614,448.566543614,11.7301001471,0.761685700863,10.9684144463
 10/17  15:00:00,1537.09674992,31.4405912469,469.663246728,0.0,448.566543614,448.566543614,13.4528894484,0.300417037601,13.1524724108
 10/17  16:00:00,1581.79592452,32.7024865858,464.207028499,0.0,448.566543614,448.566543614,15.3981977887,0.0,15.3981977887
 10/17  17:00:00,1477.8310814,30.5858947285,475.222164825,0.0,348.885089477,398.725816546,9.09669401732,0.341766974581,8.75492704274
 10/17  18:00:00,1290.47556615,30.3148174886,478.949745793,0.0,249.203635341,299.044362409,22.1201612739,13.3780112217,8.7421500522
 10/17  19:00:00,1234.89746109,30.3148174886,406.862910334,0.0,249.203635341,299.044362409,35.3876018793,31.0152191091,4.3723827702
 10/17  20:00:00,1038.74856196,30.3148174886,359.130450216,0.0,149.522181205,249.203635341,78.5778349234,72.025575323,6.55225960034
 10/17  21:00:00,1001.03100197,30.3148174886,345.148200224,0.0,149.522181205,249.203635341,92.0541711388,89.8628895582,2.19128158059
 10/17  22:00:00,349.356660915,0.0,0.0,0.0,49.8407270682,199.362908273,2.18922963949,0.0,2.18922963949
 10/17  23:00:00,299.991901805,0.0,0.0,0.0,24.9203635341,199.362908273,2.18915208212,0.0,2.18915208212
 10/17  24:00:00,287.769704151,0.0,0.0,0.0,24.9203635341,199.362908273,2.18902175248,0.0,2.18902175248
 10/18  01:00:00,287.76970763,0.0,0.0,0.0,24.9203635341,199.362908273,2.18916972282,0.0,2.18916972282
 10/18  02:00:00,287.769707708,0.0,0.0,0.0,24.9203635341,199.362908273,2.18904442402,0.0,2.18904442402
 10/18  03:00:00,287.769707665,0.0,0.0,0.0,24.9203635341,199.362908273,2.18919097027,0.0,2.18919097027
 10/18  04:00:00,299.991905488,0.0,0.0,0.0,24.9203635341,199.362908273,2.18906603129,0.0,2.18906603129
 10/18  05:00:00,349.358006921,0.0,0.0,0.0,49.8407270682,199.362908273,2.19112434996,0.0,2.19112434996
 10/18  06:00:00,819.365004247,31.5771095806,287.132695524,0.0,49.8407270682,199.362908273,321.802622439,317.441578113,4.36104432609
 10/18  07:00:00,766.752593824,30.3148174886,120.192389146,0.0,149.522181205,199.362908273,326.559326976,320.00310151,6.55622546542
 10/18  08:00:00,1227.03105308,30.3148174886,86.6754442966,0.0,448.566543614,448.566543614,129.160221566,118.189382113,10.9708394528
 10/18  09:00:00,1279.70853128,30.3148174886,174.673051207,0.0,448.566543614,448.566543614,77.5713640079,62.2036154678,15.3677485401
 10/18  10:00:00,1337.07594844,30.3148174886,270.737737183,0.0,448.566543614,448.566543614,51.5484497367,38.3713277154,13.1771220213
 10/18  11:00:00,1363.11573469,30.3148174886,296.780745358,0.0,448.566543614,448.566543614,46.6512519262,29.0363675732,17.6148843529
 10/18  12:00:00,1330.04027021,30.8430115197,313.017101666,0.0,448.566543614,398.725816546,43.7691804522,23.8894072176,19.8797732346
 10/18  13:00:00,1399.63775156,34.8273799294,328.802596112,0.0,448.566543614,448.566543614,27.6123298016,7.75203504245,19.8602947591
 10/18  14:00:00,1426.26613764,38.6594304887,351.611825695,0.0,448.566543614,448.566543614,13.3187059469,2.34787212259,10.9708338243
 10/18  15:00:00,1442.03584685,39.4857107745,366.557092317,0.0,448.566543614,448.566543614,13.597084403,0.441359600911,13.1557248021
 10/18  16:00:00,1497.62335819,39.1556662567,373.581125563,0.0,448.566543614,448.566543614,15.5730818288,0.173650282527,15.3994315463
 10/18  17:00:00,1368.89821626,34.2509833976,366.153877512,0.0,348.885089477,398.725816546,10.0268862911,1.27100021093,8.75588608017
 10/18  18:00:00,1152.79757835,30.6619586475,346.761882701,0.0,249.203635341,299.044362409,25.0695926784,18.5081195103,6.5614731681
 10/18  19:00:00,1152.86322145,30.3148174886,330.050029023,0.0,249.203635341,299.044362409,36.5607151982,30.0119140695,6.54880112873
 10/18  20:00:00,989.715096469,30.3148174886,317.07252859,0.0,149.522181205,249.203635341,65.1529581693,58.5999699319,6.55298823741
 10/18  21:00:00,953.014764213,30.3148174886,305.490871197,0.0,149.522181205,249.203635341,83.1598225996,80.9685923386,2.19123026107
 10/18  22:00:00,349.356664422,0.0,0.0,0.0,49.8407270682,199.362908273,2.18923023677,0.0,2.18923023677
 10/18  23:00:00,299.991905325,0.0,0.0,0.0,24.9203635341,199.362908273,2.18910486009,0.0,2.18910486009
 10/18  24:00:00,287.769707629,0.0,0.0,0.0,24.9203635341,199.362908273,2.18925187748,0.0,2.18925187748
 10/19  01:00:00,287.769711116,0.0,0.0,0.0,24.9203635341,199.362908273,2.18913486958,0.0,2.18913486958
 10/19  02:00:00,287.769711221,0.0,0.0,0.0,24.9203635341,199.362908273,2.18928774936,0.0,2.18928774936
 10/19  03:00:00,287.769711115,0.0,0.0,0.0,24.9203635341,199.362908273,2.18916850298,0.0,2.18916850298
 10/19  04:00:00,299.991908981,0.0,0.0,0.0,24.9203635341,199.362908273,2.18904933992,0.0,2.18904933992
 10/19  05:00:00,349.358012479,0.0,0.0,0.0,49.8407270682,199.362908273,2.19112250961,0.0,2.19112250961
 10/19  06:00:00,802.947691335,31.9348385025,276.942198414,0.0,49.8407270682,199.362908273,261.958677093,258.645884906,3.31279218666
 10/19  07:00:00,832.065666658,30.3148174886,196.90552793,0.0,149.522181205,199.362908273,266.650201498,259.041543482,7.60865801587
 10/19  08:00:00,1317.95661299,30.3148174886,176.825471696,0.0,448.566543614,448.566543614,80.9163205299,69.9431111995,10.9732093304
 10/19  09:00:00,1365.87925588,30.315397474,260.14688962,0.0,448.566543614,448.566543614,57.0389090516,41.6679793713,15.3709296803
 10/19  10:00:00,1364.03717356,31.719360824,296.303191522,0.0,448.566543614,448.566543614,39.4584164151,26.2759893432,13.1824270718
 10/19  11:00:00,1401.5749764,35.4400322533,330.125652294,0.0,448.566543614,448.566543614,31.6772447883,14.0599520236,17.6172927647
 10/19  12:00:00,1380.73444941,37.0271220449,357.535270105,0.0,448.566543614,398.725816546,32.5969355511,12.7126902016,19.8842453495
 10/19  13:00:00,1455.09556166,39.9332986611,379.158597705,0.0,448.566543614,448.566543614,21.9288238025,2.06456955864,19.8642542439
 10/19  14:00:00,1468.35401653,40.7903721818,391.569929121,0.0,448.566543614,448.566543614,11.6754971767,0.707521330947,10.9679758457
 10/19  15:00:00,1472.48464605,41.3681015161,395.123803963,0.0,448.566543614,448.566543614,13.1568735313,0.0,13.1568735313
 10/19  16:00:00,1523.63864308,41.6539883089,397.098187152,0.0,448.566543614,448.566543614,15.3993483485,0.0,15.3993483485
 10/19  17:00:00,1396.79663581,35.3552746971,389.418549662,0.0,348.885089477,398.725816546,8.75544811598,0.0,8.75544811598
 10/19  18:00:00,1189.17124204,31.3087952325,368.116135223,0.0,249.203635341,299.044362409,10.5471345301,1.80465022237,8.74248430776
 10/19  19:00:00,1177.84262255,30.4096778531,347.9498183,0.0,249.203635341,299.044362409,18.8277344152,14.4551420572,4.37259235801
 10/19  20:00:00,1013.06728971,30.3148174886,332.766897548,0.0,149.522181205,249.203635341,53.5357851126,46.9828035378,6.55298157484
 10/19  21:00:00,985.7358371,30.3148174886,329.868929089,0.0,149.522181205,249.203635341,71.8556626787,67.4930274482,4.36263523052
 10/19  22:00:00,349.356667964,0.0,0.0,0.0,49.8407270682,199.362908273,2.18911157405,0.0,2.18911157405
 10/19  23:00:00,299.991908854,0.0,0.0,0.0,24.9203635341,199.362908273,0.02,0.0,0.02
 10/19  24:00:00,287.769711005,0.0,0.0,0.0,24.9203635341,199.362908273,2.18926541231,0.0,2.18926541231
 10/20  01:00:00,287.769714518,0.0,0.0,0.0,24.9203635341,199.362908273,2.18915260319,0.0,2.18915260319
 10/20  02:00:00,287.769714641,0.0,0.0,0.0,24.9203635341,199.362908273,2.1890388499,0.0,2.1890388499
 10/20  03:00:00,287.769714573,0.0,0.0,0.0,24.9203635341,199.362908273,2.18919901746,0.0,2.18919901746
 10/20  04:00:00,299.991912443,0.0,0.0,0.0,24.9203635341,199.362908273,2.1890856572,0.0,2.1890856572
 10/20  05:00:00,349.35801878,0.0,0.0,0.0,49.8407270682,199.362908273,4.36251988559,0.0,4.36251988559
 10/20  06:00:00,832.636371273,32.4751588934,300.03511397,0.0,49.8407270682,199.362908273,199.81847982,197.627856525,2.19062329441
 10/20  07:00:00,854.62781336,30.3148174886,215.229095241,0.0,149.522181205,199.362908273,217.332600392,210.775162833,6.55743755906
 10/20  08:00:00,1349.44869503,30.3148174886,207.846257586,0.0,448.566543614,448.566543614,68.4315033784,55.2640183233,13.1674850551
 10/20  09:00:00,1382.82140167,30.657186874,270.407132499,0.0,448.566543614,448.566543614,48.8474447342,35.6689013232,13.1785434111
 10/20  10:00:00,1376.97160174,34.1182162757,306.843518842,0.0,448.566543614,448.566543614,33.1484556738,19.7330171436,13.4154385302
 10/20  11:00:00,1420.52911954,37.9798747941,346.542813478,0.0,448.566543614,448.566543614,27.5021409602,10.1172454079,17.3848955523
 10/20  12:00:00,1397.17839939,37.6640054207,373.344893395,0.0,448.566543614,398.725816546,29.043129893,9.15861586752,19.8845140255
 10/20  13:00:00,1482.17128845,41.2597165309,404.908486968,0.0,448.566543614,448.566543614,21.085331755,1.21942022858,19.8659115264
 10/20  14:00:00,1495.10018682,42.0955854334,417.011214375,0.0,448.566543614,448.566543614,13.3968233798,0.237338659446,13.1594847203
 10/20  15:00:00,1499.84963648,42.8499878558,421.006876603,0.0,448.566543614,448.566543614,10.9673719438,0.0,10.9673719438
 10/20  16:00:00,1555.04653658,45.0425234026,425.117513538,0.0,448.566543614,448.566543614,17.5981847719,0.0,17.5981847719
 10/20  17:00:00,1422.66778922,39.0333662504,411.611595742,0.0,348.885089477,398.725816546,8.75674065959,0.0,8.75674065959
 10/20  18:00:00,1218.15488125,32.2185623941,396.191309889,0.0,249.203635341,299.044362409,6.5620783402,0.0,6.5620783402
 10/20  19:00:00,1219.8330888,30.8437757867,389.514196751,0.0,249.203635341,299.044362409,10.0162337733,3.4676844903,6.54854928297
 10/20  20:00:00,1056.39366368,30.3148174886,376.499348997,0.0,149.522181205,249.203635341,35.9684391697,29.4146882978,6.55375087186
 10/20  21:00:00,1006.20316647,30.3148174886,351.616865862,0.0,149.522181205,249.203635341,59.2929438626,57.1017686041,2.19117525841
 10/20  22:00:00,349.356671523,0.0,0.0,0.0,49.8407270682,199.362908273,2.18930851527,0.0,2.18930851527
 10/20  23:00:00,299.991912421,0.0,0.0,0.0,24.9203635341,199.362908273,2.18905801963,0.0,2.18905801963
 10/20  24:00:00,287.769714573,0.0,0.0,0.0,24.9203635341,199.362908273,2.18921883754,0.0,2.18921883754
 10/21  01:00:00,237.928991062,0.0,0.0,0.0,24.9203635341,149.522181205,2.18911349881,0.0,2.18911349881
 10/21  02:00:00,237.928991078,0.0,0.0,0.0,24.9203635341,149.522181205,2.18928017724,0.0,2.18928017724
 10/21  03:00:00,237.92899101,0.0,0.0,0.0,24.9203635341,149.522181205,2.18917260166,0.0,2.18917260166
 10/21  04:00:00,250.151188895,0.0,0.0,0.0,24.9203635341,149.522181205,2.18906512396,0.0,2.18906512396
 10/21  05:00:00,274.596933021,0.0,0.0,0.0,24.9203635341,149.522181205,2.19116836428,0.0,2.19116836428
 10/21  06:00:00,886.174764222,32.3609804893,353.481377973,0.0,49.8407270682,199.362908273,123.502554188,119.141377679,4.3611765089
 10/21  07:00:00,883.858164898,30.3148174886,341.80133967,0.0,49.8407270682,199.362908273,157.094313204,154.900624576,2.19368862813
 10/21  08:00:00,1080.92176907,30.3148174886,332.594170884,0.0,249.203635341,249.203635341,74.3900379679,67.8407348996,6.54930306827
 10/21  09:00:00,1053.45564893,30.3148174886,341.719965648,0.0,249.203635341,249.203635341,54.6775984503,45.9341970271,8.74340142316
 10/21  10:00:00,1028.88900941,31.5042355976,364.674432475,0.0,249.203635341,249.203635341,41.9981875481,35.4401507847,6.55803676338
 10/21  11:00:00,1069.32226999,34.5384938041,399.358388999,0.0,249.203635341,249.203635341,36.5378704129,27.7896309168,8.74823949605
 10/21  12:00:00,1101.65911212,37.0082172913,427.577728693,0.0,249.203635341,249.203635341,28.781438402,22.2212448823,6.56019351969
 10/21  13:00:00,1102.02208647,37.6852534628,427.595896708,0.0,249.203635341,249.203635341,23.2230371315,16.6663224219,6.55671470953
 10/21  14:00:00,845.71054341,37.6292952482,421.746127058,0.0,74.7610906023,174.442544739,26.0677212157,19.5186810856,6.54904013013
 10/21  15:00:00,840.389879822,37.2666389363,415.183589331,0.0,74.7610906023,174.442544739,6.01463679144,1.64444985737,4.37018693407
 10/21  16:00:00,868.780920708,34.9839664386,396.848243039,0.0,74.7610906023,174.442544739,11.4133224017,7.04193732933,4.37138507236
 10/21  17:00:00,807.759997445,31.9775903134,381.852714978,0.0,24.9203635341,149.522181205,24.3559104605,19.9947104633,4.36119999725
 10/21  18:00:00,313.755003414,0.0,0.0,0.0,24.9203635341,149.522181205,2.1905601007,0.0,2.1905601007
 10/21  19:00:00,323.48527467,0.0,0.0,0.0,24.9203635341,149.522181205,2.19065716903,0.0,2.19065716903
 10/21  20:00:00,323.485275372,0.0,0.0,0.0,24.9203635341,149.522181205,4.36123416603,0.0,4.36123416603
 10/21  21:00:00,299.041778355,0.0,0.0,0.0,24.9203635341,149.522181205,2.19196109897,0.0,2.19196109897
 10/21  22:00:00,274.595584332,0.0,0.0,0.0,24.9203635341,149.522181205,2.18922063811,0.0,2.18922063811
 10/21  23:00:00,250.151188794,0.0,0.0,0.0,24.9203635341,149.522181205,2.18911356059,0.0,2.18911356059
 10/21  24:00:00,237.928991014,0.0,0.0,0.0,24.9203635341,149.522181205,2.18928110909,0.0,2.18928110909
 10/22  01:00:00,237.928544217,0.0,0.0,0.0,24.9203635341,149.522181205,2.18853151671,0.0,2.18853151671
 10/22  02:00:00,237.928543801,0.0,0.0,0.0,24.9203635341,149.522181205,0.02,0.0,0.02
 10/22  03:00:00,237.928543789,0.0,0.0,0.0,24.9203635341,149.522181205,2.18859538867,0.0,2.18859538867
 10/22  04:00:00,250.15074202,0.0,0.0,0.0,24.9203635341,149.522181205,2.18843261786,0.0,2.18843261786
 10/22  05:00:00,274.596488555,0.0,0.0,0.0,24.9203635341,149.522181205,2.19076416232,0.0,2.19076416232
 10/22  06:00:00,323.48392881,0.0,0.0,0.0,24.9203635341,149.522181205,2.18851772782,0.0,2.18851772782
 10/22  07:00:00,339.384657954,0.0,0.0,0.0,24.9203635341,149.522181205,2.18858248318,0.0,2.18858248318
 10/22  08:00:00,296.666324405,0.0,0.0,0.0,24.9203635341,149.522181205,2.18853440485,0.0,2.18853440485
 10/22  09:00:00,411.364009936,8.05203479521,106.281129768,0.0,24.9203635341,149.522181205,0.02,0.0,0.02
 10/22  10:00:00,498.326907994,15.8687861892,201.737084254,0.0,24.9203635341,149.522181205,2.18857703704,0.0,2.18857703704
 10/22  11:00:00,533.046287996,18.7832886058,224.917497212,0.0,24.9203635341,149.522181205,2.19002168095,0.0,2.19002168095
 10/22  12:00:00,609.484860997,24.5074435475,282.526219703,0.0,24.9203635341,149.522181205,2.19007932294,0.0,2.19007932294
 10/22  13:00:00,582.499634071,22.2722210083,259.91267235,0.0,24.9203635341,149.522181205,4.36451820133,0.0,4.36451820133
 10/22  14:00:00,633.545748275,26.0505021826,304.875761598,0.0,24.9203635341,149.522181205,2.19007990492,0.0,2.19007990492
 10/22  15:00:00,595.9618808,22.28678671,273.263963634,0.0,24.9203635341,149.522181205,2.18857866857,0.0,2.18857866857
 10/22  16:00:00,677.708661291,24.6316509202,301.450633376,0.0,24.9203635341,149.522181205,2.18858663921,0.0,2.18858663921
 10/22  17:00:00,622.659077424,18.9019950211,231.336308993,0.0,24.9203635341,149.522181205,0.02,0.0,0.02
 10/22  18:00:00,456.937654524,8.86827752759,103.149954713,0.0,24.9203635341,149.522181205,2.18858399046,0.0,2.18858399046
 10/22  19:00:00,323.483928895,0.0,0.0,0.0,24.9203635341,149.522181205,2.18860267019,0.0,2.18860267019
 10/22  20:00:00,323.483928905,0.0,0.0,0.0,24.9203635341,149.522181205,2.18844064637,0.0,2.18844064637
 10/22  21:00:00,299.040883839,0.0,0.0,0.0,24.9203635341,149.522181205,2.19069155858,0.0,2.19069155858
 10/22  22:00:00,274.59513769,0.0,0.0,0.0,24.9203635341,149.522181205,2.18852662436,0.0,2.18852662436
 10/22  23:00:00,250.150741889,0.0,0.0,0.0,24.9203635341,149.522181205,2.18859166994,0.0,2.18859166994
 10/22  24:00:00,237.928543627,0.0,0.0,0.0,24.9203635341,149.522181205,0.02,0.0,0.02
 10/23  01:00:00,287.769724878,0.0,0.0,0.0,24.9203635341,199.362908273,2.18917071424,0.0,2.18917071424
 10/23  02:00:00,287.769725005,0.0,0.0,0.0,24.9203635341,199.362908273,2.18935102871,0.0,2.18935102871
 10/23  03:00:00,287.769724946,0.0,0.0,0.0,24.9203635341,199.362908273,2.18925522652,0.0,2.18925522652
 10/23  04:00:00,299.991922797,0.0,0.0,0.0,24.9203635341,199.362908273,2.1891595578,0.0,2.1891595578
 10/23  05:00:00,349.35803549,0.0,0.0,0.0,49.8407270682,199.362908273,4.36277989805,0.0,4.36277989805
 10/23  06:00:00,782.180655978,30.7573154589,258.028933841,0.0,49.8407270682,199.362908273,371.39378199,369.203007184,2.19077480577
 10/23  07:00:00,725.488857552,30.3148174886,101.805483521,0.0,149.522181205,199.362908273,370.156529335,363.599155721,6.55737361338
 10/23  08:00:00,1185.50430049,30.3148174886,66.1089978053,0.0,448.566543614,448.566543614,183.913958633,170.747613175,13.1663454577
 10/23  09:00:00,1230.90458434,30.3148174886,127.743303999,0.0,448.566543614,448.566543614,124.115589239,110.9356655,13.1799237387
 10/23  10:00:00,1274.32650271,30.3148174886,218.113394681,0.0,448.566543614,448.566543614,79.3792112812,64.0011224834,15.3780887978
 10/23  11:00:00,1307.41809171,30.3148174886,250.54731482,0.0,448.566543614,448.566543614,79.2693582251,61.6482353847,17.6211228403
 10/23  12:00:00,1270.21252222,30.3148174886,262.932867593,0.0,448.566543614,398.725816546,87.8096722329,67.9204040289,19.889268204
 10/23  13:00:00,1329.55683966,30.3148174886,272.074577636,0.0,448.566543614,448.566543614,57.7450302434,37.8736592904,19.871370953
 10/23  14:00:00,1343.53435575,30.3599151134,285.307222471,0.0,448.566543614,448.566543614,45.4674131125,32.3089608802,13.1584522323
 10/23  15:00:00,1361.78671554,31.8452140255,301.509489207,0.0,448.566543614,448.566543614,18.7055759019,7.73610662777,10.9694692742
 10/23  16:00:00,1427.46464833,31.516068547,318.02073877,0.0,448.566543614,448.566543614,20.1286745634,4.72518253148,15.403492032
 10/23  17:00:00,1328.7453299,30.4289436993,332.989450359,0.0,348.885089477,398.725816546,23.8573904091,12.9158403255,10.9415500836
 10/23  18:00:00,1138.57779512,30.3148174886,325.957144057,0.0,249.203635341,299.044362409,49.5201457689,42.9583018302,6.56184393866
 10/23  19:00:00,1128.46897266,30.3148174886,307.13749357,0.0,249.203635341,299.044362409,86.988317022,80.4388455585,6.54947146358
 10/23  20:00:00,966.058514012,30.3148174886,294.865137961,0.0,149.522181205,249.203635341,125.770913763,119.216757303,6.55415646038
 10/23  21:00:00,938.22688212,30.3148174886,291.957933498,0.0,149.522181205,249.203635341,145.538718798,143.34745089,2.19126790831
 10/23  22:00:00,349.356681957,0.0,0.0,0.0,49.8407270682,199.362908273,2.18925922846,0.0,2.18925922846
 10/23  23:00:00,299.991922805,0.0,0.0,0.0,24.9203635341,199.362908273,2.18916311354,0.0,2.18916311354
 10/23  24:00:00,287.769725083,0.0,0.0,0.0,24.9203635341,199.362908273,2.18934443705,0.0,2.18934443705
 10/24  01:00:00,287.769728534,0.0,0.0,0.0,24.9203635341,199.362908273,2.18925690304,0.0,2.18925690304
 10/24  02:00:00,287.769728558,0.0,0.0,0.0,24.9203635341,199.362908273,2.18916689109,0.0,2.18916689109
 10/24  03:00:00,287.769728611,0.0,0.0,0.0,24.9203635341,199.362908273,2.18935456064,0.0,2.18935456064
 10/24  04:00:00,299.991926321,0.0,0.0,0.0,24.9203635341,199.362908273,2.18926491287,0.0,2.18926491287
 10/24  05:00:00,349.358040438,0.0,0.0,0.0,49.8407270682,199.362908273,2.19141414652,0.0,2.19141414652
 10/24  06:00:00,785.739679725,31.1105016863,261.164614012,0.0,49.8407270682,199.362908273,391.990925662,387.629362288,4.36156337386
 10/24  07:00:00,758.058998126,30.3148174886,123.976875841,0.0,149.522181205,199.362908273,371.278645332,364.720477079,6.55816825297
 10/24  08:00:00,1206.87862896,30.3148174886,77.8824770489,0.0,448.566543614,448.566543614,162.414635292,149.249187426,13.1654478659
 10/24  09:00:00,1254.58329944,30.3148174886,150.157133465,0.0,448.566543614,448.566543614,79.5921628264,66.4098875826,13.1822752438
 10/24  10:00:00,1291.81756343,30.4166190716,235.051365236,0.0,448.566543614,448.566543614,58.8855883851,43.5049103565,15.3806780286
 10/24  11:00:00,1318.22483226,31.5930937707,259.516676758,0.0,448.566543614,448.566543614,47.728146706,32.3083992059,15.4197475001
 10/24  12:00:00,1282.6421785,33.9617713934,271.01701991,0.0,448.566543614,398.725816546,54.7900751334,32.690701056,22.0993740774
 10/24  13:00:00,1337.86054087,35.1688687291,274.969949394,0.0,448.566543614,448.566543614,37.8752183283,18.0036009105,19.8716174178
 10/24  14:00:00,1335.97592571,34.1163523653,273.875458397,0.0,448.566543614,448.566543614,20.4383390731,7.28063312698,13.1577059462
 10/24  15:00:00,1332.91204536,33.5402337305,271.263303905,0.0,448.566543614,448.566543614,14.1106129715,3.14088088617,10.9697320853
 10/24  16:00:00,1380.54790245,34.0214673,269.585800746,0.0,448.566543614,448.566543614,17.0923627837,1.68764122098,15.4047215627
 10/24  17:00:00,1258.48043215,31.0831225523,263.548392608,0.0,348.885089477,398.725816546,25.1341408821,14.1919930405,10.9421478416
 10/24  18:00:00,1058.4556796,30.3148174886,247.506215245,0.0,249.203635341,299.044362409,55.5870735619,49.0242837856,6.56278977632
 10/24  19:00:00,1013.16966602,30.3148174886,193.698492436,0.0,249.203635341,299.044362409,108.029135252,101.480026769,6.54910848238
 10/24  20:00:00,778.138822473,30.3148174886,118.749221227,0.0,149.522181205,249.203635341,172.922511267,166.367860456,6.55465081053
 10/24  21:00:00,702.792305924,30.3148174886,82.3352944895,0.0,149.522181205,249.203635341,200.671666208,198.480250083,2.19141612501
 10/24  22:00:00,349.356685327,0.0,0.0,0.0,49.8407270682,199.362908273,2.18935042027,0.0,2.18935042027
 10/24  23:00:00,299.991926196,0.0,0.0,0.0,24.9203635341,199.362908273,2.18931525509,0.0,2.18931525509
 10/24  24:00:00,287.769728408,0.0,0.0,0.0,24.9203635341,199.362908273,2.18922598319,0.0,2.18922598319
 10/25  01:00:00,287.769732014,0.0,0.0,0.0,24.9203635341,199.362908273,2.18914357183,0.0,2.18914357183
 10/25  02:00:00,287.769732015,0.0,0.0,0.0,24.9203635341,199.362908273,2.18933808409,0.0,2.18933808409
 10/25  03:00:00,287.769731979,0.0,0.0,0.0,24.9203635341,199.362908273,2.18925425785,0.0,2.18925425785
 10/25  04:00:00,299.991929825,0.0,0.0,0.0,24.9203635341,199.362908273,2.18917057827,0.0,2.18917057827
 10/25  05:00:00,349.358046543,0.0,0.0,0.0,49.8407270682,199.362908273,2.19161430665,0.0,2.19161430665
 10/25  06:00:00,706.571514815,30.9869723121,203.654275195,0.0,49.8407270682,199.362908273,599.378028785,595.016653705,4.36137507973
 10/25  07:00:00,544.911564308,30.3148174886,0.0,0.0,149.522181205,199.362908273,951.490316881,944.93135692,6.55895996164
 10/25  08:00:00,1050.10949629,30.3148174886,0.0,0.0,448.566543614,448.566543614,494.052686246,480.886086325,13.1665999209
 10/25  09:00:00,1149.67259434,30.3148174886,81.2170713233,0.0,448.566543614,448.566543614,159.104726581,145.923905619,13.1808209619
 10/25  10:00:00,1142.37879446,30.6512975646,103.095893822,0.0,448.566543614,448.566543614,82.641414877,67.2594565065,15.3819583706
 10/25  11:00:00,1265.22157076,33.3565127137,206.153074624,0.0,448.566543614,448.566543614,63.0885916788,45.4635734746,17.6250182042
 10/25  12:00:00,1243.22284073,35.686827072,231.067686131,0.0,448.566543614,398.725816546,67.6939164021,47.8021597923,19.8917566098
 10/25  13:00:00,1299.85938816,37.4260550937,235.803118648,0.0,448.566543614,448.566543614,54.9751741135,35.1056100093,19.8695641043
 10/25  14:00:00,1302.06412182,37.7207514614,237.157778572,0.0,448.566543614,448.566543614,38.9072759056,25.7455655906,13.161710315
 10/25  15:00:00,1306.59106057,38.3404941726,240.678575165,0.0,448.566543614,448.566543614,17.0728565631,6.1036725817,10.9691839814
 10/25  16:00:00,1366.10995046,37.3668405672,251.791084754,0.0,448.566543614,448.566543614,23.6178909689,6.013525353,17.6043656159
 10/25  17:00:00,1253.48987117,32.6606822542,256.607155961,0.0,348.885089477,398.725816546,24.4817602828,15.7240388746,8.75772140818
 10/25  18:00:00,1057.81090019,30.4793421179,246.258142633,0.0,249.203635341,299.044362409,44.3932686616,35.6484035919,8.74486506969
 10/25  19:00:00,1047.96325906,30.3148174886,228.003177557,0.0,249.203635341,299.044362409,79.5400019385,75.1674961002,4.3725058383
 10/25  20:00:00,819.045503927,30.3148174886,151.988836406,0.0,149.522181205,249.203635341,145.007860347,138.453425606,6.55443474124
 10/25  21:00:00,734.748875988,30.3148174886,106.751480994,0.0,149.522181205,249.203635341,171.305956888,166.943320973,4.36263591439
 10/25  22:00:00,349.356688818,0.0,0.0,0.0,49.8407270682,199.362908273,2.18926209802,0.0,2.18926209802
 10/25  23:00:00,299.991929736,0.0,0.0,0.0,24.9203635341,199.362908273,2.18917883051,0.0,2.18917883051
 10/25  24:00:00,287.76973197,0.0,0.0,0.0,24.9203635341,199.362908273,2.18937416855,0.0,2.18937416855
 10/26  01:00:00,287.769735375,0.0,0.0,0.0,24.9203635341,199.362908273,2.18930124213,0.0,2.18930124213
 10/26  02:00:00,287.769735345,0.0,0.0,0.0,24.9203635341,199.362908273,2.18922335082,0.0,2.18922335082
 10/26  03:00:00,287.769735385,0.0,0.0,0.0,24.9203635341,199.362908273,2.18914564151,0.0,2.18914564151
 10/26  04:00:00,299.991933189,0.0,0.0,0.0,24.9203635341,199.362908273,0.02,0.0,0.02
 10/26  05:00:00,349.358051838,0.0,0.0,0.0,49.8407270682,199.362908273,4.36313080911,0.0,4.36313080911
 10/26  06:00:00,716.320294619,30.9785070454,205.101118369,0.0,49.8407270682,199.362908273,485.427512263,483.23686932,2.19064294367
 10/26  07:00:00,682.285815423,30.3148174886,74.1177711734,0.0,149.522181205,199.362908273,452.884039553,446.325315452,6.55872410117
 10/26  08:00:00,1144.96535735,30.3148174886,37.3724903898,0.0,448.566543614,448.566543614,203.786169359,190.614180441,13.1719889175
 10/26  09:00:00,1201.27972455,30.3148174886,107.912803637,0.0,448.566543614,448.566543614,107.981571988,92.6044641715,15.3771078165
 10/26  10:00:00,1272.43501014,30.9821818911,215.327956345,0.0,448.566543614,448.566543614,69.4650293587,56.2771191931,13.1879101656
 10/26  11:00:00,1313.85158365,33.8495336182,252.87738177,0.0,448.566543614,448.566543614,57.003860486,39.3803240377,17.6235364483
 10/26  12:00:00,1288.63830839,36.3034018173,274.3138105,0.0,448.566543614,398.725816546,60.1617484062,38.0592705135,22.1024778927
 10/26  13:00:00,1359.59479423,37.5573013349,293.628204419,0.0,448.566543614,448.566543614,42.1213600607,22.2481365007,19.87322356
 10/26  14:00:00,1376.87338203,37.926332719,309.956049087,0.0,448.566543614,448.566543614,23.892045244,10.7333828905,13.1586623535
 10/26  15:00:00,1387.78293871,38.7030275593,319.741502948,0.0,448.566543614,448.566543614,12.2373391135,1.26639011621,10.9709489973
 10/26  16:00:00,1447.83865701,38.4660116529,331.036234483,0.0,448.566543614,448.566543614,16.4631922192,1.05606420135,15.4071280179
 10/26  17:00:00,1326.21069359,33.5234936406,327.354180933,0.0,348.885089477,398.725816546,15.0898318042,4.14583699265,10.9439948116
 10/26  18:00:00,1130.01568284,30.725970976,308.49462948,0.0,249.203635341,299.044362409,33.962399433,25.2179679968,8.74443143619
 10/26  19:00:00,1114.52028697,30.3148174886,293.412132147,0.0,249.203635341,299.044362409,53.3421734245,48.9688704569,4.37330296758
 10/26  20:00:00,945.114081825,30.3148174886,274.294320607,0.0,149.522181205,249.203635341,112.251570595,105.69819427,6.55337632465
 10/26  21:00:00,910.910441883,30.3148174886,265.038100653,0.0,149.522181205,249.203635341,136.569451674,132.206681419,4.3627702551
 10/26  22:00:00,349.356692372,0.0,0.0,0.0,49.8407270682,199.362908273,2.18918351866,0.0,2.18918351866
 10/26  23:00:00,299.991933276,0.0,0.0,0.0,24.9203635341,199.362908273,0.02,0.0,0.02
 10/26  24:00:00,287.769735421,0.0,0.0,0.0,24.9203635341,199.362908273,2.18938594855,0.0,2.18938594855
 10/27  01:00:00,287.769738887,0.0,0.0,0.0,24.9203635341,199.362908273,2.18931474859,0.0,2.18931474859
 10/27  02:00:00,287.769738894,0.0,0.0,0.0,24.9203635341,199.362908273,2.18924273309,0.0,2.18924273309
 10/27  03:00:00,287.769738951,0.0,0.0,0.0,24.9203635341,199.362908273,2.1891709481,0.0,2.1891709481
 10/27  04:00:00,299.99193675,0.0,0.0,0.0,24.9203635341,199.362908273,2.18937998329,0.0,2.18937998329
 10/27  05:00:00,349.358058211,0.0,0.0,0.0,49.8407270682,199.362908273,4.36294471795,0.0,4.36294471795
 10/27  06:00:00,781.711345006,31.3394729172,256.78081362,0.0,49.8407270682,199.362908273,309.64664236,307.455920951,2.19072140898
 10/27  07:00:00,825.218914484,30.3148174886,181.851787468,0.0,149.522181205,199.362908273,307.321128268,300.763164615,6.55796365313
 10/27  08:00:00,1278.01936247,30.3148174886,137.558052305,0.0,448.566543614,448.566543614,137.209272797,124.038310794,13.1709620027
 10/27  09:00:00,1294.08397983,30.3148174886,189.321954032,0.0,448.566543614,448.566543614,75.4282061634,60.0499358593,15.378270304
 10/27  10:00:00,1314.82135134,31.0491692106,257.020434848,0.0,448.566543614,448.566543614,52.8790834509,39.6905650462,13.1885184047
 10/27  11:00:00,1352.99700252,33.8821667225,291.150471749,0.0,448.566543614,448.566543614,43.5422125799,25.91795827,17.6242543099
 10/27  12:00:00,1341.39431937,35.5634573571,326.840637551,0.0,448.566543614,398.725816546,44.6551027905,22.5511636602,22.1039391302
 10/27  13:00:00,1427.78461293,37.5531668244,358.729628749,0.0,448.566543614,448.566543614,27.1716027626,7.29687332439,19.8747294382
 10/27  14:00:00,1449.71330925,37.6753068463,376.043375451,0.0,448.566543614,448.566543614,14.7275607418,1.56797074908,13.1595899927
 10/27  15:00:00,1459.85144556,38.027459194,385.831059302,0.0,448.566543614,448.566543614,10.971944419,0.0,10.971944419
 10/27  16:00:00,1508.82136835,37.3761447429,386.558511368,0.0,448.566543614,448.566543614,17.6078503817,0.0,17.6078503817
 10/27  17:00:00,1384.36796882,32.4521952762,379.892269779,0.0,348.885089477,398.725816546,9.45295637544,0.694506237926,8.75845013751
 10/27  18:00:00,1192.45796206,30.5834744711,363.576277011,0.0,249.203635341,299.044362409,20.6779942068,11.9336083594,8.74438584741
 10/27  19:00:00,1174.3028728,30.3148174886,344.485654525,0.0,249.203635341,299.044362409,42.0393883598,37.6663339706,4.37305438921
 10/27  20:00:00,1011.55390457,30.3148174886,331.228053636,0.0,149.522181205,249.203635341,82.2695187293,75.7152822897,6.55423643959
 10/27  21:00:00,986.051256865,30.3148174886,330.161223765,0.0,149.522181205,249.203635341,96.4337462474,92.0708539594,4.36289228797
 10/27  22:00:00,349.356695846,0.0,0.0,0.0,49.8407270682,199.362908273,2.18917811997,0.0,2.18917811997
 10/27  23:00:00,299.991936716,0.0,0.0,0.0,24.9203635341,199.362908273,2.18938766951,0.0,2.18938766951
 10/27  24:00:00,287.769738828,0.0,0.0,0.0,24.9203635341,199.362908273,2.18931646803,0.0,2.18931646803
 10/28  01:00:00,237.929015257,0.0,0.0,0.0,24.9203635341,149.522181205,2.18925568226,0.0,2.18925568226
 10/28  02:00:00,237.929015283,0.0,0.0,0.0,24.9203635341,149.522181205,2.1891899402,0.0,2.1891899402
 10/28  03:00:00,237.929015302,0.0,0.0,0.0,24.9203635341,149.522181205,0.02,0.0,0.02
 10/28  04:00:00,250.151213064,0.0,0.0,0.0,24.9203635341,149.522181205,2.18940602853,0.0,2.18940602853
 10/28  05:00:00,274.596972377,0.0,0.0,0.0,24.9203635341,149.522181205,4.36316651446,0.0,4.36316651446
 10/28  06:00:00,850.242042974,31.1758556289,318.471869225,0.0,49.8407270682,199.362908273,219.051505761,216.860832527,2.19067323451
 10/28  07:00:00,865.792100805,30.3148174886,310.419153245,0.0,49.8407270682,199.362908273,244.959702634,240.592809903,4.36689273118
 10/28  08:00:00,1068.07071003,30.3148174886,314.93036065,0.0,249.203635341,249.203635341,175.188952906,168.639492606,6.54946029989
 10/28  09:00:00,1037.8009471,30.3148174886,322.572891644,0.0,249.203635341,249.203635341,97.1877498889,90.6244423347,6.56330755417
 10/28  10:00:00,998.669568909,30.3610243481,333.251800632,0.0,249.203635341,249.203635341,69.0629568791,60.3238503907,8.73910648836
 10/28  11:00:00,1013.51590494,32.1758864628,346.254059325,0.0,249.203635341,249.203635341,58.1296694652,49.3783606076,8.75130885759
 10/28  12:00:00,1036.72359147,34.985013896,366.154587309,0.0,249.203635341,249.203635341,53.961525202,47.400176357,6.56134884496
 10/28  13:00:00,1060.29863994,36.338823679,387.600060133,0.0,249.203635341,249.203635341,51.7394766997,43.0010873067,8.73838939298
 10/28  14:00:00,826.122715012,35.762862131,402.413955702,0.0,74.7610906023,174.442544739,66.3939866633,62.0204644377,4.37352222553
 10/28  15:00:00,831.682044805,33.5524586429,410.044761252,0.0,74.7610906023,174.442544739,44.0967317407,39.7266030848,4.37012865585
 10/28  16:00:00,883.70826414,32.9424865238,413.792938887,0.0,74.7610906023,174.442544739,44.706649191,38.1588897396,6.54775945139
 10/28  17:00:00,833.880563376,30.860671166,404.132246691,0.0,24.9203635341,149.522181205,56.740568589,54.5497970237,2.19077156536
 10/28  18:00:00,322.298704883,0.0,0.0,0.0,24.9203635341,149.522181205,4.36160194116,0.0,4.36160194116
 10/28  19:00:00,323.485309002,0.0,0.0,0.0,24.9203635341,149.522181205,2.19082891297,0.0,2.19082891297
 10/28  20:00:00,323.485308708,0.0,0.0,0.0,24.9203635341,149.522181205,2.19059387734,0.0,2.19059387734
 10/28  21:00:00,299.041823043,0.0,0.0,0.0,24.9203635341,149.522181205,4.36437783949,0.0,4.36437783949
 10/28  22:00:00,274.595608647,0.0,0.0,0.0,24.9203635341,149.522181205,2.1893383368,0.0,2.1893383368
 10/28  23:00:00,250.151213049,0.0,0.0,0.0,24.9203635341,149.522181205,2.18927321126,0.0,2.18927321126
 10/28  24:00:00,237.929015292,0.0,0.0,0.0,24.9203635341,149.522181205,2.18920810988,0.0,2.18920810988
 10/29  01:00:00,237.928563297,0.0,0.0,0.0,24.9203635341,149.522181205,0.02,0.0,0.02
 10/29  02:00:00,237.92856331,0.0,0.0,0.0,24.9203635341,149.522181205,2.18866493797,0.0,2.18866493797
 10/29  03:00:00,237.928563658,0.0,0.0,0.0,24.9203635341,149.522181205,2.188541223,0.0,2.188541223
 10/29  04:00:00,250.150761605,0.0,0.0,0.0,24.9203635341,149.522181205,2.18865053787,0.0,2.18865053787
 10/29  05:00:00,274.596522447,0.0,0.0,0.0,24.9203635341,149.522181205,2.19062810698,0.0,2.19062810698
 10/29  06:00:00,323.48394835,0.0,0.0,0.0,24.9203635341,149.522181205,2.18859565247,0.0,2.18859565247
 10/29  07:00:00,347.928343996,0.0,0.0,0.0,24.9203635341,149.522181205,2.18847255934,0.0,2.18847255934
 10/29  08:00:00,296.666343668,0.0,0.0,0.0,24.9203635341,149.522181205,2.18866102277,0.0,2.18866102277
 10/29  09:00:00,259.999749959,0.0,0.0,0.0,24.9203635341,149.522181205,0.02,0.0,0.02
 10/29  10:00:00,293.762413562,4.35619424151,61.2655483289,0.0,24.9203635341,149.522181205,2.18869309219,0.0,2.18869309219
 10/29  11:00:00,582.6748048,22.6527571124,263.761618908,0.0,24.9203635341,149.522181205,2.19011709037,0.0,2.19011709037
 10/29  12:00:00,519.668726374,20.7241266093,194.239760975,0.0,24.9203635341,149.522181205,2.19018964981,0.0,2.19018964981
 10/29  13:00:00,564.477070873,25.7808610946,230.950176929,0.0,24.9203635341,149.522181205,4.36490960555,0.0,4.36490960555
 10/29  14:00:00,517.819300011,21.9509035414,196.35646336,0.0,24.9203635341,149.522181205,2.19019717179,0.0,2.19019717179
 10/29  15:00:00,572.433678487,25.8781221921,244.355716946,0.0,24.9203635341,149.522181205,2.18865515565,0.0,2.18865515565
 10/29  16:00:00,574.688401984,20.660424664,205.596180339,0.0,24.9203635341,149.522181205,2.18867210581,0.0,2.18867210581
 10/29  17:00:00,648.354746755,22.2466274481,239.599447302,0.0,24.9203635341,149.522181205,2.18864215064,0.0,2.18864215064
 10/29  18:00:00,322.297343342,0.0,0.0,0.0,24.9203635341,149.522181205,0.02,0.0,0.02
 10/29  19:00:00,323.483948071,0.0,0.0,0.0,24.9203635341,149.522181205,2.18851878498,0.0,2.18851878498
 10/29  20:00:00,323.483948343,0.0,0.0,0.0,24.9203635341,149.522181205,2.18862898898,0.0,2.18862898898
 10/29  21:00:00,299.040918096,0.0,0.0,0.0,24.9203635341,149.522181205,2.19084237232,0.0,2.19084237232
 10/29  22:00:00,274.595157081,0.0,0.0,0.0,24.9203635341,149.522181205,2.18857502629,0.0,2.18857502629
 10/29  23:00:00,250.150761667,0.0,0.0,0.0,24.9203635341,149.522181205,2.18868511129,0.0,2.18868511129
 10/29  24:00:00,237.928563664,0.0,0.0,0.0,24.9203635341,149.522181205,2.18856239412,0.0,2.18856239412
 10/30  01:00:00,287.769749427,0.0,0.0,0.0,24.9203635341,199.362908273,2.1894546601,0.0,2.1894546601
 10/30  02:00:00,287.769749314,0.0,0.0,0.0,24.9203635341,199.362908273,2.18940108725,0.0,2.18940108725
 10/30  03:00:00,287.76974926,0.0,0.0,0.0,24.9203635341,199.362908273,2.18934769466,0.0,2.18934769466
 10/30  04:00:00,299.991947052,0.0,0.0,0.0,24.9203635341,199.362908273,2.1892944467,0.0,2.1892944467
 10/30  05:00:00,349.35807382,0.0,0.0,0.0,49.8407270682,199.362908273,2.19140215793,0.0,2.19140215793
 10/30  06:00:00,780.677557095,30.3287719151,257.202802357,0.0,49.8407270682,199.362908273,331.479530799,329.288579605,2.19095119379
 10/30  07:00:00,849.401362017,30.3148174886,205.85205448,0.0,149.522181205,199.362908273,314.28499467,305.546219755,8.73877491556
 10/30  08:00:00,1316.98224813,30.3148174886,176.599220281,0.0,448.566543614,448.566543614,174.733933176,161.566430169,13.1675030067
 10/30  09:00:00,1304.24057568,30.3148174886,199.969827788,0.0,448.566543614,448.566543614,142.620913809,129.438250042,13.1826637667
 10/30  10:00:00,1289.04826223,30.3148174886,233.415021582,0.0,448.566543614,448.566543614,124.563323368,109.179513526,15.3838098421
 10/30  11:00:00,1300.39178088,30.3148174886,244.716672326,0.0,448.566543614,448.566543614,114.058357668,96.4310303094,17.6273273585
 10/30  12:00:00,1265.27465285,30.3148174886,257.631516617,0.0,448.566543614,398.725816546,132.170703806,110.062371062,22.1083327445
 10/30  13:00:00,1343.82071239,30.3148174886,277.436886219,0.0,448.566543614,448.566543614,107.923561502,88.0465832504,19.8769782515
 10/30  14:00:00,1344.18474838,30.3148174886,279.0431647,0.0,448.566543614,448.566543614,99.0965776639,85.9356659791,13.1609116848
 10/30  15:00:00,1343.7115405,30.3148174886,280.649521851,0.0,448.566543614,448.566543614,98.1197353617,87.1460642179,10.9736711438
 10/30  16:00:00,1393.18561072,30.3148174886,282.050369709,0.0,448.566543614,448.566543614,107.454883836,89.8423652553,17.6125185806
 10/30  17:00:00,1277.61372161,30.3148174886,279.551051266,0.0,348.885089477,398.725816546,120.353249417,111.592626617,8.76062280004
 10/30  18:00:00,1076.2611752,30.3148174886,251.65284982,0.0,249.203635341,299.044362409,180.299633828,171.554583477,8.74505035161
 10/30  19:00:00,1037.19031473,30.3148174886,210.380059947,0.0,249.203635341,299.044362409,202.38971194,195.839860205,6.5498517357
 10/30  20:00:00,870.151950095,30.3148174886,191.268073101,0.0,149.522181205,249.203635341,260.809389799,254.255842959,6.55354684027
 10/30  21:00:00,840.770992606,30.3148174886,184.857668819,0.0,149.522181205,249.203635341,274.272696877,272.081294819,2.19140205865
 10/30  22:00:00,349.356706204,0.0,0.0,0.0,49.8407270682,199.362908273,2.18937312376,0.0,2.18937312376
 10/30  23:00:00,299.991947125,0.0,0.0,0.0,24.9203635341,199.362908273,2.18946109818,0.0,2.18946109818
 10/30  24:00:00,287.769749271,0.0,0.0,0.0,24.9203635341,199.362908273,2.18940815559,0.0,2.18940815559
 10/31  01:00:00,287.76975275,0.0,0.0,0.0,24.9203635341,199.362908273,2.18936392157,0.0,2.18936392157
 10/31  02:00:00,287.769752756,0.0,0.0,0.0,24.9203635341,199.362908273,2.18931644066,0.0,2.18931644066
 10/31  03:00:00,287.769752775,0.0,0.0,0.0,24.9203635341,199.362908273,2.18926917372,0.0,2.18926917372
 10/31  04:00:00,299.991950631,0.0,0.0,0.0,24.9203635341,199.362908273,2.18922206233,0.0,2.18922206233
 10/31  05:00:00,349.358079183,0.0,0.0,0.0,49.8407270682,199.362908273,2.1914803618,0.0,2.1914803618
 10/31  06:00:00,781.043900658,30.372442937,251.745081517,0.0,49.8407270682,199.362908273,503.022623774,498.660805869,4.36181790567
 10/31  07:00:00,759.238595884,30.3148174886,116.759322081,0.0,149.522181205,199.362908273,442.000299729,435.440645711,6.55965401763
 10/31  08:00:00,1205.35081758,30.3148174886,66.1619356024,0.0,448.566543614,448.566543614,250.045429558,236.874504711,13.1709248476
 10/31  09:00:00,1210.63337148,30.3148174886,107.207579415,0.0,448.566543614,448.566543614,123.394705983,108.013510311,15.3811956725
 10/31  10:00:00,1242.16539831,30.5161881168,186.50852104,0.0,448.566543614,448.566543614,84.142453324,70.9509300673,13.1915232566
 10/31  11:00:00,1317.55501953,32.8933279587,258.58072156,0.0,448.566543614,448.566543614,69.5142760693,51.8843990005,17.6298770689
 10/31  12:00:00,1284.69817849,35.1412665148,272.754457518,0.0,448.566543614,398.725816546,77.5041415852,55.3929279501,22.1112136351
 10/31  13:00:00,1342.74974318,36.6800940718,279.084256999,0.0,448.566543614,448.566543614,57.8274310204,37.9497190838,19.8777119366
 10/31  14:00:00,1352.23561284,36.2637817738,288.391557638,0.0,448.566543614,448.566543614,35.0477339272,21.8808755541,13.1668583731
 10/31  15:00:00,1360.49209782,36.1313657754,296.44539888,0.0,448.566543614,448.566543614,17.1868287839,4.02678859004,13.1600401938
 10/31  16:00:00,1409.95378386,34.2202434572,298.670358104,0.0,448.566543614,448.566543614,19.7647018915,4.3542122626,15.4104896289
 10/31  17:00:00,1296.63021615,31.7904908127,300.720909208,0.0,348.885089477,398.725816546,28.5660429023,17.6215688105,10.9444740918
 10/31  18:00:00,1119.10816757,30.330437373,299.442708751,0.0,249.203635341,299.044362409,60.8286904211,54.0336070685,6.79508335265
 10/31  19:00:00,1105.44358588,30.3148174886,285.513940584,0.0,249.203635341,299.044362409,109.942387721,103.621967942,6.32041977919
 10/31  20:00:00,932.016644863,30.3148174886,262.028931895,0.0,149.522181205,249.203635341,160.714735959,154.160434744,6.55430121527
 10/31  21:00:00,838.316652349,30.3148174886,193.624548393,0.0,149.522181205,249.203635341,189.014820702,184.651530447,4.36329025479
 10/31  22:00:00,349.356709774,0.0,0.0,0.0,49.8407270682,199.362908273,2.18944569857,0.0,2.18944569857
 10/31  23:00:00,299.991950584,0.0,0.0,0.0,24.9203635341,199.362908273,2.18939892378,0.0,2.18939892378
 10/31  24:00:00,287.769752742,0.0,0.0,0.0,24.9203635341,199.362908273,2.18935216443,0.0,2.18935216443
 11/01  01:00:00,287.769756217,0.0,0.0,0.0,24.9203635341,199.362908273,2.18931591787,0.0,2.18931591787
 11/01  02:00:00,287.76975622,0.0,0.0,0.0,24.9203635341,199.362908273,2.18927471235,0.0,2.18927471235
 11/01  03:00:00,287.769756239,0.0,0.0,0.0,24.9203635341,199.362908273,2.18923370348,0.0,2.18923370348
 11/01  04:00:00,299.991954044,0.0,0.0,0.0,24.9203635341,199.362908273,0.02,0.0,0.02
 11/01  05:00:00,349.358085119,0.0,0.0,0.0,49.8407270682,199.362908273,4.36354449693,0.0,4.36354449693
 11/01  06:00:00,751.972549634,30.6103988965,228.504033215,0.0,49.8407270682,199.362908273,441.161408143,438.970521117,2.19088702531
 11/01  07:00:00,776.821138962,30.3148174886,134.351724673,0.0,149.522181205,199.362908273,399.660824679,390.921879653,8.73894502591
 11/01  08:00:00,1236.29523146,30.3148174886,96.5194539372,0.0,448.566543614,448.566543614,223.258039624,210.089270938,13.1687686868
 11/01  09:00:00,1266.38169534,30.3148174886,162.334143178,0.0,448.566543614,448.566543614,138.398193076,125.213600548,13.1845925276
 11/01  10:00:00,1295.8243621,30.3148174886,240.006135741,0.0,448.566543614,448.566543614,103.840127404,88.4554344219,15.3846929822
 11/01  11:00:00,1326.63470981,30.3148174886,270.389116888,0.0,448.566543614,448.566543614,91.4510682136,73.8178586863,17.6332095273
 11/01  12:00:00,1288.36606948,30.6632768692,281.14543423,0.0,448.566543614,398.725816546,92.494506584,70.3825349801,22.1119716039
 11/01  13:00:00,1353.84372402,32.9604063966,293.816683574,0.0,448.566543614,448.566543614,57.697873184,37.8132372969,19.8846358871
 11/01  14:00:00,1368.14024465,33.3046610646,306.994675522,0.0,448.566543614,448.566543614,35.9505195182,22.7844904426,13.1660290755
 11/01  15:00:00,1380.68550196,31.8808751581,320.439719612,0.0,448.566543614,448.566543614,23.9679375272,10.8084536306,13.1594838966
 11/01  16:00:00,1448.35970585,31.1650170872,335.947215279,0.0,448.566543614,448.566543614,25.3978510913,9.98518028786,15.4126708034
 11/01  17:00:00,1344.95795329,30.3948978698,342.524446433,0.0,348.885089477,398.725816546,31.7530530203,20.8073442393,10.945708781
 11/01  18:00:00,1160.94363895,30.3148174886,332.28827825,0.0,249.203635341,299.044362409,75.7273401968,69.1634670537,6.56387314303
 11/01  19:00:00,1153.88510916,30.3148174886,324.027164125,0.0,249.203635341,299.044362409,100.881920378,94.3311132242,6.5508071536
 11/01  20:00:00,1001.36615619,30.3148174886,321.000426102,0.0,149.522181205,249.203635341,139.985398243,133.431046984,6.55435125943
 11/01  21:00:00,976.811334424,30.3148174886,320.877365492,0.0,149.522181205,249.203635341,160.477818079,156.114513642,4.36330443676
 11/01  22:00:00,349.356713214,0.0,0.0,0.0,49.8407270682,199.362908273,2.18945347882,0.0,2.18945347882
 11/01  23:00:00,299.991954036,0.0,0.0,0.0,24.9203635341,199.362908273,2.18941285949,0.0,2.18941285949
 11/01  24:00:00,287.769756196,0.0,0.0,0.0,24.9203635341,199.362908273,2.18937225602,0.0,2.18937225602
 11/02  01:00:00,287.769759659,0.0,0.0,0.0,24.9203635341,199.362908273,2.1893421787,0.0,2.1893421787
 11/02  02:00:00,287.769759654,0.0,0.0,0.0,24.9203635341,199.362908273,2.18930714273,0.0,2.18930714273
 11/02  03:00:00,287.769759663,0.0,0.0,0.0,24.9203635341,199.362908273,2.18927230106,0.0,2.18927230106
 11/02  04:00:00,299.991957484,0.0,0.0,0.0,24.9203635341,199.362908273,2.18923761108,0.0,2.18923761108
 11/02  05:00:00,349.358090628,0.0,0.0,0.0,49.8407270682,199.362908273,2.19139134314,0.0,2.19139134314
 11/02  06:00:00,825.49260175,30.8005680021,294.014217293,0.0,49.8407270682,199.362908273,341.896180333,339.705225725,2.19095460872
 11/02  07:00:00,847.165627246,30.3148174886,192.047930896,0.0,149.522181205,199.362908273,339.782911578,331.043480143,8.73943143465
 11/02  08:00:00,1270.76932446,30.3148174886,130.541483795,0.0,448.566543614,448.566543614,160.129638295,146.959635988,13.1700023075
 11/02  09:00:00,1273.72943179,30.3148174886,167.853271756,0.0,448.566543614,448.566543614,93.0526959685,79.8665180549,13.1861779136
 11/02  10:00:00,1297.59882167,30.8095806498,230.756187792,0.0,448.566543614,448.566543614,65.4319735104,50.0439341742,15.3880393362
 11/02  11:00:00,1349.93313096,33.6395609412,280.265434023,0.0,448.566543614,448.566543614,56.1691698782,38.5365508433,17.6326190349
 11/02  12:00:00,1323.37090385,35.3353810682,301.844400486,0.0,448.566543614,398.725816546,59.5076334354,37.3903909346,22.1172425007
 11/02  13:00:00,1394.8239388,35.5343179209,323.274009703,0.0,448.566543614,448.566543614,37.2811533496,17.3996631518,19.8814901978
 11/02  14:00:00,1410.36601834,35.0793832794,339.288469703,0.0,448.566543614,448.566543614,19.4205878821,6.25128239442,13.1693054877
 11/02  15:00:00,1420.85928576,35.0334015409,349.832324015,0.0,448.566543614,448.566543614,13.8315428011,0.668638614721,13.1629041864
 11/02  16:00:00,1480.19063023,34.3396113904,360.96380218,0.0,448.566543614,448.566543614,18.0407589074,0.426220303701,17.6145386037
 11/02  17:00:00,1358.6774969,31.7047255116,354.945595833,0.0,348.885089477,398.725816546,14.2973543486,5.5370620638,8.76029228477
 11/02  18:00:00,1160.67551488,30.3413820496,332.017437607,0.0,249.203635341,299.044362409,46.228798615,37.4833642902,8.74543432476
 11/02  19:00:00,1137.80510377,30.3148174886,307.960805922,0.0,249.203635341,299.044362409,80.8786074298,76.5052429962,4.37336443365
 11/02  20:00:00,973.645402338,30.3148174886,293.288430883,0.0,149.522181205,249.203635341,131.115973714,122.382611668,8.73336204532
 11/02  21:00:00,911.798252086,30.3148174886,266.121106915,0.0,149.522181205,249.203635341,153.065371394,150.873957928,2.19141346555
 11/02  22:00:00,349.356716353,0.0,0.0,0.0,49.8407270682,199.362908273,2.18937916802,0.0,2.18937916802
 11/02  23:00:00,299.991957274,0.0,0.0,0.0,24.9203635341,199.362908273,2.18948715463,0.0,2.18948715463
 11/02  24:00:00,287.769759488,0.0,0.0,0.0,24.9203635341,199.362908273,2.18945264846,0.0,2.18945264846
 11/03  01:00:00,287.769762972,0.0,0.0,0.0,24.9203635341,199.362908273,2.1894268844,0.0,2.1894268844
 11/03  02:00:00,287.76976299,0.0,0.0,0.0,24.9203635341,199.362908273,2.1893978975,0.0,2.1893978975
 11/03  03:00:00,287.769763012,0.0,0.0,0.0,24.9203635341,199.362908273,2.18936912298,0.0,2.18936912298
 11/03  04:00:00,299.991960839,0.0,0.0,0.0,24.9203635341,199.362908273,2.18934051236,0.0,2.18934051236
 11/03  05:00:00,349.358095769,0.0,0.0,0.0,49.8407270682,199.362908273,2.19164650316,0.0,2.19164650316
 11/03  06:00:00,769.769996411,31.0026370654,245.401167244,0.0,49.8407270682,199.362908273,402.15747733,397.795379081,4.36209824914
 11/03  07:00:00,736.789598148,30.3148174886,101.46176053,0.0,149.522181205,199.362908273,388.699286663,382.13957818,6.55970848258
 11/03  08:00:00,1172.64912887,30.3148174886,55.4394240549,0.0,448.566543614,448.566543614,228.63531769,215.460753282,13.1745644078
 11/03  09:00:00,1190.34413401,30.3148174886,93.3163111637,0.0,448.566543614,448.566543614,175.278865945,159.89742507,15.3814408752
 11/03  10:00:00,1193.71358049,30.3148174886,138.448620901,0.0,448.566543614,448.566543614,141.687829819,126.298705665,15.3891241535
 11/03  11:00:00,1217.53127132,30.3148174886,162.068225133,0.0,448.566543614,448.566543614,126.157356935,108.523557611,17.6337993239
 11/03  12:00:00,1177.05733506,30.3148174886,171.321985226,0.0,448.566543614,398.725816546,136.104797433,113.988346554,22.1164508787
 11/03  13:00:00,1245.18754678,30.3148174886,189.442603357,0.0,448.566543614,448.566543614,102.218393066,82.3325818749,19.885811191
 11/03  14:00:00,1271.80270752,30.3148174886,215.67764579,0.0,448.566543614,448.566543614,81.8753248513,68.7098010896,13.1655237616
 11/03  15:00:00,1291.36545051,30.3148174886,235.051181051,0.0,448.566543614,448.566543614,84.4694692938,71.3100307909,13.1594385029
 11/03  16:00:00,1334.2275814,30.3148174886,229.090344486,0.0,448.566543614,448.566543614,95.7006663169,80.2869143307,15.4137519862
 11/03  17:00:00,1201.02736977,30.3148174886,208.933739723,0.0,348.885089477,398.725816546,116.823550292,105.877176996,10.9463732961
 11/03  18:00:00,1010.50420306,30.3148174886,183.995749333,0.0,249.203635341,299.044362409,164.034207726,157.469860173,6.56434755335
 11/03  19:00:00,984.993785257,30.3148174886,166.1488786,0.0,249.203635341,299.044362409,188.306775354,181.755476968,6.55129838556
 11/03  20:00:00,822.57810574,30.3148174886,153.469637459,0.0,149.522181205,249.203635341,251.701200548,245.146204788,6.55499575929
 11/03  21:00:00,756.815171341,30.3148174886,112.776570293,0.0,149.522181205,249.203635341,290.894873767,286.531180016,4.36369375165
 11/03  22:00:00,349.356719943,0.0,0.0,0.0,49.8407270682,199.362908273,2.18936077751,0.0,2.18936077751
 11/03  23:00:00,299.991960854,0.0,0.0,0.0,24.9203635341,199.362908273,2.18933257733,0.0,2.18933257733
 11/03  24:00:00,287.769763072,0.0,0.0,0.0,24.9203635341,199.362908273,2.18930440012,0.0,2.18930440012
 11/04  01:00:00,237.929039475,0.0,0.0,0.0,24.9203635341,149.522181205,2.18928586556,0.0,2.18928586556
 11/04  02:00:00,237.929039484,0.0,0.0,0.0,24.9203635341,149.522181205,2.18926325463,0.0,2.18926325463
 11/04  03:00:00,237.929039451,0.0,0.0,0.0,24.9203635341,149.522181205,2.18952974776,0.0,2.18952974776
 11/04  04:00:00,250.151237205,0.0,0.0,0.0,24.9203635341,149.522181205,2.18950727015,0.0,2.18950727015
 11/04  05:00:00,274.597010392,0.0,0.0,0.0,24.9203635341,149.522181205,2.19169262616,0.0,2.19169262616
 11/04  06:00:00,728.014641229,30.3148174886,205.552663399,0.0,49.8407270682,199.362908273,681.700842514,679.509771785,2.19107072955
 11/04  07:00:00,598.339546222,30.3148174886,75.6071021214,0.0,49.8407270682,199.362908273,609.174032039,602.632021093,6.54201094631
 11/04  08:00:00,720.798748678,30.3148174886,15.6288351662,0.0,249.203635341,249.203635341,472.432977394,468.058791054,4.3741863396
 11/04  09:00:00,684.462061768,30.3148174886,16.0855480793,0.0,249.203635341,249.203635341,445.481358106,436.734790373,8.74656773326
 11/04  10:00:00,634.880784771,30.3148174886,15.6659058303,0.0,249.203635341,249.203635341,417.775208517,411.215952518,6.55925599888
 11/04  11:00:00,634.042154635,30.3148174886,15.0308914258,0.0,249.203635341,249.203635341,400.848520121,392.096030385,8.75248973587
 11/04  12:00:00,642.924775684,30.3148174886,21.8282340621,0.0,249.203635341,249.203635341,369.010436829,360.266882221,8.74355460802
 11/04  13:00:00,662.245806141,30.3148174886,35.8141200167,0.0,249.203635341,249.203635341,342.190110325,335.630505328,6.55960499701
 11/04  14:00:00,430.93352233,30.3148174886,47.6610855111,0.0,74.7610906023,174.442544739,386.02904356,379.477880408,6.55116315279
 11/04  15:00:00,446.340981589,30.3148174886,55.9879318331,0.0,74.7610906023,174.442544739,389.725022,383.179268341,6.54575365882
 11/04  16:00:00,502.424115571,30.3148174886,59.560616317,0.0,74.7610906023,174.442544739,400.015760736,395.643384377,4.37237635938
 11/04  17:00:00,466.647611184,30.3148174886,59.7186060849,0.0,24.9203635341,149.522181205,496.693894927,494.503166017,2.19072891031
 11/04  18:00:00,330.842405518,0.0,0.0,0.0,24.9203635341,149.522181205,4.36181598676,0.0,4.36181598676
 11/04  19:00:00,323.485342263,0.0,0.0,0.0,24.9203635341,149.522181205,2.19092773715,0.0,2.19092773715
 11/04  20:00:00,323.485342762,0.0,0.0,0.0,24.9203635341,149.522181205,2.19073287745,0.0,2.19073287745
 11/04  21:00:00,299.041865865,0.0,0.0,0.0,24.9203635341,149.522181205,4.36468538904,0.0,4.36468538904
 11/04  22:00:00,274.595632678,0.0,0.0,0.0,24.9203635341,149.522181205,2.18939245504,0.0,2.18939245504
 11/04  23:00:00,250.151237117,0.0,0.0,0.0,24.9203635341,149.522181205,2.1893704251,0.0,2.1893704251
 11/04  24:00:00,259.921714186,1.23220662524,0.665616112541,0.0,24.9203635341,149.522181205,9.73274374307,7.54322041897,2.1895233241
 11/05  01:00:00,273.923803671,2.05367770873,1.20173740394,0.0,24.9203635341,149.522181205,17.3269795855,15.138225269,2.18875431647
 11/05  02:00:00,266.747309686,1.64294216698,1.00281800112,0.0,24.9203635341,149.522181205,16.0524572666,13.8638469685,2.18861029815
 11/05  03:00:00,273.643841828,2.05367770873,0.996866665118,0.0,24.9203635341,149.522181205,20.7546757302,20.7346757302,0.02
 11/05  04:00:00,278.675680779,1.64294216698,0.762434545605,0.0,24.9203635341,149.522181205,18.8004393763,16.6116738461,2.18876553018
 11/05  05:00:00,308.226078493,2.05367770873,0.598215889759,0.0,24.9203635341,149.522181205,28.0994632851,23.7374048384,4.36205844668
 11/05  06:00:00,348.418836991,1.64294216698,0.463794676877,0.0,24.9203635341,149.522181205,19.7978906838,19.7778906838,0.02
 11/05  07:00:00,376.351030657,2.05367770873,0.300042012669,0.0,24.9203635341,149.522181205,34.2391028345,32.0503394647,2.18876336974
 11/05  08:00:00,324.56046445,1.64294216698,0.117579341222,0.0,24.9203635341,149.522181205,27.2906048752,25.1018287055,2.18877616972
 11/05  09:00:00,281.041313048,2.05367770873,0.097667016652,0.0,24.9203635341,149.522181205,27.5606068602,25.3719374377,2.18866942251
 11/05  10:00:00,236.69435535,1.64294216698,0.471929707878,0.0,24.9203635341,149.522181205,12.0213670928,9.83266092085,2.18870617198
 11/05  11:00:00,248.744130282,2.05367770873,1.15395977023,0.0,24.9203635341,149.522181205,11.0966208731,8.90633651808,2.19028435506
 11/05  12:00:00,287.257643923,5.46305900601,30.6059582128,0.0,24.9203635341,149.522181205,7.59291924796,5.40261882238,2.19030042558
 11/05  13:00:00,524.894360445,22.9737948025,203.02259648,0.0,24.9203635341,149.522181205,7.49730784562,3.13208103047,4.36522681515
 11/05  14:00:00,498.782724441,18.3537166613,183.773444403,0.0,24.9203635341,149.522181205,2.19031275546,0.0,2.19031275546
 11/05  15:00:00,546.412979503,21.9053132144,225.817339342,0.0,24.9203635341,149.522181205,2.18870266832,0.0,2.18870266832
 11/05  16:00:00,520.600717955,17.4282098152,183.094380184,0.0,24.9203635341,149.522181205,2.18876373199,0.0,2.18876373199
 11/05  17:00:00,427.523772356,8.08883230475,93.1011126554,0.0,24.9203635341,149.522181205,0.02,0.0,0.02
 11/05  18:00:00,330.841029629,0.0,0.0,0.0,24.9203635341,149.522181205,2.18877630025,0.0,2.18877630025
 11/05  19:00:00,323.483967529,0.0,0.0,0.0,24.9203635341,149.522181205,2.1886932439,0.0,2.1886932439
 11/05  20:00:00,323.483967551,0.0,0.0,0.0,24.9203635341,149.522181205,2.18861072281,0.0,2.18861072281
 11/05  21:00:00,361.013082343,1.64294216698,9.77299263217,0.0,24.9203635341,149.522181205,6.49796893573,4.30688222904,2.19108670669
 11/05  22:00:00,342.165392197,2.05367770873,9.27741192406,0.0,24.9203635341,149.522181205,9.1469204323,6.95819437629,2.18872605601
 11/05  23:00:00,286.385799296,1.64294216698,5.78752159256,0.0,24.9203635341,149.522181205,9.62696349531,7.43840037466,2.18856312065
 11/05  24:00:00,280.727700675,2.05367770873,6.3416748554,0.0,24.9203635341,149.522181205,12.530720014,10.3420005351,2.18871947884
 11/06  01:00:00,319.459831827,1.64294216698,3.80254377264,0.0,24.9203635341,199.362908273,11.9220219353,9.73250535838,2.18951657693
 11/06  02:00:00,326.835348063,2.05367770873,4.2952738482,0.0,24.9203635341,199.362908273,14.7518392881,12.5624069635,2.18943232465
 11/06  03:00:00,318.146938609,1.64294216698,2.59712434372,0.0,24.9203635341,199.362908273,14.2383757031,12.0488067425,2.18956896057
 11/06  04:00:00,325.485211169,2.05367770873,3.00015135463,0.0,24.9203635341,199.362908273,18.5461831666,16.3567708923,2.18941227434
 11/06  05:00:00,329.009833261,1.64294216698,1.29228700284,0.0,24.9203635341,199.362908273,18.7514940304,16.5622671661,2.18922686428
 11/06  06:00:00,383.02375163,2.05367770873,1.61080179312,0.0,49.8407270682,199.362908273,22.9642102311,20.7723200994,2.19189013168
 11/06  07:00:00,709.518172596,30.3148174886,202.445469615,0.0,49.8407270682,199.362908273,1046.82060769,1044.62960227,2.19100541577
 11/06  08:00:00,510.696237651,30.3148174886,0.0,0.0,149.522181205,199.362908273,858.214830423,849.474561899,8.74026852326
 11/06  09:00:00,1230.15716919,30.3148174886,98.2050750612,0.0,448.566543614,448.566543614,257.948253015,244.770874929,13.177378086
 11/06  10:00:00,1278.1892319,30.6286879119,174.779459791,0.0,448.566543614,448.566543614,162.581797112,147.196403194,15.3853939187
 11/06  11:00:00,1322.91489785,33.1497591814,264.545943247,0.0,448.566543614,448.566543614,129.30938725,113.91624661,15.3931406408
 11/06  12:00:00,1349.6169078,35.8995548116,287.572857338,0.0,448.566543614,448.566543614,113.450341568,95.8124364319,17.6379051359
 11/06  13:00:00,1320.96308027,37.2513857114,306.691293703,0.0,448.566543614,398.725816546,118.321011,96.1965333312,22.1244776685
 11/06  14:00:00,1388.29968048,37.4999553264,323.56969963,0.0,448.566543614,448.566543614,70.9538526328,51.0634646373,19.8903879956
 11/06  15:00:00,1394.09182216,36.4719633154,330.132911891,0.0,448.566543614,448.566543614,31.615395884,18.4442148662,13.1711810178
 11/06  16:00:00,1394.21692288,34.3513976282,332.159511897,0.0,448.566543614,448.566543614,27.1201781287,13.9544388074,13.1657393213
 11/06  17:00:00,1440.34003589,32.0767311228,331.756987937,0.0,448.566543614,448.566543614,35.1103273891,17.4916133581,17.618714031
 11/06  18:00:00,1344.04792154,30.4787435625,316.328419659,0.0,348.885089477,398.725816546,56.7298817295,47.9679583478,8.76192338171
 11/06  19:00:00,1146.91174489,30.3148174886,302.350058483,0.0,249.203635341,299.044362409,118.820941269,110.073980085,8.7469611843
 11/06  20:00:00,1114.44634512,30.3148174886,294.972381244,0.0,249.203635341,299.044362409,140.895020939,134.343601175,6.55141976409
 11/06  21:00:00,959.615296346,30.3148174886,290.074139743,0.0,149.522181205,249.203635341,188.077741668,181.521265693,6.55647597477
 11/06  22:00:00,936.280767895,30.3148174886,291.564466618,0.0,149.522181205,249.203635341,200.105987393,197.914153809,2.19183358352
 11/06  23:00:00,349.356730174,0.0,0.0,0.0,49.8407270682,199.362908273,2.18956640189,0.0,2.18956640189
 11/06  24:00:00,299.991970988,0.0,0.0,0.0,24.9203635341,199.362908273,2.1894971527,0.0,2.1894971527
 11/07  01:00:00,287.769776611,0.0,0.0,0.0,24.9203635341,199.362908273,2.18949354233,0.0,2.18949354233
 11/07  02:00:00,287.769776611,0.0,0.0,0.0,24.9203635341,199.362908273,2.18948928962,0.0,2.18948928962
 11/07  03:00:00,287.769776612,0.0,0.0,0.0,24.9203635341,199.362908273,2.18948526169,0.0,2.18948526169
 11/07  04:00:00,287.769776612,0.0,0.0,0.0,24.9203635341,199.362908273,2.18948140063,0.0,2.18948140063
 11/07  05:00:00,299.991974416,0.0,0.0,0.0,24.9203635341,199.362908273,2.18947766368,0.0,2.18947766368
 11/07  06:00:00,349.358117807,0.0,0.0,0.0,49.8407270682,199.362908273,4.36368978146,0.0,4.36368978146
 11/07  07:00:00,809.02145778,30.3148174886,286.673169867,0.0,49.8407270682,199.362908273,337.110019194,334.919021505,2.19099768944
 11/07  08:00:00,873.610852192,30.3148174886,273.217173555,0.0,149.522181205,199.362908273,302.774469385,294.033781475,8.74068791005
 11/07  09:00:00,1421.76273827,30.3148174886,281.202886277,0.0,448.566543614,448.566543614,115.476447059,102.302007446,13.1744396126
 11/07  10:00:00,1401.92168061,30.3202152174,296.862498851,0.0,448.566543614,448.566543614,65.962273005,50.5760389679,15.3862340371
 11/07  11:00:00,1381.05884802,31.4251936538,318.301290508,0.0,448.566543614,448.566543614,50.9273774385,35.5360514194,15.3913260191
 11/07  12:00:00,1410.3374354,31.9386616121,342.379211542,0.0,448.566543614,448.566543614,43.1288984956,25.4899973132,17.6389011823
 11/07  13:00:00,1392.03338396,33.1242442093,372.729839628,0.0,448.566543614,398.725816546,42.3273595578,20.200663847,22.1266957108
 11/07  14:00:00,1471.18591292,34.3847499325,400.793807554,0.0,448.566543614,448.566543614,25.6395675581,5.74834915865,19.8912183994
 11/07  15:00:00,1492.42051335,35.3066949261,421.465708419,0.0,448.566543614,448.566543614,13.7016583984,0.528844717726,13.1728136807
 11/07  16:00:00,1494.85469991,34.0929277506,425.844814233,0.0,448.566543614,448.566543614,13.2690374751,0.101459043404,13.1675784317
 11/07  17:00:00,1525.91285444,31.6630183652,411.225593835,0.0,448.566543614,448.566543614,18.9074768596,1.28684518596,17.6206316737
 11/07  18:00:00,1420.16062294,30.4050788392,386.202410251,0.0,348.885089477,398.725816546,31.7649005956,20.8180362565,10.9468643391
 11/07  19:00:00,1218.89885517,30.3148174886,367.511521578,0.0,249.203635341,299.044362409,66.8838851421,60.3187975323,6.56508760985
 11/07  20:00:00,1186.5336415,30.3148174886,359.854431216,0.0,249.203635341,299.044362409,82.7555636277,76.2046131263,6.55095050146
 11/07  21:00:00,1029.96759237,30.3148174886,352.916716207,0.0,149.522181205,249.203635341,111.235756327,104.68079139,6.554964937
 11/07  22:00:00,1000.39022785,30.3148174886,347.418155283,0.0,149.522181205,249.203635341,126.413072584,122.049474501,4.36359808279
 11/07  23:00:00,349.356733598,0.0,0.0,0.0,49.8407270682,199.362908273,2.1893118422,0.0,2.1893118422
 11/07  24:00:00,299.991974481,0.0,0.0,0.0,24.9203635341,199.362908273,2.18930861962,0.0,2.18930861962
 11/08  01:00:00,287.769780063,0.0,0.0,0.0,24.9203635341,199.362908273,2.18931501186,0.0,2.18931501186
 11/08  02:00:00,287.769780042,0.0,0.0,0.0,24.9203635341,199.362908273,2.18931734684,0.0,2.18931734684
 11/08  03:00:00,287.769780026,0.0,0.0,0.0,24.9203635341,199.362908273,2.18931985896,0.0,2.18931985896
 11/08  04:00:00,287.769780013,0.0,0.0,0.0,24.9203635341,199.362908273,2.18932250076,0.0,2.18932250076
 11/08  05:00:00,299.991977806,0.0,0.0,0.0,24.9203635341,199.362908273,2.18932523725,0.0,2.18932523725
 11/08  06:00:00,349.358122602,0.0,0.0,0.0,49.8407270682,199.362908273,2.19186687865,0.0,2.19186687865
 11/08  07:00:00,888.68439446,30.5730638615,358.728878902,0.0,49.8407270682,199.362908273,162.547987569,158.186036297,4.36195127152
 11/08  08:00:00,960.257356846,30.3148174886,353.788119844,0.0,149.522181205,199.362908273,179.576941326,173.015981053,6.56096027286
 11/08  09:00:00,1492.52712178,30.3148174886,346.931323206,0.0,448.566543614,448.566543614,95.6869471928,82.5094085086,13.1775386842
 11/08  10:00:00,1446.33326315,30.3148174886,337.908434068,0.0,448.566543614,448.566543614,90.0842121473,74.6974182443,15.3867939031
 11/08  11:00:00,1377.68114189,30.3148174886,317.720450092,0.0,448.566543614,448.566543614,84.3063106006,68.9141029573,15.3922076433
 11/08  12:00:00,1359.71047537,30.3148174886,297.791162508,0.0,448.566543614,448.566543614,82.6253620898,64.9850600798,17.6403020099
 11/08  13:00:00,1300.40611265,30.3148174886,285.419707818,0.0,448.566543614,398.725816546,100.809493802,78.6859238836,22.1235699182
 11/08  14:00:00,1341.23591813,30.3148174886,274.868567405,0.0,448.566543614,448.566543614,87.5352614606,65.4341769697,22.1010844909
 11/08  15:00:00,1339.18303454,30.3148174886,272.824427721,0.0,448.566543614,448.566543614,79.3558524561,66.1882962113,13.1675562448
 11/08  16:00:00,1337.84050021,30.3148174886,271.47860021,0.0,448.566543614,448.566543614,84.4144379945,71.2518215607,13.1626164337
 11/08  17:00:00,1377.84137243,30.3148174886,262.580665564,0.0,448.566543614,448.566543614,93.3191634573,77.9010432723,15.418120185
 11/08  18:00:00,1263.20821048,30.3148174886,233.458853931,0.0,348.885089477,398.725816546,111.39043659,100.44243657,10.9480000206
 11/08  19:00:00,1076.75192122,30.3148174886,232.932541217,0.0,249.203635341,299.044362409,153.223868715,144.476543354,8.74732536026
 11/08  20:00:00,1044.17342291,30.3148174886,225.043540442,0.0,249.203635341,299.044362409,173.823619793,167.27234457,6.55127522382
 11/08  21:00:00,863.213366342,30.3148174886,194.002252628,0.0,149.522181205,249.203635341,237.553792234,230.99811324,6.55567899356
 11/08  22:00:00,786.978137156,30.3148174886,142.797558169,0.0,149.522181205,249.203635341,267.477012217,265.285470134,2.19154208227
 11/08  23:00:00,349.356737056,0.0,0.0,0.0,49.8407270682,199.362908273,2.189504276,0.0,2.189504276
 11/08  24:00:00,299.991977842,0.0,0.0,0.0,24.9203635341,199.362908273,2.18950619054,0.0,2.18950619054
 11/09  01:00:00,287.769783406,0.0,0.0,0.0,24.9203635341,199.362908273,2.18951592816,0.0,2.18951592816
 11/09  02:00:00,287.769783386,0.0,0.0,0.0,24.9203635341,199.362908273,2.18952419753,0.0,2.18952419753
 11/09  03:00:00,287.769783372,0.0,0.0,0.0,24.9203635341,199.362908273,2.18953266495,0.0,2.18953266495
 11/09  04:00:00,287.769783362,0.0,0.0,0.0,24.9203635341,199.362908273,2.18954127579,0.0,2.18954127579
 11/09  05:00:00,299.991981158,0.0,0.0,0.0,24.9203635341,199.362908273,2.18954998981,0.0,2.18954998981
 11/09  06:00:00,349.358128914,0.0,0.0,0.0,49.8407270682,199.362908273,4.36332191026,0.0,4.36332191026
 11/09  07:00:00,739.559304521,30.3613239392,216.687875113,0.0,49.8407270682,199.362908273,553.020291473,550.829464479,2.19082699385
 11/09  08:00:00,677.413525488,30.3148174886,90.9483532334,0.0,149.522181205,199.362908273,481.223914477,472.483479484,8.74043499287
 11/09  09:00:00,1153.33615865,30.3148174886,41.2668368268,0.0,448.566543614,448.566543614,299.621635526,286.446555185,13.1750803403
 11/09  10:00:00,1149.98243001,30.3148174886,66.1773106629,0.0,448.566543614,448.566543614,226.416358737,211.028392085,15.3879666523
 11/09  11:00:00,1169.7175576,30.3432217558,117.504583104,0.0,448.566543614,448.566543614,137.476486172,122.081557377,15.3949287947
 11/09  12:00:00,1260.59416637,32.1121553616,203.262188124,0.0,448.566543614,448.566543614,120.048879473,102.407936012,17.6409434612
 11/09  13:00:00,1246.8508299,33.9505755608,237.08017062,0.0,448.566543614,398.725816546,127.563831382,105.436422931,22.1274084508
 11/09  14:00:00,1303.54406512,35.4861301846,242.073314176,0.0,448.566543614,448.566543614,94.3320167925,72.42999619,21.9020206024
 11/09  15:00:00,1308.97227886,35.2051571482,247.435543689,0.0,448.566543614,448.566543614,50.7204079781,37.3548747575,13.3655332206
 11/09  16:00:00,1313.41692654,33.5780355768,253.281219025,0.0,448.566543614,448.566543614,46.565163178,33.912494845,12.652668333
 11/09  17:00:00,1361.39195391,31.2879787189,254.799901692,0.0,448.566543614,448.566543614,54.3423489057,38.4105061046,15.9318428011
 11/09  18:00:00,1240.39318246,30.3148174886,214.178829829,0.0,348.885089477,398.725816546,90.6016003847,79.6518020378,10.9497983468
 11/09  19:00:00,974.768443058,30.3148174886,131.720261976,0.0,249.203635341,299.044362409,169.144038413,160.396907658,8.74713075502
 11/09  20:00:00,897.703105405,30.3148174886,89.9277406887,0.0,249.203635341,299.044362409,192.46007577,185.908930654,6.55114511625
 11/09  21:00:00,726.875234984,30.3148174886,77.7011989127,0.0,149.522181205,249.203635341,237.818222506,231.262594077,6.55562842903
 11/09  22:00:00,682.313778969,30.3148174886,63.1802430887,0.0,149.522181205,249.203635341,269.585311553,267.393349422,2.19196213159
 11/09  23:00:00,349.356740374,0.0,0.0,0.0,49.8407270682,199.362908273,2.18961792361,0.0,2.18961792361
 11/09  24:00:00,299.991981145,0.0,0.0,0.0,24.9203635341,199.362908273,2.18947906781,0.0,2.18947906781
 11/10  01:00:00,287.7697867,0.0,0.0,0.0,24.9203635341,199.362908273,2.18949506229,0.0,2.18949506229
 11/10  02:00:00,287.769786687,0.0,0.0,0.0,24.9203635341,199.362908273,2.18950959946,0.0,2.18950959946
 11/10  03:00:00,287.769786679,0.0,0.0,0.0,24.9203635341,199.362908273,2.18952432838,0.0,2.18952432838
 11/10  04:00:00,287.769786675,0.0,0.0,0.0,24.9203635341,199.362908273,2.18953919405,0.0,2.18953919405
 11/10  05:00:00,299.991984475,0.0,0.0,0.0,24.9203635341,199.362908273,2.18955415599,0.0,2.18955415599
 11/10  06:00:00,349.358134236,0.0,0.0,0.0,49.8407270682,199.362908273,4.36336638078,0.0,4.36336638078
 11/10  07:00:00,702.50000647,30.3209739218,200.500500272,0.0,49.8407270682,199.362908273,716.115281743,713.92442614,2.19085560345
 11/10  08:00:00,510.700601853,30.3148174886,0.0,0.0,149.522181205,199.362908273,889.316546358,880.575778621,8.74076773758
 11/10  09:00:00,1168.89791335,30.3148174886,71.4359380917,0.0,448.566543614,448.566543614,265.865675113,252.685742797,13.1799323156
 11/10  10:00:00,1176.3826835,30.3619193123,84.3864856003,0.0,448.566543614,448.566543614,125.996418128,110.606902454,15.3895156734
 11/10  11:00:00,1246.20256841,32.2183154989,189.019594662,0.0,448.566543614,448.566543614,97.4583856162,82.0646770888,15.3937085273
 11/10  12:00:00,1307.15718589,34.8374706854,246.658203884,0.0,448.566543614,448.566543614,91.6191712424,73.9786011959,17.6405700465
 11/10  13:00:00,1276.67151339,36.3196162224,264.036232362,0.0,448.566543614,398.725816546,102.694815934,80.5628032464,22.1320126873
 11/10  14:00:00,1339.02118241,37.1917433703,275.417448845,0.0,448.566543614,448.566543614,76.1238313193,54.0192784251,22.1045528941
 11/10  15:00:00,1345.51705927,36.5422327935,282.102995331,0.0,448.566543614,448.566543614,37.5563485554,24.3868388833,13.1695096721
 11/10  16:00:00,1348.19484851,34.6813935426,286.349321635,0.0,448.566543614,448.566543614,35.4576572791,22.292624118,13.1650331611
 11/10  17:00:00,1392.18658099,32.0974063626,284.142991128,0.0,448.566543614,448.566543614,44.4097289901,26.786860353,17.6228686371
 11/10  18:00:00,1301.1438282,30.3783478121,274.190268389,0.0,348.885089477,398.725816546,65.7017432624,56.9391300572,8.7626132052
 11/10  19:00:00,1078.22610693,30.3148174886,234.337469914,0.0,249.203635341,299.044362409,134.811747846,126.063909802,8.74783804486
 11/10  20:00:00,1006.17926816,30.3148174886,187.321359801,0.0,249.203635341,299.044362409,156.061948498,149.510628842,6.55131965548
 11/10  21:00:00,806.024473119,30.3148174886,137.218266882,0.0,149.522181205,249.203635341,204.098477368,197.541873564,6.55660380468
 11/10  22:00:00,755.093322408,30.3148174886,111.128055095,0.0,149.522181205,249.203635341,226.193292348,221.829899656,4.36339269173
 11/10  23:00:00,349.356743323,0.0,0.0,0.0,49.8407270682,199.362908273,2.18950437031,0.0,2.18950437031
 11/10  24:00:00,299.991984283,0.0,0.0,0.0,24.9203635341,199.362908273,2.18951965594,0.0,2.18951965594
 11/11  01:00:00,237.928598513,0.0,0.0,0.0,24.9203635341,149.522181205,0.02,0.0,0.02
 11/11  02:00:00,237.928598658,0.0,0.0,0.0,24.9203635341,149.522181205,2.1887316064,0.0,2.1887316064
 11/11  03:00:00,237.9285989,0.0,0.0,0.0,24.9203635341,149.522181205,2.18868295542,0.0,2.18868295542
 11/11  04:00:00,237.928599026,0.0,0.0,0.0,24.9203635341,149.522181205,2.18863457165,0.0,2.18863457165
 11/11  05:00:00,250.150796773,0.0,0.0,0.0,24.9203635341,149.522181205,2.18883021361,0.0,2.18883021361
 11/11  06:00:00,274.596584045,0.0,0.0,0.0,24.9203635341,149.522181205,2.19115881097,0.0,2.19115881097
 11/11  07:00:00,323.483983563,0.0,0.0,0.0,24.9203635341,149.522181205,2.18869775094,0.0,2.18869775094
 11/11  08:00:00,305.210045853,0.0,0.0,0.0,24.9203635341,149.522181205,2.18864987497,0.0,2.18864987497
 11/11  09:00:00,296.666379048,0.0,0.0,0.0,24.9203635341,149.522181205,2.18884590094,0.0,2.18884590094
 11/11  10:00:00,259.99978533,0.0,0.0,0.0,24.9203635341,149.522181205,0.02,0.0,0.02
 11/11  11:00:00,211.110994221,0.0,0.0,0.0,24.9203635341,149.522181205,2.18879869904,0.0,2.18879869904
 11/11  12:00:00,363.806755906,11.0853469095,99.557687118,0.0,24.9203635341,149.522181205,2.19045223651,0.0,2.19045223651
 11/11  13:00:00,507.447591058,18.1985638989,191.261229595,0.0,24.9203635341,149.522181205,4.36086468354,0.0,4.36086468354
 11/11  14:00:00,564.527425685,21.8798660027,242.527890701,0.0,24.9203635341,149.522181205,2.19283301251,0.0,2.19283301251
 11/11  15:00:00,474.446139492,15.952844339,181.391420642,0.0,24.9203635341,149.522181205,4.36082491271,0.0,4.36082491271
 11/11  16:00:00,507.342840509,17.525803327,213.243669687,0.0,24.9203635341,149.522181205,0.02,0.0,0.02
 11/11  17:00:00,259.999785574,0.0,0.0,0.0,24.9203635341,149.522181205,2.1888337426,0.0,2.1888337426
 11/11  18:00:00,330.841045839,0.0,0.0,0.0,24.9203635341,149.522181205,2.1888101549,0.0,2.1888101549
 11/11  19:00:00,347.928379267,0.0,0.0,0.0,24.9203635341,149.522181205,2.18863995306,0.0,2.18863995306
 11/11  20:00:00,323.483983609,0.0,0.0,0.0,24.9203635341,149.522181205,2.18883621633,0.0,2.18883621633
 11/11  21:00:00,323.483983376,0.0,0.0,0.0,24.9203635341,149.522181205,2.18878853092,0.0,2.18878853092
 11/11  22:00:00,299.040979911,0.0,0.0,0.0,24.9203635341,149.522181205,2.19087395777,0.0,2.19087395777
 11/11  23:00:00,274.59519228,0.0,0.0,0.0,24.9203635341,149.522181205,2.18865679215,0.0,2.18865679215
 11/11  24:00:00,250.150796573,0.0,0.0,0.0,24.9203635341,149.522181205,2.18885295498,0.0,2.18885295498
 11/12  01:00:00,237.928601158,0.0,0.0,0.0,24.9203635341,149.522181205,0.02,0.0,0.02
 11/12  02:00:00,237.928601215,0.0,0.0,0.0,24.9203635341,149.522181205,2.18881387336,0.0,2.18881387336
 11/12  03:00:00,237.928601453,0.0,0.0,0.0,24.9203635341,149.522181205,2.18877100354,0.0,2.18877100354
 11/12  04:00:00,237.928601583,0.0,0.0,0.0,24.9203635341,149.522181205,2.18872839553,0.0,2.18872839553
 11/12  05:00:00,250.1507994,0.0,0.0,0.0,24.9203635341,149.522181205,2.1886859931,0.0,2.1886859931
 11/12  06:00:00,334.927980783,1.64294216698,8.21459649945,0.0,24.9203635341,149.522181205,8.23460496477,6.04400075899,2.19060420578
 11/12  07:00:00,382.874824689,1.64294216698,7.27324805665,0.0,24.9203635341,149.522181205,8.37581416178,6.18700276809,2.18881139369
 11/12  08:00:00,364.170020941,1.64294216698,6.8466393472,0.0,24.9203635341,149.522181205,8.23143162742,6.04258076805,2.18885085937
 11/12  09:00:00,296.666381695,0.0,0.0,0.0,24.9203635341,149.522181205,2.18872656455,0.0,2.18872656455
 11/12  10:00:00,259.999788076,0.0,0.0,0.0,24.9203635341,149.522181205,2.1886845962,0.0,2.1886845962
 11/12  11:00:00,211.110996791,0.0,0.0,0.0,24.9203635341,149.522181205,0.02,0.0,0.02
 11/12  12:00:00,211.111926679,0.0,0.0,0.0,24.9203635341,149.522181205,4.36048199454,0.0,4.36048199454
 11/12  13:00:00,211.111926573,0.0,0.0,0.0,24.9203635341,149.522181205,2.19022962593,0.0,2.19022962593
 11/12  14:00:00,211.113320488,0.0,0.0,0.0,24.9203635341,149.522181205,2.19259424414,0.0,2.19259424414
 11/12  15:00:00,211.111926899,0.0,0.0,0.0,24.9203635341,149.522181205,4.3609096671,0.0,4.3609096671
 11/12  16:00:00,211.110996894,0.0,0.0,0.0,24.9203635341,149.522181205,2.18866523854,0.0,2.18866523854
 11/12  17:00:00,259.999788039,0.0,0.0,0.0,24.9203635341,149.522181205,0.02,0.0,0.02
 11/12  18:00:00,330.841048369,0.0,0.0,0.0,24.9203635341,149.522181205,2.18886808933,0.0,2.18886808933
 11/12  19:00:00,347.92838182,0.0,0.0,0.0,24.9203635341,149.522181205,2.18882619825,0.0,2.18882619825
 11/12  20:00:00,323.483986229,0.0,0.0,0.0,24.9203635341,149.522181205,2.18878431674,0.0,2.18878431674
 11/12  21:00:00,323.48398613,0.0,0.0,0.0,24.9203635341,149.522181205,2.18874245051,0.0,2.18874245051
 11/12  22:00:00,299.040984239,0.0,0.0,0.0,24.9203635341,149.522181205,2.19108809351,0.0,2.19108809351
 11/12  23:00:00,274.59519504,0.0,0.0,0.0,24.9203635341,149.522181205,2.18886731765,0.0,2.18886731765
 11/12  24:00:00,250.150799342,0.0,0.0,0.0,24.9203635341,149.522181205,2.18882541904,0.0,2.18882541904
 11/13  01:00:00,287.769796477,0.0,0.0,0.0,24.9203635341,199.362908273,2.18955944712,0.0,2.18955944712
 11/13  02:00:00,287.769796491,0.0,0.0,0.0,24.9203635341,199.362908273,2.18959275136,0.0,2.18959275136
 11/13  03:00:00,287.76979651,0.0,0.0,0.0,24.9203635341,199.362908273,2.18962619387,0.0,2.18962619387
 11/13  04:00:00,287.769796534,0.0,0.0,0.0,24.9203635341,199.362908273,2.1896597273,0.0,2.1896597273
 11/13  05:00:00,299.991994345,0.0,0.0,0.0,24.9203635341,199.362908273,2.1893948911,0.0,2.1893948911
 11/13  06:00:00,349.358149254,0.0,0.0,0.0,49.8407270682,199.362908273,2.1918612622,0.0,2.1918612622
 11/13  07:00:00,796.862366885,30.3148174886,283.860450214,0.0,49.8407270682,199.362908273,496.471849866,492.109579086,4.36227078013
 11/13  08:00:00,950.684516105,30.3148174886,342.093269766,0.0,149.522181205,199.362908273,392.796928529,386.235780342,6.56114818697
 11/13  09:00:00,1497.67818424,30.3148174886,352.339568933,0.0,448.566543614,448.566543614,220.072790012,204.698296257,15.3744937554
 11/13  10:00:00,1466.74216572,30.3148174886,358.71647874,0.0,448.566543614,448.566543614,141.497634932,126.107109138,15.3905257941
 11/13  11:00:00,1432.12484856,30.3148174886,369.60745519,0.0,448.566543614,448.566543614,117.597730069,102.202693282,15.3950367874
 11/13  12:00:00,1444.81189693,31.5516031845,379.406259648,0.0,448.566543614,448.566543614,84.7097949517,67.0621165249,17.6476784267
 11/13  13:00:00,1399.3461662,34.1067824692,382.262073152,0.0,448.566543614,398.725816546,87.9180273199,65.7835004436,22.1345268763
 11/13  14:00:00,1440.81844122,34.7854644268,371.199226452,0.0,448.566543614,448.566543614,48.5165370581,26.4045382734,22.1119987848
 11/13  15:00:00,1423.90366223,36.0516128785,353.005326512,0.0,448.566543614,448.566543614,24.223708593,11.0480858989,13.1756226941
 11/13  16:00:00,1401.54773661,35.1224288633,337.434887112,0.0,448.566543614,448.566543614,24.0894830039,10.9194978621,13.1699851419
 11/13  17:00:00,1434.99141755,32.6714426698,324.683405438,0.0,448.566543614,448.566543614,32.3135903751,14.6868664428,17.6267239323
 11/13  18:00:00,1333.97422836,30.4650112871,297.272218291,0.0,348.885089477,398.725816546,46.2395314659,35.2882379504,10.9512935154
 11/13  19:00:00,1113.12365026,30.3148174886,268.87199886,0.0,249.203635341,299.044362409,95.9277013596,87.179316581,8.74838477866
 11/13  20:00:00,1068.87231116,30.3148174886,249.695062827,0.0,249.203635341,299.044362409,121.927824479,117.553814191,4.37401028852
 11/13  21:00:00,892.064639308,30.3148174886,222.757011366,0.0,149.522181205,249.203635341,179.950352488,171.215513744,8.7348387443
 11/13  22:00:00,841.060565421,30.3148174886,196.578414286,0.0,149.522181205,249.203635341,195.431883105,193.239968955,2.1919141505
 11/13  23:00:00,349.356753349,0.0,0.0,0.0,49.8407270682,199.362908273,2.18955884305,0.0,2.18955884305
 11/13  24:00:00,299.991994216,0.0,0.0,0.0,24.9203635341,199.362908273,2.18944258849,0.0,2.18944258849
 11/14  01:00:00,287.7697997,0.0,0.0,0.0,24.9203635341,199.362908273,2.18948354327,0.0,2.18948354327
 11/14  02:00:00,287.7697997,0.0,0.0,0.0,24.9203635341,199.362908273,2.1895230739,0.0,2.1895230739
 11/14  03:00:00,287.769799712,0.0,0.0,0.0,24.9203635341,199.362908273,2.18956275984,0.0,2.18956275984
 11/14  04:00:00,287.769799734,0.0,0.0,0.0,24.9203635341,199.362908273,2.1896025467,0.0,2.1896025467
 11/14  05:00:00,299.991997566,0.0,0.0,0.0,24.9203635341,199.362908273,2.18964239466,0.0,2.18964239466
 11/14  06:00:00,349.358154985,0.0,0.0,0.0,49.8407270682,199.362908273,4.36368735677,0.0,4.36368735677
 11/14  07:00:00,729.947186492,30.3148174886,211.808995503,0.0,49.8407270682,199.362908273,546.85821496,544.667173535,2.19104142545
 11/14  08:00:00,518.974129425,30.3148174886,0.0,0.0,149.522181205,199.362908273,582.713256183,573.970873419,8.74238276373
 11/14  09:00:00,1190.68009068,30.3148174886,80.5737241827,0.0,448.566543614,448.566543614,202.695361646,189.514415017,13.1809466293
 11/14  10:00:00,1169.29668481,30.3148174886,82.0553568368,0.0,448.566543614,448.566543614,108.758690846,93.3667672766,15.3919235692
 11/14  11:00:00,1204.15673552,30.7140735713,149.211816124,0.0,448.566543614,448.566543614,94.3424763091,78.9450722819,15.3974040272
 11/14  12:00:00,1264.22199698,32.1133258851,206.861534949,0.0,448.566543614,448.566543614,89.8955240909,70.0449836069,19.8505404839
 11/14  13:00:00,1239.29921041,35.0430965099,228.374472652,0.0,448.566543614,398.725816546,102.829188406,80.6904012657,22.13878714
 11/14  14:00:00,1299.43869979,36.4957371953,236.875122781,0.0,448.566543614,448.566543614,77.2864601407,55.172969411,22.1134907296
 11/14  15:00:00,1303.17551928,36.6269497139,240.11237093,0.0,448.566543614,448.566543614,39.623429579,26.4523828977,13.1710466813
 11/14  16:00:00,1304.31615516,34.8347114666,242.793291617,0.0,448.566543614,448.566543614,38.0375698442,24.8700860835,13.1674837607
 11/14  17:00:00,1349.3022365,32.2084504965,241.55849582,0.0,448.566543614,448.566543614,47.2451646526,29.6162420613,17.6289225913
 11/14  18:00:00,1247.03790214,30.3602559745,212.138065143,0.0,348.885089477,398.725816546,73.9244610137,62.9743982746,10.9500627391
 11/14  19:00:00,993.956022398,30.3148174886,150.623959525,0.0,249.203635341,299.044362409,138.842521495,132.275682684,6.56683881157
 11/14  20:00:00,946.75107854,30.3148174886,130.544990902,0.0,249.203635341,299.044362409,160.689371992,154.136646551,6.55272544099
 11/14  21:00:00,752.77879568,30.3148174886,98.9869339867,0.0,149.522181205,249.203635341,208.188159402,201.63087422,6.55728518252
 11/14  22:00:00,691.120507166,30.3148174886,71.1833477106,0.0,149.522181205,249.203635341,236.166754297,231.802672823,4.36408147421
 11/14  23:00:00,349.356756705,0.0,0.0,0.0,49.8407270682,199.362908273,2.18956013533,0.0,2.18956013533
 11/14  24:00:00,299.991997534,0.0,0.0,0.0,24.9203635341,199.362908273,2.18944958443,0.0,2.18944958443
 11/15  01:00:00,287.769802963,0.0,0.0,0.0,24.9203635341,199.362908273,2.18949765623,0.0,2.18949765623
 11/15  02:00:00,287.769802942,0.0,0.0,0.0,24.9203635341,199.362908273,2.18954345298,0.0,2.18954345298
 11/15  03:00:00,287.769802944,0.0,0.0,0.0,24.9203635341,199.362908273,2.18958938016,0.0,2.18958938016
 11/15  04:00:00,287.769802963,0.0,0.0,0.0,24.9203635341,199.362908273,2.18963538759,0.0,2.18963538759
 11/15  05:00:00,299.992000798,0.0,0.0,0.0,24.9203635341,199.362908273,2.18968143854,0.0,2.18968143854
 11/15  06:00:00,349.358160437,0.0,0.0,0.0,49.8407270682,199.362908273,4.36412192698,0.0,4.36412192698
 11/15  07:00:00,705.465457473,30.3716845742,201.10274935,0.0,49.8407270682,199.362908273,627.197052062,625.005840789,2.19121127265
 11/15  08:00:00,519.297153894,30.3148174886,0.0,0.0,149.522181205,199.362908273,936.9774269,928.234728996,8.74269790442
 11/15  09:00:00,1050.01229548,30.3148174886,0.0,0.0,448.566543614,448.566543614,372.858862213,359.675945344,13.1829168688
 11/15  10:00:00,1185.04172753,30.6007024517,103.019406287,0.0,448.566543614,448.566543614,128.231598208,112.837656538,15.3939416702
 11/15  11:00:00,1212.70661475,33.258468945,160.949369059,0.0,448.566543614,448.566543614,89.713083072,74.3164379593,15.3966451127
 11/15  12:00:00,1280.8392925,36.267304968,219.028552902,0.0,448.566543614,448.566543614,86.8003563772,66.9485052123,19.8518511649
 11/15  13:00:00,1242.59607654,37.4470335094,228.984454852,0.0,448.566543614,398.725816546,97.0078457454,74.8671935919,22.1406521536
 11/15  14:00:00,1299.7706921,37.6171308775,235.600046668,0.0,448.566543614,448.566543614,70.4103860753,48.2974249372,22.1129611381
 11/15  15:00:00,1305.87074245,37.5155368883,241.321438217,0.0,448.566543614,448.566543614,32.6489083421,19.476466052,13.1724422901
 11/15  16:00:00,1308.01690956,36.1556508701,244.674804621,0.0,448.566543614,448.566543614,31.2562230064,18.0871006647,13.1691223417
 11/15  17:00:00,1355.8783532,33.138935574,246.649475336,0.0,448.566543614,448.566543614,39.1330925861,21.5061462976,17.6269462885
 11/15  18:00:00,1268.0120984,30.5848317197,232.349458224,0.0,348.885089477,398.725816546,60.561227926,49.6094457616,10.9517821644
 11/15  19:00:00,1009.42058795,30.3148174886,167.150322292,0.0,249.203635341,299.044362409,128.668983724,119.920467165,8.74851655981
 11/15  20:00:00,922.327743101,30.3148174886,119.965494704,0.0,249.203635341,299.044362409,153.065605201,148.690687195,4.37491800599
 11/15  21:00:00,697.195480595,30.3148174886,58.5978401735,0.0,149.522181205,249.203635341,214.348884935,205.612659043,8.73622589152
 11/15  22:00:00,636.359451375,30.3148174886,28.3310924285,0.0,149.522181205,249.203635341,240.275447103,238.083468126,2.19197897731
 11/15  23:00:00,349.356759809,0.0,0.0,0.0,49.8407270682,199.362908273,2.18961754691,0.0,2.18961754691
 11/15  24:00:00,299.992000666,0.0,0.0,0.0,24.9203635341,199.362908273,2.18951270793,0.0,2.18951270793
 11/16  01:00:00,287.769806125,0.0,0.0,0.0,24.9203635341,199.362908273,2.18956599275,0.0,2.18956599275
 11/16  02:00:00,287.769806148,0.0,0.0,0.0,24.9203635341,199.362908273,2.1896178683,0.0,2.1896178683
 11/16  03:00:00,287.769806188,0.0,0.0,0.0,24.9203635341,199.362908273,2.18966987802,0.0,2.18966987802
 11/16  04:00:00,287.76980624,0.0,0.0,0.0,24.9203635341,199.362908273,2.18972196822,0.0,2.18972196822
 11/16  05:00:00,299.99200401,0.0,0.0,0.0,24.9203635341,199.362908273,2.18947260913,0.0,2.18947260913
 11/16  06:00:00,349.358165081,0.0,0.0,0.0,49.8407270682,199.362908273,4.36402370924,0.0,4.36402370924
 11/16  07:00:00,705.594726938,30.4231919419,199.643886404,0.0,49.8407270682,199.362908273,622.75934157,620.568119573,2.19122199738
 11/16  08:00:00,595.748513992,30.3148174886,52.2972921243,0.0,149.522181205,199.362908273,522.724016689,513.981534836,8.7424818527
 11/16  09:00:00,1157.72989514,30.3148174886,48.0382299903,0.0,448.566543614,448.566543614,236.733780858,223.551024901,13.182755957
 11/16  10:00:00,1174.8225997,30.3148174886,88.8044527939,0.0,448.566543614,448.566543614,179.418992971,164.02519295,15.393800022
 11/16  11:00:00,1205.6482516,30.3148174886,151.044032169,0.0,448.566543614,448.566543614,130.025435614,114.625470092,15.3999655221
 11/16  12:00:00,1275.24939278,30.3148174886,219.432679587,0.0,448.566543614,448.566543614,104.183020993,84.3296718459,19.8533491472
 11/16  13:00:00,1249.11255422,30.3148174886,242.656286651,0.0,448.566543614,398.725816546,112.332735181,90.1930342371,22.1397009442
 11/16  14:00:00,1308.27498202,30.3148174886,251.752353039,0.0,448.566543614,448.566543614,85.1119187236,62.9962218944,22.1156968293
 11/16  15:00:00,1318.60020296,30.3148174886,261.609942088,0.0,448.566543614,448.566543614,63.6592773312,50.4814449018,13.1778324294
 11/16  16:00:00,1322.94190075,30.3148174886,265.87717563,0.0,448.566543614,448.566543614,65.2717158245,52.0969555886,13.1747602359
 11/16  17:00:00,1369.05615863,30.3148174886,263.323424249,0.0,448.566543614,448.566543614,87.3280321872,69.6979734026,17.6300587846
 11/16  18:00:00,1296.21742402,30.3148174886,260.961195764,0.0,348.885089477,398.725816546,110.431864752,99.4801995161,10.9516652362
 11/16  19:00:00,1098.96157997,30.3148174886,254.982541099,0.0,249.203635341,299.044362409,156.877662841,148.12865276,8.74901008113
 11/16  20:00:00,1060.72001018,30.3148174886,241.583171103,0.0,249.203635341,299.044362409,172.623532422,166.071259171,6.55227325129
 11/16  21:00:00,892.972567966,30.3148174886,223.557142561,0.0,149.522181205,249.203635341,234.765887272,228.209727865,6.55615940688
 11/16  22:00:00,855.834432126,30.3148174886,211.153525056,0.0,149.522181205,249.203635341,253.869922978,249.505712996,4.36420998161
 11/16  23:00:00,349.356762815,0.0,0.0,0.0,49.8407270682,199.362908273,2.18961365286,0.0,2.18961365286
 11/16  24:00:00,299.99200379,0.0,0.0,0.0,24.9203635341,199.362908273,2.18966621303,0.0,2.18966621303
 11/17  01:00:00,287.769809299,0.0,0.0,0.0,24.9203635341,199.362908273,2.18972814536,0.0,2.18972814536
 11/17  02:00:00,287.769809275,0.0,0.0,0.0,24.9203635341,199.362908273,2.18948361758,0.0,2.18948361758
 11/17  03:00:00,287.769809242,0.0,0.0,0.0,24.9203635341,199.362908273,2.18954209788,0.0,2.18954209788
 11/17  04:00:00,287.769809246,0.0,0.0,0.0,24.9203635341,199.362908273,2.18960062189,0.0,2.18960062189
 11/17  05:00:00,299.992007081,0.0,0.0,0.0,24.9203635341,199.362908273,2.18965915751,0.0,2.18965915751
 11/17  06:00:00,349.358170351,0.0,0.0,0.0,49.8407270682,199.362908273,4.36400924483,0.0,4.36400924483
 11/17  07:00:00,778.021345937,30.4241504232,254.96335294,0.0,49.8407270682,199.362908273,411.132479651,408.941133582,2.19134606902
 11/17  08:00:00,855.244414029,30.3148174886,246.125768778,0.0,149.522181205,199.362908273,357.02996107,348.287948879,8.74201219069
 11/17  09:00:00,1400.99733861,30.3148174886,260.34497523,0.0,448.566543614,448.566543614,195.800389035,182.620449794,13.1799392404
 11/17  10:00:00,1408.94538727,30.3148174886,297.251251274,0.0,448.566543614,448.566543614,138.904472636,123.508676723,15.3957959127
 11/17  11:00:00,1381.73211284,30.5250570222,315.159527302,0.0,448.566543614,448.566543614,81.6528351596,66.2532670389,15.3995681207
 11/17  12:00:00,1401.05336115,31.7245599408,333.291268863,0.0,448.566543614,448.566543614,68.4551953876,48.6000344639,19.8551609237
 11/17  13:00:00,1357.90599948,32.5409489732,339.1584989,0.0,448.566543614,398.725816546,77.3871200839,55.2439596758,22.1431604081
 11/17  14:00:00,1416.93391489,34.812786513,346.096344851,0.0,448.566543614,448.566543614,50.0816836457,27.9649193155,22.1167643301
 11/17  15:00:00,1411.4238023,35.2336791252,341.320598594,0.0,448.566543614,448.566543614,23.4309386518,10.2545392385,13.1763994132
 11/17  16:00:00,1373.71984016,33.7852123735,311.234055725,0.0,448.566543614,448.566543614,24.7890940092,11.6155258266,13.1735681826
 11/17  17:00:00,1392.16034686,31.7202608484,283.791198443,0.0,448.566543614,448.566543614,37.5574538441,19.9282310833,17.6292227608
 11/17  18:00:00,1296.68331211,30.3197992522,260.698681187,0.0,348.885089477,398.725816546,59.3987466166,48.4454971829,10.9532494336
 11/17  19:00:00,1091.21670331,30.3148174886,246.887138284,0.0,249.203635341,299.044362409,112.079324775,103.328990874,8.75033390129
 11/17  20:00:00,1012.77345716,30.3148174886,193.700362162,0.0,249.203635341,299.044362409,144.082036618,137.529226842,6.55280977612
 11/17  21:00:00,758.006723054,30.3148174886,105.956868909,0.0,149.522181205,249.203635341,206.571123975,200.013304741,6.55781923408
 11/17  22:00:00,667.723166464,30.3148174886,53.8402684484,0.0,149.522181205,249.203635341,244.332071008,239.968039443,4.36403156534
 11/17  23:00:00,349.356766075,0.0,0.0,0.0,49.8407270682,199.362908273,2.189524544,0.0,2.189524544
 11/17  24:00:00,299.992006986,0.0,0.0,0.0,24.9203635341,199.362908273,2.18958346247,0.0,2.18958346247
 11/18  01:00:00,237.929085353,0.0,0.0,0.0,24.9203635341,149.522181205,2.18965169733,0.0,2.18965169733
 11/18  02:00:00,237.929085406,0.0,0.0,0.0,24.9203635341,149.522181205,2.18971596258,0.0,2.18971596258
 11/18  03:00:00,237.929085434,0.0,0.0,0.0,24.9203635341,149.522181205,2.18947667907,0.0,2.18947667907
 11/18  04:00:00,237.929085365,0.0,0.0,0.0,24.9203635341,149.522181205,2.18954152475,0.0,2.18954152475
 11/18  05:00:00,250.151283152,0.0,0.0,0.0,24.9203635341,149.522181205,2.18960635825,0.0,2.18960635825
 11/18  06:00:00,295.977199193,1.23220662524,0.479622932215,0.0,24.9203635341,149.522181205,10.8420850692,6.47776381408,4.36432125515
 11/18  07:00:00,699.610360129,30.3148174886,201.094860564,0.0,49.8407270682,199.362908273,758.500783152,756.309464479,2.19131867235
 11/18  08:00:00,419.907395028,30.3148174886,0.0,0.0,49.8407270682,199.362908273,1222.2192278,1217.850516,4.36871180251
 11/18  09:00:00,651.449605198,30.3148174886,0.0,0.0,249.203635341,249.203635341,512.446973107,505.893478682,6.55349442459
 11/18  10:00:00,741.466322217,30.3148174886,73.8906347394,0.0,249.203635341,249.203635341,225.265559139,216.515629492,8.7499296473
 11/18  11:00:00,683.6190707,30.7206893746,57.5799909844,0.0,249.203635341,249.203635341,197.65101219,191.087819399,6.56319279097
 11/18  12:00:00,785.54177038,32.9388491863,137.496411643,0.0,249.203635341,249.203635341,191.112387511,180.172117305,10.9402702058
 11/18  13:00:00,871.573834734,34.7465211085,210.976771374,0.0,249.203635341,249.203635341,175.452145254,166.706079802,8.74606545177
 11/18  14:00:00,883.334749805,35.2923221242,221.986162712,0.0,249.203635341,249.203635341,163.960760557,157.398804266,6.56195629153
 11/18  15:00:00,637.251101073,33.963667869,226.249040445,0.0,74.7610906023,174.442544739,166.331420972,159.77922967,6.55219130156
 11/18  16:00:00,643.309962021,32.0279724626,234.331330384,0.0,74.7610906023,174.442544739,144.066462041,139.69439682,4.37206522152
 11/18  17:00:00,669.599774578,30.3781370518,213.82523071,0.0,74.7610906023,174.442544739,169.494076055,162.943187023,6.55088903139
 11/18  18:00:00,583.48263618,30.3148174886,128.796718361,0.0,24.9203635341,149.522181205,264.743262523,260.380900414,4.36236210931
 11/18  19:00:00,347.929802737,0.0,0.0,0.0,24.9203635341,149.522181205,2.19100958407,0.0,2.19100958407
 11/18  20:00:00,323.485406961,0.0,0.0,0.0,24.9203635341,149.522181205,2.1913083023,0.0,2.1913083023
 11/18  21:00:00,323.485407497,0.0,0.0,0.0,24.9203635341,149.522181205,4.3622754082,0.0,4.3622754082
 11/18  22:00:00,299.041948553,0.0,0.0,0.0,24.9203635341,149.522181205,4.36544879691,0.0,4.36544879691
 11/18  23:00:00,274.595678982,0.0,0.0,0.0,24.9203635341,149.522181205,2.18961613771,0.0,2.18961613771
 11/18  24:00:00,250.15128336,0.0,0.0,0.0,24.9203635341,149.522181205,2.18968114357,0.0,2.18968114357
 11/19  01:00:00,237.928619279,0.0,0.0,0.0,24.9203635341,149.522181205,0.02,0.0,0.02
 11/19  02:00:00,237.928619279,0.0,0.0,0.0,24.9203635341,149.522181205,2.18891539073,0.0,2.18891539073
 11/19  03:00:00,237.928619456,0.0,0.0,0.0,24.9203635341,149.522181205,2.18891297324,0.0,2.18891297324
 11/19  04:00:00,237.928619557,0.0,0.0,0.0,24.9203635341,149.522181205,2.18891079366,0.0,2.18891079366
 11/19  05:00:00,250.150817381,0.0,0.0,0.0,24.9203635341,149.522181205,2.18890879284,0.0,2.18890879284
 11/19  06:00:00,299.4269106,1.23220662524,1.15397482827,0.0,24.9203635341,149.522181205,6.50216501222,4.3109658228,2.19119918942
 11/19  07:00:00,345.743263079,1.23220662524,1.33332698035,0.0,24.9203635341,149.522181205,6.82242346461,4.63355108421,2.1888723804
 11/19  08:00:00,351.431976452,2.05367770873,2.50264317502,0.0,24.9203635341,149.522181205,10.6921314214,8.50326072113,2.18887070029
 11/19  09:00:00,327.837203752,1.64294216698,2.30040847138,0.0,24.9203635341,149.522181205,9.09316003461,6.90429097193,2.18886906268
 11/19  10:00:00,291.771218329,1.64294216698,2.27063404583,0.0,24.9203635341,149.522181205,9.25004980614,7.06118232643,2.18886747971
 11/19  11:00:00,247.347413709,1.64294216698,2.53180255304,0.0,24.9203635341,149.522181205,8.83991640052,6.65105047596,2.18886592457
 11/19  12:00:00,239.663584197,1.23220662524,1.94283321429,0.0,24.9203635341,149.522181205,7.08343695487,4.89290349912,2.19053345575
 11/19  13:00:00,230.674328948,0.821471083491,1.28939495757,0.0,24.9203635341,149.522181205,5.56007163314,3.3695942881,2.19047734504
 11/19  14:00:00,245.656169979,1.23220662524,2.08314022205,0.0,24.9203635341,149.522181205,9.47788447033,5.11250342796,4.36538104238
 11/19  15:00:00,250.052271669,2.05367770873,4.07342192828,0.0,24.9203635341,149.522181205,12.301398775,10.110801068,2.19059770701
 11/19  16:00:00,242.288416251,1.64294216698,3.29584360089,0.0,24.9203635341,149.522181205,11.3281905863,9.13929082865,2.18889975769
 11/19  17:00:00,305.396470703,2.05367770873,4.49181073314,0.0,24.9203635341,149.522181205,13.1155273388,10.9266291184,2.18889822039
 11/19  18:00:00,394.719760394,1.64294216698,3.28972217316,0.0,24.9203635341,149.522181205,13.5964468296,11.407549184,2.18889764562
 11/19  19:00:00,417.377954076,2.05367770873,4.38518827192,0.0,24.9203635341,149.522181205,13.7843690304,13.7643690304,0.02
 11/19  20:00:00,354.781568779,1.64294216698,3.44271816997,0.0,24.9203635341,149.522181205,12.7137584106,10.5248620952,2.18889631541
 11/19  21:00:00,363.129068777,2.05367770873,4.80978344901,0.0,24.9203635341,149.522181205,14.7165397903,12.5276457591,2.18889403119
 11/19  22:00:00,330.579899053,1.64294216698,3.6864663693,0.0,24.9203635341,149.522181205,14.9982547279,10.6355320225,4.36272270542
 11/19  23:00:00,314.467252326,2.05367770873,5.04388487139,0.0,24.9203635341,149.522181205,12.883848217,12.863848217,0.02
 11/19  24:00:00,304.066695617,1.64294216698,7.73106344451,0.0,24.9203635341,149.522181205,13.2817425864,11.0928031088,2.18893947762
 11/20  01:00:00,362.285143666,2.05367770873,9.22075894346,0.0,24.9203635341,199.362908273,15.4855787699,13.2958411555,2.18973761442
 11/20  02:00:00,346.102624621,1.64294216698,6.14094194757,0.0,24.9203635341,199.362908273,13.545366484,11.3556530181,2.18971346593
 11/20  03:00:00,360.801258249,2.05367770873,7.76294090011,0.0,24.9203635341,199.362908273,16.0851177555,13.8955325887,2.18958516677
 11/20  04:00:00,345.276385276,1.64294216698,5.33026871813,0.0,24.9203635341,199.362908273,13.9155829681,11.7258177383,2.18976522987
 11/20  05:00:00,371.909686945,2.05367770873,6.6809372943,0.0,24.9203635341,199.362908273,19.8728687977,15.5136195297,4.35924926799
 11/20  06:00:00,405.999231449,1.64294216698,4.4927144572,0.0,49.8407270682,199.362908273,16.0683892165,13.8764453336,2.19194388288
 11/20  07:00:00,771.248364522,30.3148174886,249.388902819,0.0,49.8407270682,199.362908273,883.201145953,878.838685604,4.36246034855
 11/20  08:00:00,773.632716989,30.3148174886,165.884579219,0.0,149.522181205,199.362908273,597.262471148,590.700169154,6.56230199413
 11/20  09:00:00,1271.43556172,30.3148174886,132.085917923,0.0,448.566543614,448.566543614,389.072235638,373.691540734,15.3806949042
 11/20  10:00:00,1326.97672957,30.3148174886,213.780138141,0.0,448.566543614,448.566543614,325.271146744,309.875610687,15.3955360565
 11/20  11:00:00,1329.93580453,30.3148174886,266.712534567,0.0,448.566543614,448.566543614,261.099397256,245.698307139,15.4010901169
 11/20  12:00:00,1354.94948652,30.3148174886,295.05245779,0.0,448.566543614,448.566543614,256.052620071,236.192632242,19.8599878284
 11/20  13:00:00,1306.89647441,30.3148174886,298.180967947,0.0,448.566543614,398.725816546,277.392726307,255.244172203,22.1485541042
 11/20  14:00:00,1276.85654522,30.3148174886,218.37576021,0.0,448.566543614,448.566543614,221.409628115,199.285748849,22.1238792657
 11/20  15:00:00,1174.43852692,30.3148174886,113.488308926,0.0,448.566543614,448.566543614,234.266417183,221.085912191,13.1805049922
 11/20  16:00:00,1164.94922434,30.3148174886,99.5114313126,0.0,448.566543614,448.566543614,233.336073495,217.964509446,15.3715640481
 11/20  17:00:00,1192.95503274,30.3148174886,77.5793655624,0.0,448.566543614,448.566543614,238.202080517,220.569331399,17.6327491182
 11/20  18:00:00,1063.31288083,30.3148174886,41.5823022093,0.0,348.885089477,398.725816546,318.282337778,307.329510343,10.9528274349
 11/20  19:00:00,836.940989921,30.3148174886,25.2233957934,0.0,249.203635341,299.044362409,396.021911821,387.272865412,8.74904640918
 11/20  20:00:00,799.333048478,30.3148174886,16.2862293012,0.0,249.203635341,299.044362409,389.430150425,385.054094353,4.37605607191
 11/20  21:00:00,652.689609234,30.3148174886,17.9768758355,0.0,149.522181205,249.203635341,452.540275957,443.802964715,8.73731124167
 11/20  22:00:00,637.767080488,30.3148174886,24.1406670255,0.0,149.522181205,249.203635341,444.058912458,441.866719372,2.19219308621
 11/20  23:00:00,349.356775659,0.0,0.0,0.0,49.8407270682,199.362908273,2.18976563334,0.0,2.18976563334
 11/20  24:00:00,299.992016524,0.0,0.0,0.0,24.9203635341,199.362908273,2.18973974681,0.0,2.18973974681
 11/21  01:00:00,287.769821925,0.0,0.0,0.0,24.9203635341,199.362908273,2.18951682466,0.0,2.18951682466
 11/21  02:00:00,287.769821891,0.0,0.0,0.0,24.9203635341,199.362908273,2.18959968847,0.0,2.18959968847
 11/21  03:00:00,287.769821922,0.0,0.0,0.0,24.9203635341,199.362908273,2.18968261311,0.0,2.18968261311
 11/21  04:00:00,287.769821949,0.0,0.0,0.0,24.9203635341,199.362908273,4.35930728044,0.0,4.35930728044
 11/21  05:00:00,299.992019724,0.0,0.0,0.0,24.9203635341,199.362908273,2.18962511336,0.0,2.18962511336
 11/21  06:00:00,378.099165708,1.64294216698,0.616938586426,0.0,49.8407270682,199.362908273,13.2677411526,11.0756667819,2.19207437071
 11/21  07:00:00,714.904243424,30.3148174886,199.493863091,0.0,49.8407270682,199.362908273,920.612641313,916.250115397,4.36252591651
 11/21  08:00:00,519.03575448,30.3148174886,0.0,0.0,149.522181205,199.362908273,628.587453375,622.024580419,6.56287295605
 11/21  09:00:00,1185.45157505,30.3148174886,75.5291006564,0.0,448.566543614,448.566543614,283.782381563,268.401632208,15.3807493548
 11/21  10:00:00,1125.29444353,30.3148174886,48.8785862549,0.0,448.566543614,448.566543614,203.883522739,188.48566224,15.3978604993
 11/21  11:00:00,1108.44696134,30.3148174886,74.4875261034,0.0,448.566543614,448.566543614,190.548181858,175.144408787,15.4037730708
 11/21  12:00:00,1120.6075791,30.3148174886,85.4624364077,0.0,448.566543614,448.566543614,166.310823094,146.448575938,19.8622471557
 11/21  13:00:00,1078.08539226,30.3148174886,91.7923085949,0.0,448.566543614,398.725816546,187.562559971,165.415109611,22.1474503601
 11/21  14:00:00,1143.73202091,30.3148174886,103.965919266,0.0,448.566543614,448.566543614,158.119029957,135.995114249,22.1239157082
 11/21  15:00:00,1187.89052338,30.3148174886,137.052985235,0.0,448.566543614,448.566543614,130.330890598,114.956267298,15.3746233002
 11/21  16:00:00,1205.65812209,30.3148174886,151.695882916,0.0,448.566543614,448.566543614,130.802698839,117.631485778,13.1712130613
 11/21  17:00:00,1207.8720623,30.3148174886,114.590422103,0.0,448.566543614,448.566543614,141.926483613,124.292743691,17.633739922
 11/21  18:00:00,1084.94877921,30.3148174886,72.8822809259,0.0,348.885089477,398.725816546,201.287906805,190.334428493,10.9534783114
 11/21  19:00:00,839.257724128,30.3148174886,30.2739595192,0.0,249.203635341,299.044362409,305.662585991,296.912401269,8.75018472176
 11/21  20:00:00,794.040474568,30.3148174886,14.2634378043,0.0,249.203635341,299.044362409,332.08792476,325.534323992,6.55360076792
 11/21  21:00:00,646.896876788,30.3148174886,16.3157378421,0.0,149.522181205,249.203635341,385.134886628,378.576820157,6.5580664715
 11/21  22:00:00,596.327321764,30.3148174886,8.07474695,0.0,149.522181205,249.203635341,407.591681512,403.227580197,4.36410131449
 11/21  23:00:00,349.356778762,0.0,0.0,0.0,49.8407270682,199.362908273,2.18955785333,0.0,2.18955785333
 11/21  24:00:00,299.992019595,0.0,0.0,0.0,24.9203635341,199.362908273,2.18964144598,0.0,2.18964144598
 11/22  01:00:00,287.769824912,0.0,0.0,0.0,24.9203635341,199.362908273,2.18973413213,0.0,2.18973413213
 11/22  02:00:00,287.769824985,0.0,0.0,0.0,24.9203635341,199.362908273,2.18965198048,0.0,2.18965198048
 11/22  03:00:00,287.769824874,0.0,0.0,0.0,24.9203635341,199.362908273,2.18960409216,0.0,2.18960409216
 11/22  04:00:00,287.769824857,0.0,0.0,0.0,24.9203635341,199.362908273,2.18969336527,0.0,2.18969336527
 11/22  05:00:00,299.992022714,0.0,0.0,0.0,24.9203635341,199.362908273,2.18978257298,0.0,2.18978257298
 11/22  06:00:00,349.35819528,0.0,0.0,0.0,49.8407270682,199.362908273,4.36396589127,0.0,4.36396589127
 11/22  07:00:00,703.240477086,30.3148174886,194.653676609,0.0,49.8407270682,199.362908273,755.730484647,753.539308169,2.1911764784
 11/22  08:00:00,519.170817548,30.3148174886,0.0,0.0,149.522181205,199.362908273,796.484566649,787.740522082,8.74404456738
 11/22  09:00:00,1050.23548287,30.3148174886,0.0,0.0,448.566543614,448.566543614,648.974665842,635.78915037,13.1855154715
 11/22  10:00:00,1013.44240285,30.3148174886,0.0,0.0,448.566543614,448.566543614,493.505836619,478.107310736,15.3985258828
 11/22  11:00:00,1041.5418745,30.3148174886,51.6702092149,0.0,448.566543614,448.566543614,329.017218052,311.414190991,17.6030270615
 11/22  12:00:00,1044.78595381,30.3148174886,24.7251293659,0.0,448.566543614,448.566543614,330.95196702,313.29563901,17.6563280094
 11/22  13:00:00,986.169878959,30.3148174886,18.5813980069,0.0,448.566543614,398.725816546,346.351501721,321.984447775,24.3670539455
 11/22  14:00:00,1060.40916826,30.3148174886,37.9068949016,0.0,448.566543614,448.566543614,241.309205655,219.184522001,22.1246836537
 11/22  15:00:00,1079.72920789,30.3148174886,52.9244594068,0.0,448.566543614,448.566543614,206.470741982,193.289880511,13.1808614704
 11/22  16:00:00,1081.95876989,30.3148174886,54.5813732258,0.0,448.566543614,448.566543614,213.69221553,199.41337234,14.2788431901
 11/22  17:00:00,1121.03568674,30.3148174886,46.5162674446,0.0,448.566543614,448.566543614,239.158481009,220.424342462,18.7341385468
 11/22  18:00:00,1030.1681905,30.3148174886,29.7371137016,0.0,348.885089477,398.725816546,285.254699144,274.301974011,10.9527251324
 11/22  19:00:00,776.452874543,30.3148174886,6.07342151124,0.0,249.203635341,299.044362409,424.021178484,415.270925087,8.75025339643
 11/22  20:00:00,728.056614282,30.3148174886,0.0,0.0,249.203635341,299.044362409,550.910893894,544.358559954,6.55233393996
 11/22  21:00:00,578.57800356,30.3148174886,0.0,0.0,149.522181205,249.203635341,589.170424931,582.612583705,6.55784122574
 11/22  22:00:00,554.16345641,30.3148174886,0.0,0.0,149.522181205,249.203635341,613.837321264,611.645267021,2.19205424304
 11/22  23:00:00,349.356782134,0.0,0.0,0.0,49.8407270682,199.362908273,2.18980602226,0.0,2.18980602226
 11/22  24:00:00,299.992022921,0.0,0.0,0.0,24.9203635341,199.362908273,4.35932324224,0.0,4.35932324224
 11/23  01:00:00,237.928629179,0.0,0.0,0.0,24.9203635341,149.522181205,0.02,0.0,0.02
 11/23  02:00:00,244.894124272,0.410735541745,0.0267915753497,0.0,24.9203635341,149.522181205,4.56894362484,2.38014543453,2.18879819031
 11/23  03:00:00,273.092480151,2.05367770873,0.386913344286,0.0,24.9203635341,149.522181205,14.7273622543,12.5385435118,2.18881874248
 11/23  04:00:00,266.019169091,1.64294216698,0.319049438236,0.0,24.9203635341,149.522181205,15.5415850639,13.3527456091,2.18883945475
 11/23  05:00:00,285.335808604,2.05367770873,0.476116030486,0.0,24.9203635341,149.522181205,20.7472431029,18.5582549646,2.18898813824
 11/23  06:00:00,297.330121175,1.64294216698,0.212225362887,0.0,24.9203635341,149.522181205,25.787428714,23.5960080871,2.19142062689
 11/23  07:00:00,354.453578728,2.05367770873,0.230253183261,0.0,24.9203635341,149.522181205,30.5783680338,28.3894969057,2.18887112816
 11/23  08:00:00,340.954015606,1.64294216698,0.0683259251591,0.0,24.9203635341,149.522181205,30.306469152,28.1175768897,2.18889226229
 11/23  09:00:00,320.964763492,2.05367770873,0.0978934868952,0.0,24.9203635341,149.522181205,20.2375616415,18.0485963771,2.18896526431
 11/23  10:00:00,282.659858987,1.64294216698,0.165621952316,0.0,24.9203635341,149.522181205,14.057730694,11.8687441522,2.18898654183
 11/23  11:00:00,246.360097153,2.05367770873,0.570685842288,0.0,24.9203635341,149.522181205,11.4231615513,9.23420483813,2.18895671317
 11/23  12:00:00,239.616690621,1.64294216698,0.726416718433,0.0,24.9203635341,149.522181205,9.18131873121,6.99066418955,2.19065454166
 11/23  13:00:00,432.467217424,17.8850853653,128.442861398,0.0,24.9203635341,149.522181205,8.74821410582,6.55757211032,2.1906419955
 11/23  14:00:00,520.334226339,21.8202831163,200.157898335,0.0,24.9203635341,149.522181205,4.3659584123,0.0,4.3659584123
 11/23  15:00:00,466.675286424,17.3167574945,168.478114324,0.0,24.9203635341,149.522181205,2.19053133773,0.0,2.19053133773
 11/23  16:00:00,333.004059565,8.08883230475,84.257493967,0.0,24.9203635341,149.522181205,2.18898326342,0.0,2.18898326342
 11/23  17:00:00,259.999816205,0.0,0.0,0.0,24.9203635341,149.522181205,2.18890282456,0.0,2.18890282456
 11/23  18:00:00,400.540283223,1.64294216698,8.97211511298,0.0,24.9203635341,149.522181205,6.04094795736,3.85193904609,2.18900891127
 11/23  19:00:00,414.000893954,2.05367770873,8.89764870108,0.0,24.9203635341,149.522181205,9.36404576804,7.17510088904,2.188944879
 11/23  20:00:00,359.608415343,1.64294216698,5.77622246176,0.0,24.9203635341,149.522181205,7.4281126357,7.4081126357,0.02
 11/23  21:00:00,366.498091343,2.05367770873,6.67037525351,0.0,24.9203635341,149.522181205,12.125690293,9.93672416433,2.18896612864
 11/23  22:00:00,331.131370046,1.64294216698,4.18340260713,0.0,24.9203635341,149.522181205,14.1681342522,9.80520627277,4.36292797947
 11/23  23:00:00,314.045473076,2.05367770873,4.66172258201,0.0,24.9203635341,149.522181205,14.798476335,12.6094796805,2.18899665446
 11/23  24:00:00,280.600151951,1.64294216698,2.66445635502,0.0,24.9203635341,149.522181205,14.5675505055,12.3785949821,2.18895552341
 11/24  01:00:00,325.53588969,2.05367770873,3.04703428404,0.0,24.9203635341,199.362908273,18.2913364536,16.1016854301,2.18965102359
 11/24  02:00:00,316.965753994,1.64294216698,1.46180690229,0.0,24.9203635341,199.362908273,17.9233523073,15.7335367216,2.18981558579
 11/24  03:00:00,324.467965612,2.05367770873,2.0229352382,0.0,24.9203635341,199.362908273,21.3595627323,19.1697094293,2.18985330306
 11/24  04:00:00,313.865254736,1.64294216698,0.981753470862,0.0,24.9203635341,199.362908273,20.9584857318,18.7686536112,2.18983212066
 11/24  05:00:00,333.186461723,2.05367770873,1.15439644861,0.0,24.9203635341,199.362908273,27.5318718093,25.3421257028,2.18974610648
 11/24  06:00:00,368.252465277,1.64294216698,0.307626642906,0.0,49.8407270682,199.362908273,28.9578252017,26.7657494745,2.19207572721
 11/24  07:00:00,709.97095661,30.3148174886,204.579584093,0.0,49.8407270682,199.362908273,1113.35682059,1108.99405984,4.36276075447
 11/24  08:00:00,528.132895768,30.3148174886,0.0,0.0,149.522181205,199.362908273,1142.97746626,1134.23312223,8.74434403313
 11/24  09:00:00,1050.22073507,30.3148174886,0.0,0.0,448.566543614,448.566543614,551.912057869,538.725764355,13.1862935139
 11/24  10:00:00,1061.93841894,30.3148174886,34.1586260664,0.0,448.566543614,448.566543614,287.589112498,272.19011748,15.3989950184
 11/24  11:00:00,1092.62112189,30.3516544447,58.2714965765,0.0,448.566543614,448.566543614,218.498350622,200.894685328,17.6036652943
 11/24  12:00:00,1135.19745906,31.9874655485,86.6547742074,0.0,448.566543614,448.566543614,187.009130384,169.350417605,17.6587127795
 11/24  13:00:00,1176.01982139,33.1025656578,169.132211674,0.0,448.566543614,398.725816546,191.452636602,167.082956274,24.3696803283
 11/24  14:00:00,1291.91429782,32.0843523655,235.657601005,0.0,448.566543614,448.566543614,145.948400454,123.817332675,22.1310677786
 11/24  15:00:00,1311.66219828,30.8100601583,256.266799998,0.0,448.566543614,448.566543614,123.029195807,107.650158364,15.3790374437
 11/24  16:00:00,1314.68179584,30.3185640526,259.575038563,0.0,448.566543614,448.566543614,104.634179343,91.4618573628,13.1723219802
 11/24  17:00:00,1339.57366573,30.3148174886,235.889117662,0.0,448.566543614,448.566543614,117.016380359,99.3792259703,17.6371543889
 11/24  18:00:00,1178.6366942,30.3148174886,145.79610431,0.0,348.885089477,398.725816546,170.42383029,159.46914373,10.9546865603
 11/24  19:00:00,910.206819431,30.3148174886,74.8640391067,0.0,249.203635341,299.044362409,231.981678485,223.2297824,8.75189608489
 11/24  20:00:00,827.838887712,30.3148174886,38.6212397138,0.0,249.203635341,299.044362409,261.644539418,255.091350122,6.55318929635
 11/24  21:00:00,615.941632934,30.3148174886,10.2857503063,0.0,149.522181205,249.203635341,368.313712797,361.756066236,6.55764656128
 11/24  22:00:00,554.051715782,30.3148174886,0.0,0.0,149.522181205,249.203635341,498.324085067,493.959979781,4.36410528599
 11/24  23:00:00,349.356787706,0.0,0.0,0.0,49.8407270682,199.362908273,2.18972386476,0.0,2.18972386476
 11/24  24:00:00,299.992028698,0.0,0.0,0.0,24.9203635341,199.362908273,2.18982545111,0.0,2.18982545111
 11/25  01:00:00,237.929106833,0.0,0.0,0.0,24.9203635341,149.522181205,2.18962439724,0.0,2.18962439724
 11/25  02:00:00,237.929106821,0.0,0.0,0.0,24.9203635341,149.522181205,2.18973153979,0.0,2.18973153979
 11/25  03:00:00,237.929106907,0.0,0.0,0.0,24.9203635341,149.522181205,2.18983865939,0.0,2.18983865939
 11/25  04:00:00,273.030889103,2.05367770873,0.337244260396,0.0,24.9203635341,149.522181205,12.6160003979,10.4263654515,2.18963494641
 11/25  05:00:00,278.397773035,1.64294216698,0.436367004741,0.0,24.9203635341,149.522181205,12.4695295595,10.2797078744,2.18982168509
 11/25  06:00:00,309.800047168,2.05367770873,0.493655951968,0.0,24.9203635341,149.522181205,21.0482560913,16.6836113169,4.3646447744
 11/25  07:00:00,697.513429597,30.3148174886,198.484655726,0.0,49.8407270682,199.362908273,924.175815938,921.984409649,2.19140628945
 11/25  08:00:00,428.839428563,30.3148174886,0.0,0.0,49.8407270682,199.362908273,1481.30918629,1474.76520893,6.54397735523
 11/25  09:00:00,651.817768684,30.3148174886,0.0,0.0,249.203635341,249.203635341,754.649682993,750.274678739,4.37500425377
 11/25  10:00:00,614.733897439,30.3148174886,0.0,0.0,249.203635341,249.203635341,395.84237869,384.908698775,10.9336799148
 11/25  11:00:00,671.126837009,30.3148174886,63.6587912987,0.0,249.203635341,249.203635341,251.687915012,245.124455953,6.56345905883
 11/25  12:00:00,706.996668859,31.0936168618,62.8236763213,0.0,249.203635341,249.203635341,216.25346636,205.311010909,10.9424554517
 11/25  13:00:00,811.848455356,32.9846012948,154.422211309,0.0,249.203635341,249.203635341,199.032459218,190.285150331,8.74730888687
 11/25  14:00:00,895.724183697,33.3044643287,237.376806502,0.0,249.203635341,249.203635341,187.779642695,181.216345658,6.56329703716
 11/25  15:00:00,644.130906532,31.3939177057,236.798564789,0.0,74.7610906023,174.442544739,244.425216193,237.871541485,6.55367470835
 11/25  16:00:00,607.457688389,30.4390640672,201.456365248,0.0,74.7610906023,174.442544739,266.468045406,259.919384117,6.54866128916
 11/25  17:00:00,584.039791645,30.3148174886,129.984076511,0.0,74.7610906023,174.442544739,300.704995089,296.331431501,4.37356358732
 11/25  18:00:00,526.225450622,30.3148174886,68.1312970206,0.0,24.9203635341,149.522181205,437.830036498,433.467194807,4.36284169085
 11/25  19:00:00,347.929832441,0.0,0.0,0.0,24.9203635341,149.522181205,2.19130907461,0.0,2.19130907461
 11/25  20:00:00,323.485437804,0.0,0.0,0.0,24.9203635341,149.522181205,4.3623967427,0.0,4.3623967427
 11/25  21:00:00,323.485436919,0.0,0.0,0.0,24.9203635341,149.522181205,2.19151018822,0.0,2.19151018822
 11/25  22:00:00,299.041987649,0.0,0.0,0.0,24.9203635341,149.522181205,4.36630320571,0.0,4.36630320571
 11/25  23:00:00,274.595700194,0.0,0.0,0.0,24.9203635341,149.522181205,2.18962078714,0.0,2.18962078714
 11/25  24:00:00,250.15130458,0.0,0.0,0.0,24.9203635341,149.522181205,2.18972864075,0.0,2.18972864075
 11/26  01:00:00,237.928636502,0.0,0.0,0.0,24.9203635341,149.522181205,2.1888896464,0.0,2.1888896464
 11/26  02:00:00,237.928636516,0.0,0.0,0.0,24.9203635341,149.522181205,2.18892680662,0.0,2.18892680662
 11/26  03:00:00,237.928636483,0.0,0.0,0.0,24.9203635341,149.522181205,2.18896419711,0.0,2.18896419711
 11/26  04:00:00,237.928636402,0.0,0.0,0.0,24.9203635341,149.522181205,2.18900174741,0.0,2.18900174741
 11/26  05:00:00,250.150834077,0.0,0.0,0.0,24.9203635341,149.522181205,0.02,0.0,0.02
 11/26  06:00:00,297.90096316,1.23220662524,0.863175275444,0.0,24.9203635341,149.522181205,8.57583497095,4.21275556219,4.36307940876
 11/26  07:00:00,345.516802663,1.23220662524,1.1016793271,0.0,24.9203635341,149.522181205,6.74169379831,4.55286806931,2.188825729
 11/26  08:00:00,344.511921024,1.23220662524,1.288045093,0.0,24.9203635341,149.522181205,7.08087858625,4.89184308098,2.18903550526
 11/26  09:00:00,326.455190969,1.64294216698,1.90132800272,0.0,24.9203635341,149.522181205,8.98787187304,6.79888357322,2.18898829983
 11/26  10:00:00,275.178859935,0.821471083491,1.21984687537,0.0,24.9203635341,149.522181205,3.10449395145,3.08449395145,0.02
 11/26  11:00:00,211.111031843,0.0,0.0,0.0,24.9203635341,149.522181205,2.18894017012,0.0,2.18894017012
 11/26  12:00:00,211.111979208,0.0,0.0,0.0,24.9203635341,149.522181205,4.36090155547,0.0,4.36090155547
 11/26  13:00:00,211.111978948,0.0,0.0,0.0,24.9203635341,149.522181205,2.19056841828,0.0,2.19056841828
 11/26  14:00:00,211.113399255,0.0,0.0,0.0,24.9203635341,149.522181205,4.36614231304,0.0,4.36614231304
 11/26  15:00:00,211.111978977,0.0,0.0,0.0,24.9203635341,149.522181205,2.19069468313,0.0,2.19069468313
 11/26  16:00:00,211.111032125,0.0,0.0,0.0,24.9203635341,149.522181205,2.18900611352,0.0,2.18900611352
 11/26  17:00:00,259.999823272,0.0,0.0,0.0,24.9203635341,149.522181205,2.18904421581,0.0,2.18904421581
 11/26  18:00:00,346.986707466,0.410735541745,0.624537515438,0.0,24.9203635341,149.522181205,3.60719682456,1.41819894268,2.18899788187
 11/26  19:00:00,371.153250426,1.23220662524,2.26899974527,0.0,24.9203635341,149.522181205,4.34846255595,4.32846255595,0.02
 11/26  20:00:00,354.740377426,1.64294216698,3.32073550947,0.0,24.9203635341,149.522181205,8.53597631183,6.34711190579,2.18886440604
 11/26  21:00:00,355.050827642,1.64294216698,3.63599596136,0.0,24.9203635341,149.522181205,8.80236168489,6.61333026617,2.18903141872
 11/26  22:00:00,322.901675541,1.23220662524,2.91566528363,0.0,24.9203635341,149.522181205,9.27528896802,4.91236981931,4.36291914871
 11/26  23:00:00,301.79489227,1.23220662524,6.05235163579,0.0,24.9203635341,149.522181205,4.93416226037,4.91416226037,0.02
 11/26  24:00:00,276.722868324,1.23220662524,5.46597814283,0.0,24.9203635341,149.522181205,7.27416495473,5.08517967253,2.1889852822
 11/27  01:00:00,314.085076829,1.23220662524,5.22999889428,0.0,24.9203635341,199.362908273,7.36975962967,5.18014229466,2.18961733501
 11/27  02:00:00,326.220640016,1.23220662524,5.27485995086,0.0,24.9203635341,199.362908273,7.84543221002,5.65553853176,2.18989367826
 11/27  03:00:00,332.005987647,1.23220662524,5.02973213392,0.0,24.9203635341,199.362908273,10.4312013197,6.07168409513,4.35951722462
 11/27  04:00:00,360.852966534,2.05367770873,7.76499853743,0.0,24.9203635341,199.362908273,13.5323050671,11.3425239191,2.18978114801
 11/27  05:00:00,357.792137395,1.64294216698,5.55281059342,0.0,24.9203635341,199.362908273,13.1336341819,10.9437322756,2.18990190633
 11/27  06:00:00,397.134819832,2.05367770873,2.44323435898,0.0,49.8407270682,199.362908273,19.2535034903,17.0610589175,2.19244457282
 11/27  07:00:00,725.927203754,30.3148174886,207.258674567,0.0,49.8407270682,199.362908273,991.101684921,986.738947828,4.36273709338
 11/27  08:00:00,671.553542717,30.3148174886,74.1292449554,0.0,149.522181205,199.362908273,748.504825396,741.940905487,6.56391990897
 11/27  09:00:00,1119.38512067,30.3148174886,16.4838501195,0.0,448.566543614,448.566543614,384.006077868,368.623783548,15.3822943199
 11/27  10:00:00,1094.1534685,30.3148174886,25.2760535958,0.0,448.566543614,448.566543614,335.735021507,320.332885822,15.4021356844
 11/27  11:00:00,1053.95826269,30.3148174886,32.023414488,0.0,448.566543614,448.566543614,318.608328439,301.001386091,17.6069423486
 11/27  12:00:00,1068.25864062,30.3148174886,44.0355156449,0.0,448.566543614,448.566543614,286.447237808,266.578716353,19.8685214543
 11/27  13:00:00,1038.97249619,30.3148174886,60.2818384969,0.0,448.566543614,398.725816546,266.045171262,243.884824826,22.1603464358
 11/27  14:00:00,1108.61728828,30.3148174886,75.8533095059,0.0,448.566543614,448.566543614,199.96398329,175.618145759,24.3458375308
 11/27  15:00:00,1119.17616109,30.3148174886,84.8667502156,0.0,448.566543614,448.566543614,161.670223542,148.48910508,13.1811184619
 11/27  16:00:00,1124.50734385,30.3148174886,88.2731194926,0.0,448.566543614,448.566543614,171.572153495,158.391535161,13.1806183343
 11/27  17:00:00,1159.72345704,30.3148174886,78.0736054803,0.0,448.566543614,448.566543614,167.805143245,147.959502248,19.8456409973
 11/27  18:00:00,1060.17796001,30.3148174886,56.2836219862,0.0,348.885089477,398.725816546,254.664953861,243.709325809,10.9556280513
 11/27  19:00:00,805.37072791,30.3148174886,17.2041173943,0.0,249.203635341,299.044362409,379.175563609,370.422713381,8.75285022848
 11/27  20:00:00,728.062964171,30.3148174886,0.0,0.0,249.203635341,299.044362409,574.582812564,568.028502962,6.55430960207
 11/27  21:00:00,578.656913736,30.3148174886,0.0,0.0,149.522181205,249.203635341,689.137778831,682.578561669,6.55921716173
 11/27  22:00:00,554.123268432,30.3148174886,0.0,0.0,149.522181205,249.203635341,568.825443343,564.46071807,4.36472527307
 11/27  23:00:00,349.356796653,0.0,0.0,0.0,49.8407270682,199.362908273,2.18986639384,0.0,2.18986639384
 11/27  24:00:00,299.992037529,0.0,0.0,0.0,24.9203635341,199.362908273,2.18967294435,0.0,2.18967294435
 11/28  01:00:00,287.769842654,0.0,0.0,0.0,24.9203635341,199.362908273,2.18980078406,0.0,2.18980078406
 11/28  02:00:00,287.76984275,0.0,0.0,0.0,24.9203635341,199.362908273,2.18961168026,0.0,2.18961168026
 11/28  03:00:00,322.816149773,2.05367770873,0.294939409685,0.0,24.9203635341,199.362908273,14.5960506798,12.4063136374,2.1897370424
 11/28  04:00:00,315.902004084,1.64294216698,0.342844863208,0.0,24.9203635341,199.362908273,14.5275816249,12.3377178622,2.1898637627
 11/28  05:00:00,334.986773587,2.05367770873,0.318572442573,0.0,24.9203635341,199.362908273,22.3817486272,20.1920749728,2.18967365444
 11/28  06:00:00,374.729906343,1.64294216698,0.24271142781,0.0,49.8407270682,199.362908273,22.5409153609,18.1766705582,4.36424480269
 11/28  07:00:00,692.826253639,30.3148174886,197.268860119,0.0,49.8407270682,199.362908273,1061.419773,1059.22815071,2.19162228669
 11/28  08:00:00,529.014917689,30.3148174886,0.0,0.0,149.522181205,199.362908273,1779.75032258,1771.00459722,8.74572536239
 11/28  09:00:00,1050.84643069,30.3148174886,0.0,0.0,448.566543614,448.566543614,840.946567554,825.560869177,15.3856983771
 11/28  10:00:00,1013.47976157,30.3148174886,0.0,0.0,448.566543614,448.566543614,334.745984753,319.340797612,15.4051871413
 11/28  11:00:00,1084.09328382,30.6021265657,73.8850754628,0.0,448.566543614,448.566543614,162.975181492,147.565024621,15.4101568702
 11/28  12:00:00,1138.72074078,33.0403353534,102.368147281,0.0,448.566543614,448.566543614,140.156046372,120.28358448,19.8724618926
 11/28  13:00:00,1173.88694289,34.9372193155,170.843111971,0.0,448.566543614,398.725816546,153.922889497,129.544901115,24.3779883821
 11/28  14:00:00,1262.58389994,36.0806224523,202.998808328,0.0,448.566543614,448.566543614,125.015895716,102.881107711,22.1347880052
 11/28  15:00:00,1268.99450654,34.9739811269,209.721778892,0.0,448.566543614,448.566543614,85.7636114038,70.3857382806,15.3778731231
 11/28  16:00:00,1270.88327014,33.7511963698,212.663129919,0.0,448.566543614,448.566543614,64.5566708904,51.3776378449,13.1790330455
 11/28  17:00:00,1283.40072156,31.3533995262,180.506078882,0.0,448.566543614,448.566543614,76.3584108506,56.5117138619,19.8466969887
 11/28  18:00:00,1114.76868356,30.3148174886,100.837434541,0.0,348.885089477,398.725816546,131.456373433,120.500132269,10.9562411631
 11/28  19:00:00,831.531447731,30.3148174886,31.8212651116,0.0,249.203635341,299.044362409,204.079718773,195.327540014,8.752178759
 11/28  20:00:00,727.878894158,30.3148174886,0.0,0.0,249.203635341,299.044362409,276.708336761,270.154512706,6.5538240554
 11/28  21:00:00,578.49298951,30.3148174886,0.0,0.0,149.522181205,249.203635341,421.877806759,415.318007202,6.55979955712
 11/28  22:00:00,554.228650071,30.3148174886,0.0,0.0,149.522181205,249.203635341,606.893301933,602.528873398,4.36442853469
 11/28  23:00:00,349.356799697,0.0,0.0,0.0,49.8407270682,199.362908273,2.1897184203,0.0,2.1897184203
 11/28  24:00:00,299.992040587,0.0,0.0,0.0,24.9203635341,199.362908273,2.18984408322,0.0,2.18984408322
 11/29  01:00:00,287.769845674,0.0,0.0,0.0,24.9203635341,199.362908273,2.18966356288,0.0,2.18966356288
 11/29  02:00:00,301.746905435,0.821471083491,0.0873820641179,0.0,24.9203635341,199.362908273,5.39835858238,3.20856394791,2.18979463447
 11/29  03:00:00,315.852853509,1.64294216698,0.288055038472,0.0,24.9203635341,199.362908273,9.85403617793,7.66411066028,2.18992551765
 11/29  04:00:00,322.771608601,2.05367770873,0.315037381396,0.0,24.9203635341,199.362908273,16.0865744114,13.8968327895,2.18974162189
 11/29  05:00:00,325.377567856,1.64294216698,0.249851111974,0.0,24.9203635341,199.362908273,15.2450072896,13.0554223022,2.18958498739
 11/29  06:00:00,377.668598579,2.05367770873,0.1793974729,0.0,49.8407270682,199.362908273,25.702513787,21.3375912715,4.36492251546
 11/29  07:00:00,695.217194832,30.3148174886,197.89387498,0.0,49.8407270682,199.362908273,858.739762454,856.548232171,2.19153028361
 11/29  08:00:00,528.273572417,30.3148174886,0.0,0.0,149.522181205,199.362908273,1146.0015622,1137.25601087,8.74555133314
 11/29  09:00:00,1050.3412974,30.3148174886,0.0,0.0,448.566543614,448.566543614,582.164934674,566.777581913,15.3873527607
 11/29  10:00:00,1057.75353219,30.3287442645,32.0003604545,0.0,448.566543614,448.566543614,253.522145742,238.116292869,15.4058528732
 11/29  11:00:00,1099.55742362,31.8056180884,70.9974330282,0.0,448.566543614,448.566543614,168.809867562,151.280664843,17.5292027195
 11/29  12:00:00,1150.0730967,34.528296133,111.684556873,0.0,448.566543614,448.566543614,157.332237663,139.585312142,17.7469255206
 11/29  13:00:00,1164.15155433,36.223048497,162.51276775,0.0,448.566543614,398.725816546,175.093964155,150.712533752,24.381430403
 11/29  14:00:00,1263.1459406,37.4087717471,202.262955754,0.0,448.566543614,448.566543614,140.667235472,117.811059128,22.8561763449
 11/29  15:00:00,1266.82904687,36.7252825583,206.469477181,0.0,448.566543614,448.566543614,95.4521253903,80.787318003,14.6648073873
 11/29  16:00:00,1256.99963239,34.8504719203,199.675514883,0.0,448.566543614,448.566543614,74.8277179741,61.6462933054,13.1814246688
 11/29  17:00:00,1253.28783711,32.0918597835,156.437100188,0.0,448.566543614,448.566543614,84.9784055024,65.1300958047,19.8483096977
 11/29  18:00:00,1088.71116827,30.3148174886,73.1398644909,0.0,348.885089477,398.725816546,144.756773904,133.798755888,10.9580180161
 11/29  19:00:00,791.974856508,30.3148174886,12.7840803559,0.0,249.203635341,299.044362409,235.257428202,226.505224617,8.75220358449
 11/29  20:00:00,727.897731369,30.3148174886,0.0,0.0,249.203635341,299.044362409,317.666601927,311.111377564,6.55522436298
 11/29  21:00:00,578.577950643,30.3148174886,0.0,0.0,149.522181205,249.203635341,533.694817525,527.135546929,6.55927059553
 11/29  22:00:00,554.325180073,30.3148174886,0.0,0.0,149.522181205,249.203635341,709.596419259,705.232008832,4.36441042702
 11/29  23:00:00,349.356802409,0.0,0.0,0.0,49.8407270682,199.362908273,2.18987716274,0.0,2.18987716274
 11/29  24:00:00,299.992043325,0.0,0.0,0.0,24.9203635341,199.362908273,2.18969354445,0.0,2.18969354445
 11/30  01:00:00,287.769848402,0.0,0.0,0.0,24.9203635341,199.362908273,2.18983228164,0.0,2.18983228164
 11/30  02:00:00,301.763950254,0.821471083491,0.0991959503661,0.0,24.9203635341,199.362908273,5.05378823949,2.86413528475,2.18965295475
 11/30  03:00:00,315.925119983,1.64294216698,0.344503632681,0.0,24.9203635341,199.362908273,8.77926455173,6.58934660034,2.18991795139
 11/30  04:00:00,322.91138406,2.05367770873,0.430265543093,0.0,24.9203635341,199.362908273,13.5291086789,11.3391816351,2.1899270438
 11/30  05:00:00,328.125651342,1.64294216698,0.37517931335,0.0,24.9203635341,199.362908273,13.1549697757,10.9652217119,2.18974806388
 11/30  06:00:00,380.463286737,2.05367770873,0.345672116695,0.0,49.8407270682,199.362908273,21.5800546423,17.2151461185,4.36490852382
 11/30  07:00:00,696.733719288,30.3148174886,199.667975649,0.0,49.8407270682,199.362908273,812.364911139,808.001910591,4.36300054769
 11/30  08:00:00,528.628054686,30.3148174886,0.0,0.0,149.522181205,199.362908273,1381.72647243,1375.16181889,6.5646535434
 11/30  09:00:00,1050.44701578,30.3148174886,0.0,0.0,448.566543614,448.566543614,596.096470972,580.708471142,15.3879998297
 11/30  10:00:00,1013.39613082,30.3296149658,0.0,0.0,448.566543614,448.566543614,291.059521722,275.654073386,15.4054483361
 11/30  11:00:00,1118.73040555,31.8075370618,95.5740652687,0.0,448.566543614,448.566543614,157.682587269,140.072614457,17.6099728119
 11/30  12:00:00,1214.24234267,34.7150913834,162.252157321,0.0,448.566543614,448.566543614,128.704931816,108.830540708,19.8743911077
 11/30  13:00:00,1236.53565751,35.9927781951,225.232653314,0.0,448.566543614,398.725816546,128.571581731,104.18990152,24.3816802108
 11/30  14:00:00,1319.12546798,37.4999788015,255.44776895,0.0,448.566543614,448.566543614,87.6456959987,65.5060142421,22.1396817566
 11/30  15:00:00,1342.23599466,36.7788921872,278.68698265,0.0,448.566543614,448.566543614,47.8067776193,32.4242113311,15.3825662882
 11/30  16:00:00,1345.2134357,33.9743419228,284.385533518,0.0,448.566543614,448.566543614,36.3656860851,23.1890888882,13.1765971969
 11/30  17:00:00,1383.89629863,31.7255255661,276.847247477,0.0,448.566543614,448.566543614,46.8766514481,29.2324795495,17.6441718986
 11/30  18:00:00,1296.37448803,30.3148174886,253.228713779,0.0,348.885089477,398.725816546,96.5750721604,85.6186467522,10.9564254082
 11/30  19:00:00,1026.85777772,30.3148174886,183.944186596,0.0,249.203635341,299.044362409,147.675074534,136.738898688,10.9361758458
 11/30  20:00:00,933.677025676,30.3148174886,117.428817435,0.0,249.203635341,299.044362409,167.473976524,160.920772098,6.55320442603
 11/30  21:00:00,737.970172432,30.3148174886,85.839878519,0.0,149.522181205,249.203635341,212.57113299,206.011809679,6.55932331133
 11/30  22:00:00,710.912817867,30.3148174886,86.0607985993,0.0,149.522181205,249.203635341,235.377501408,231.012944457,4.36455695138
 11/30  23:00:00,349.356805573,0.0,0.0,0.0,49.8407270682,199.362908273,2.18985567326,0.0,2.18985567326
 11/30  24:00:00,299.992046425,0.0,0.0,0.0,24.9203635341,199.362908273,2.18967692521,0.0,2.18967692521
 12/01  01:00:00,287.76985133,0.0,0.0,0.0,24.9203635341,199.362908273,2.18982326904,0.0,2.18982326904
 12/01  02:00:00,287.769851381,0.0,0.0,0.0,24.9203635341,199.362908273,2.18964884616,0.0,2.18964884616
 12/01  03:00:00,287.769851232,0.0,0.0,0.0,24.9203635341,199.362908273,2.18979191208,0.0,2.18979191208
 12/01  04:00:00,287.769851292,0.0,0.0,0.0,24.9203635341,199.362908273,2.18993476322,0.0,2.18993476322
 12/01  05:00:00,299.992049029,0.0,0.0,0.0,24.9203635341,199.362908273,2.18976070022,0.0,2.18976070022
 12/01  06:00:00,349.358237738,0.0,0.0,0.0,49.8407270682,199.362908273,4.36486137109,0.0,4.36486137109
 12/01  07:00:00,714.003877175,30.3148174886,202.224644883,0.0,49.8407270682,199.362908273,522.426731992,520.235055414,2.19167657846
 12/01  08:00:00,675.416157416,30.3148174886,82.7284130686,0.0,149.522181205,199.362908273,436.637864756,427.891071812,8.74679294362
 12/01  09:00:00,1149.05409125,30.3148174886,41.5825715164,0.0,448.566543614,448.566543614,195.584408378,180.195575939,15.3888324386
 12/01  10:00:00,1172.57221399,30.4298623538,88.9429581744,0.0,448.566543614,448.566543614,123.543827253,108.135866623,15.4079606306
 12/01  11:00:00,1240.40068499,32.6265991774,184.140680368,0.0,448.566543614,448.566543614,108.390095527,90.7779740021,17.6121215251
 12/01  12:00:00,1296.32898146,35.6120262411,234.969617179,0.0,448.566543614,448.566543614,100.420631829,80.5491076897,19.8715241396
 12/01  13:00:00,1275.92659145,37.3341428487,261.670550018,0.0,448.566543614,398.725816546,100.194958051,76.4050902814,23.7898677698
 12/01  14:00:00,1351.44081184,37.6384731709,286.215293449,0.0,448.566543614,448.566543614,67.0054147144,44.2717508111,22.7336639033
 12/01  15:00:00,1370.56694694,37.5930958779,304.714491212,0.0,448.566543614,448.566543614,28.4859061848,15.2994566538,13.186449531
 12/01  16:00:00,1379.1408503,36.4602628502,314.389207065,0.0,448.566543614,448.566543614,28.5983008035,13.2245497834,15.3737510201
 12/01  17:00:00,1412.64265369,33.2745148241,302.739638895,0.0,448.566543614,448.566543614,37.1298389682,19.4836190519,17.6462199162
 12/01  18:00:00,1321.53784333,30.518585534,277.029720025,0.0,348.885089477,398.725816546,63.9190390825,52.962903478,10.9561356045
 12/01  19:00:00,1102.43475292,30.3148174886,258.384424183,0.0,249.203635341,299.044362409,127.385846134,118.632532403,8.75331373098
 12/01  20:00:00,1065.14706944,30.3148174886,246.026937097,0.0,249.203635341,299.044362409,146.057556973,139.501825405,6.55573156775
 12/01  21:00:00,899.979607456,30.3148174886,230.625936037,0.0,149.522181205,249.203635341,185.350443979,176.610907203,8.73953677684
 12/01  22:00:00,852.982638208,30.3148174886,208.499544249,0.0,149.522181205,249.203635341,201.948757002,197.584282191,4.36447481059
 12/01  23:00:00,349.356808386,0.0,0.0,0.0,49.8407270682,199.362908273,2.18981478654,0.0,2.18981478654
 12/01  24:00:00,299.992049289,0.0,0.0,0.0,24.9203635341,199.362908273,2.18995792995,0.0,2.18995792995
 12/02  01:00:00,237.929127038,0.0,0.0,0.0,24.9203635341,149.522181205,2.18979276159,0.0,2.18979276159
 12/02  02:00:00,237.929127052,0.0,0.0,0.0,24.9203635341,149.522181205,2.18994117527,0.0,2.18994117527
 12/02  03:00:00,237.929126951,0.0,0.0,0.0,24.9203635341,149.522181205,2.18977176816,0.0,2.18977176816
 12/02  04:00:00,237.929126971,0.0,0.0,0.0,24.9203635341,149.522181205,2.18992049272,0.0,2.18992049272
 12/02  05:00:00,250.15132475,0.0,0.0,0.0,24.9203635341,149.522181205,2.18975122696,0.0,2.18975122696
 12/02  06:00:00,274.597151546,0.0,0.0,0.0,24.9203635341,149.522181205,4.36487720068,0.0,4.36487720068
 12/02  07:00:00,746.762815408,30.3148174886,224.400657818,0.0,49.8407270682,199.362908273,552.119294631,549.927604366,2.19169026425
 12/02  08:00:00,580.393741932,30.3148174886,80.5071397049,0.0,49.8407270682,199.362908273,472.20104623,467.831469071,4.36957715953
 12/02  09:00:00,750.57448779,30.3148174886,37.5979445852,0.0,249.203635341,249.203635341,264.096357785,257.540598839,6.55575894673
 12/02  10:00:00,780.525465984,30.327717989,82.6109543685,0.0,249.203635341,249.203635341,189.185336392,178.248203044,10.9371333474
 12/02  11:00:00,844.160047377,31.8767392408,186.638293231,0.0,249.203635341,249.203635341,183.11029792,176.545047686,6.56525023419
 12/02  12:00:00,915.547885869,34.6335133617,254.545541135,0.0,249.203635341,249.203635341,187.765337973,176.81994678,10.9453911924
 12/02  13:00:00,933.385659781,36.6878419839,269.75058697,0.0,249.203635341,249.203635341,170.037832122,161.288956192,8.74887593004
 12/02  14:00:00,945.786264371,37.4198932339,280.799457998,0.0,249.203635341,249.203635341,151.039754759,142.293862912,8.74589184696
 12/02  15:00:00,706.78088291,35.9715916364,292.129166484,0.0,74.7610906023,174.442544739,146.696168379,140.142144357,6.5540240218
 12/02  16:00:00,713.252684734,33.9715456138,300.658644656,0.0,74.7610906023,174.442544739,119.774698149,115.40181668,4.3728814681
 12/02  17:00:00,757.143199699,31.3049201698,298.624621873,0.0,74.7610906023,174.442544739,131.263905517,124.712155578,6.55174993839
 12/02  18:00:00,755.359961202,30.3148174886,285.54080513,0.0,24.9203635341,149.522181205,239.707351075,235.344368402,4.36298267254
 12/02  19:00:00,347.929860977,0.0,0.0,0.0,24.9203635341,149.522181205,2.19132946974,0.0,2.19132946974
 12/02  20:00:00,323.485465621,0.0,0.0,0.0,24.9203635341,149.522181205,2.1912943016,0.0,2.1912943016
 12/02  21:00:00,323.485465502,0.0,0.0,0.0,24.9203635341,149.522181205,4.36334727457,0.0,4.36334727457
 12/02  22:00:00,299.0420239,0.0,0.0,0.0,24.9203635341,149.522181205,4.36593365835,0.0,4.36593365835
 12/02  23:00:00,274.595720269,0.0,0.0,0.0,24.9203635341,149.522181205,2.18972854578,0.0,2.18972854578
 12/02  24:00:00,250.15132465,0.0,0.0,0.0,24.9203635341,149.522181205,2.18987769676,0.0,2.18987769676
 12/03  01:00:00,237.928652374,0.0,0.0,0.0,24.9203635341,149.522181205,2.18899975777,0.0,2.18899975777
 12/03  02:00:00,237.92865238,0.0,0.0,0.0,24.9203635341,149.522181205,2.18907522078,0.0,2.18907522078
 12/03  03:00:00,237.928652338,0.0,0.0,0.0,24.9203635341,149.522181205,2.18888910379,0.0,2.18888910379
 12/03  04:00:00,237.928652193,0.0,0.0,0.0,24.9203635341,149.522181205,2.18896522401,0.0,2.18896522401
 12/03  05:00:00,303.316303389,2.05367770873,3.81024851773,0.0,24.9203635341,149.522181205,9.6978125221,9.6778125221,0.02
 12/03  06:00:00,305.147924774,1.64294216698,2.71047989518,0.0,24.9203635341,149.522181205,13.9124500496,9.54920300237,4.36324704718
 12/03  07:00:00,361.07192982,2.05367770873,2.82777454271,0.0,24.9203635341,149.522181205,16.8275451026,14.638446382,2.18909872065
 12/03  08:00:00,360.848909261,1.64294216698,2.20534081316,0.0,24.9203635341,149.522181205,14.8193560317,12.6302900862,2.18906594544
 12/03  09:00:00,333.726394125,2.05367770873,2.34088338261,0.0,24.9203635341,149.522181205,11.9879163112,9.79886149304,2.18905481818
 12/03  10:00:00,290.669482536,1.64294216698,2.83938969076,0.0,24.9203635341,149.522181205,7.1994132272,5.37123920986,1.82817401734
 12/03  11:00:00,250.205738926,1.49202169952,5.29902490212,0.0,24.9203635341,149.522181205,3.25195255682,2.87128724433,0.38066531249
 12/03  12:00:00,501.467611436,20.9056893476,183.799676356,0.0,24.9203635341,149.522181205,4.36160166219,0.0,4.36160166219
 12/03  13:00:00,500.943959092,18.3143426427,185.748445982,0.0,24.9203635341,149.522181205,2.19053926959,0.0,2.19053926959
 12/03  14:00:00,566.14852563,25.7559374202,240.148017321,0.0,24.9203635341,149.522181205,4.43627851412,0.0698481402861,4.36643037383
 12/03  15:00:00,529.135693301,20.2970374476,211.338228671,0.0,24.9203635341,149.522181205,2.19079029731,0.0,2.19079029731
 12/03  16:00:00,572.970493429,22.5965710391,250.685481163,0.0,24.9203635341,149.522181205,2.18910673765,0.0,2.18910673765
 12/03  17:00:00,532.179672639,16.1776646095,196.297369349,0.0,24.9203635341,149.522181205,2.18902581082,0.0,2.18902581082
 12/03  18:00:00,347.928432618,0.0,0.0,0.0,24.9203635341,149.522181205,2.18910156245,0.0,2.18910156245
 12/03  19:00:00,347.928432564,0.0,0.0,0.0,24.9203635341,149.522181205,2.18891612895,0.0,2.18891612895
 12/03  20:00:00,323.484036836,0.0,0.0,0.0,24.9203635341,149.522181205,2.18899278333,0.0,2.18899278333
 12/03  21:00:00,323.484036801,0.0,0.0,0.0,24.9203635341,149.522181205,0.02,0.0,0.02
 12/03  22:00:00,299.041073644,0.0,0.0,0.0,24.9203635341,149.522181205,4.3633062334,0.0,4.3633062334
 12/03  23:00:00,274.595245724,0.0,0.0,0.0,24.9203635341,149.522181205,2.18892998054,0.0,2.18892998054
 12/03  24:00:00,250.15085008,0.0,0.0,0.0,24.9203635341,149.522181205,2.18900658207,0.0,2.18900658207
 12/04  01:00:00,333.876003635,1.23220662524,6.9924959165,0.0,24.9203635341,199.362908273,5.40000827431,3.21008564615,2.18992262815
 12/04  02:00:00,287.769859459,0.0,0.0,0.0,24.9203635341,199.362908273,2.18976259073,0.0,2.18976259073
 12/04  03:00:00,287.769859443,0.0,0.0,0.0,24.9203635341,199.362908273,2.18992274434,0.0,2.18992274434
 12/04  04:00:00,287.769859458,0.0,0.0,0.0,24.9203635341,199.362908273,2.18976291982,0.0,2.18976291982
 12/04  05:00:00,299.992057279,0.0,0.0,0.0,24.9203635341,199.362908273,2.18992327496,0.0,2.18992327496
 12/04  06:00:00,349.358250824,0.0,0.0,0.0,49.8407270682,199.362908273,4.36479783593,0.0,4.36479783593
 12/04  07:00:00,807.564258286,30.3148174886,285.764272066,0.0,49.8407270682,199.362908273,594.066245018,591.874771612,2.19147340646
 12/04  08:00:00,880.948203994,30.3148174886,255.054431186,0.0,149.522181205,199.362908273,478.344255098,469.597069914,8.74718518423
 12/04  09:00:00,1420.12236244,30.3148174886,270.122588252,0.0,448.566543614,448.566543614,247.371216958,231.982465539,15.3887514189
 12/04  10:00:00,1424.927533,30.3148174886,311.859214889,0.0,448.566543614,448.566543614,207.631534926,192.223028216,15.4085067098
 12/04  11:00:00,1384.04323448,30.3148174886,322.202382588,0.0,448.566543614,448.566543614,178.997900198,161.383500349,17.614399849
 12/04  12:00:00,1392.7655986,30.3148174886,331.489479206,0.0,448.566543614,448.566543614,128.622925391,108.747596753,19.8753286384
 12/04  13:00:00,1354.41272475,30.3228691917,342.812461568,0.0,448.566543614,398.725816546,129.694744559,105.306665964,24.3880785954
 12/04  14:00:00,1409.6140705,30.3148174886,347.715966703,0.0,448.566543614,448.566543614,98.1640619603,76.0198195458,22.1442424145
 12/04  15:00:00,1411.45029746,30.3148174886,349.442885184,0.0,448.566543614,448.566543614,83.9182774452,68.5362214836,15.3820559616
 12/04  16:00:00,1410.73373774,30.3148174886,347.901660186,0.0,448.566543614,448.566543614,71.2670287778,55.8885236173,15.3785051605
 12/04  17:00:00,1424.30970176,30.3148174886,312.793468985,0.0,448.566543614,448.566543614,91.7947405687,74.1454308847,17.6493096841
 12/04  18:00:00,1190.54420033,30.3148174886,138.639932561,0.0,348.885089477,398.725816546,166.845025847,155.887323041,10.9577028064
 12/04  19:00:00,863.901802025,30.3148174886,37.8945361265,0.0,249.203635341,299.044362409,254.182110009,245.428555141,8.75355486786
 12/04  20:00:00,739.53617815,30.3148174886,2.68278730297,0.0,249.203635341,299.044362409,363.870518301,357.314569736,6.55594856517
 12/04  21:00:00,578.502511963,30.3148174886,0.0,0.0,149.522181205,249.203635341,539.01914173,530.279014319,8.74012741145
 12/04  22:00:00,554.134152505,30.3148174886,0.0,0.0,149.522181205,249.203635341,616.3462373,611.981522836,4.36471446458
 12/04  23:00:00,349.356816635,0.0,0.0,0.0,49.8407270682,199.362908273,2.18993364853,0.0,2.18993364853
 12/04  24:00:00,299.99205743,0.0,0.0,0.0,24.9203635341,199.362908273,2.18977410741,0.0,2.18977410741
 12/05  01:00:00,287.769862264,0.0,0.0,0.0,24.9203635341,199.362908273,2.18994315602,0.0,2.18994315602
 12/05  02:00:00,287.769862199,0.0,0.0,0.0,24.9203635341,199.362908273,2.18978784798,0.0,2.18978784798
 12/05  03:00:00,301.771071861,0.821471083491,0.0980059110845,0.0,24.9203635341,199.362908273,6.46278484095,4.27283118724,2.18995365371
 12/05  04:00:00,315.945575809,1.64294216698,0.352294017391,0.0,24.9203635341,199.362908273,11.9657162481,9.77572363818,2.18999260988
 12/05  05:00:00,335.196067742,2.05367770873,0.476142785514,0.0,24.9203635341,199.362908273,18.2135655116,16.0236010301,2.18996448146
 12/05  06:00:00,377.570568143,1.64294216698,0.438996960718,0.0,49.8407270682,199.362908273,18.6883560192,14.3234392121,4.36491680712
 12/05  07:00:00,696.724431621,30.3148174886,199.318477487,0.0,49.8407270682,199.362908273,931.134098829,928.942562774,2.19153605498
 12/05  08:00:00,537.453558114,30.3148174886,0.0,0.0,149.522181205,199.362908273,1743.33261222,1734.58611913,8.74649309181
 12/05  09:00:00,1051.34506689,30.3148174886,0.0,0.0,448.566543614,448.566543614,1155.37243741,1139.98224238,15.3901950253
 12/05  10:00:00,1014.55643726,30.3148174886,0.0,0.0,448.566543614,448.566543614,906.079873007,890.671531757,15.4083412499
 12/05  11:00:00,965.620211579,30.3148174886,0.0,0.0,448.566543614,448.566543614,806.261951489,788.647581952,17.6143695365
 12/05  12:00:00,965.588750301,30.3148174886,0.0,0.0,448.566543614,448.566543614,750.964802979,731.088075957,19.8767270229
 12/05  13:00:00,915.538366474,30.3148174886,0.0,0.0,448.566543614,398.725816546,647.542504227,623.152768562,24.3897356647
 12/05  14:00:00,965.078677078,30.3148174886,0.0,0.0,448.566543614,448.566543614,532.880354175,508.518560709,24.3617934663
 12/05  15:00:00,964.988813003,30.3148174886,0.0,0.0,448.566543614,448.566543614,511.489934716,498.30227522,13.187659496
 12/05  16:00:00,964.975989191,30.3148174886,0.0,0.0,448.566543614,448.566543614,530.86992541,515.493740565,15.3761848454
 12/05  17:00:00,1013.93357707,30.3148174886,0.0,0.0,448.566543614,448.566543614,587.744336299,570.095450123,17.6488861755
 12/05  18:00:00,952.426533563,30.3148174886,0.0,0.0,348.885089477,398.725816546,648.018626844,634.872573165,13.1460536791
 12/05  19:00:00,753.150736805,30.3148174886,0.0,0.0,249.203635341,299.044362409,707.076979565,698.323263221,8.7537163434
 12/05  20:00:00,728.74264262,30.3148174886,0.0,0.0,249.203635341,299.044362409,733.090606957,726.535567311,6.55503964584
 12/05  21:00:00,579.221083984,30.3148174886,0.0,0.0,149.522181205,249.203635341,741.238194839,734.677680588,6.56051425128
 12/05  22:00:00,554.762067788,30.3148174886,0.0,0.0,149.522181205,249.203635341,752.167057548,747.802144544,4.36491300317
 12/05  23:00:00,349.356818939,0.0,0.0,0.0,49.8407270682,199.362908273,2.18988290572,0.0,2.18988290572
 12/05  24:00:00,299.992059936,0.0,0.0,0.0,24.9203635341,199.362908273,2.18972803244,0.0,2.18972803244
 12/06  01:00:00,294.72753907,0.410735541745,0.293365118576,0.0,24.9203635341,199.362908273,3.90828831593,1.71838715067,2.18990116526
 12/06  02:00:00,325.845721321,2.05367770873,3.34943474289,0.0,24.9203635341,199.362908273,10.1372818713,7.94753144655,2.18975042479
 12/06  03:00:00,317.073362513,1.64294216698,1.56748805544,0.0,24.9203635341,199.362908273,10.8401333855,8.65014556944,2.18998781609
 12/06  04:00:00,322.666625491,2.05367770873,1.85389683357,0.0,24.9203635341,199.362908273,13.6453432627,11.4555717503,2.18977151241
 12/06  05:00:00,322.01473952,1.64294216698,0.816733122703,0.0,24.9203635341,199.362908273,17.3961275475,13.0361307388,4.35999680865
 12/06  06:00:00,381.01241608,2.05367770873,0.926939148744,0.0,49.8407270682,199.362908273,17.1262939733,14.9336289506,2.1926650227
 12/06  07:00:00,699.28008076,30.3148174886,201.850483172,0.0,49.8407270682,199.362908273,688.925646698,684.562168591,4.36347810687
 12/06  08:00:00,537.512096982,30.3148174886,0.0,0.0,149.522181205,199.362908273,1377.33496205,1368.58824054,8.74672151153
 12/06  09:00:00,1051.21037278,30.3148174886,0.0,0.0,448.566543614,448.566543614,976.801417478,963.606876046,13.1945414321
 12/06  10:00:00,1014.08310031,30.3148174886,0.0,0.0,448.566543614,448.566543614,703.692467993,686.083514306,17.6089536877
 12/06  11:00:00,964.908837453,30.3148174886,0.0,0.0,448.566543614,448.566543614,555.013699697,537.397382967,17.6163167299
 12/06  12:00:00,964.89448109,30.3148174886,0.0,0.0,448.566543614,448.566543614,580.149049478,560.271617373,19.8774321049
 12/06  13:00:00,915.029405043,30.3148174886,0.0,0.0,448.566543614,398.725816546,595.037885289,570.646458364,24.3914269257
 12/06  14:00:00,964.69170349,30.3148174886,0.0,0.0,448.566543614,448.566543614,473.762021183,451.610169014,22.1518521688
 12/06  15:00:00,964.68538077,30.3148174886,0.0,0.0,448.566543614,448.566543614,489.46222921,474.077703386,15.3845258245
 12/06  16:00:00,964.673038306,30.3148174886,0.0,0.0,448.566543614,448.566543614,495.082052629,481.89723171,13.1848209191
 12/06  17:00:00,1013.59422061,30.3148174886,0.0,0.0,448.566543614,448.566543614,535.370756099,515.515089236,19.8556668626
 12/06  18:00:00,952.188277944,30.3148174886,0.0,0.0,348.885089477,398.725816546,692.509309368,681.550260167,10.9590492014
 12/06  19:00:00,752.979540884,30.3148174886,0.0,0.0,249.203635341,299.044362409,793.246766896,784.493272742,8.75349415409
 12/06  20:00:00,728.814935226,30.3148174886,0.0,0.0,249.203635341,299.044362409,960.501513939,953.945589057,6.55592488252
 12/06  21:00:00,579.764790225,30.3148174886,0.0,0.0,149.522181205,249.203635341,1146.84132779,1138.10103214,8.74029564716
 12/06  22:00:00,555.757621947,30.3148174886,0.0,0.0,149.522181205,249.203635341,1194.41542352,1190.05066016,4.36476336504
 12/06  23:00:00,349.356821986,0.0,0.0,0.0,49.8407270682,199.362908273,2.18995774402,0.0,2.18995774402
 12/06  24:00:00,322.359092854,1.23220662524,2.12689143908,0.0,24.9203635341,199.362908273,5.53569638739,3.3458888249,2.1898075625
 12/07  01:00:00,314.580278391,1.64294216698,1.67016065932,0.0,24.9203635341,199.362908273,9.33259168263,7.1426023899,2.18998929273
 12/07  02:00:00,319.926982945,2.05367770873,1.40919806808,0.0,24.9203635341,199.362908273,12.9299013502,10.7398643593,2.19003699087
 12/07  03:00:00,303.876295317,1.64294216698,0.121928031809,0.0,24.9203635341,199.362908273,18.3082074395,16.1181886117,2.19001882783
 12/07  04:00:00,289.863644742,2.05367770873,0.0,0.0,24.9203635341,199.362908273,23.4135941418,21.2235904022,2.1900037396
 12/07  05:00:00,532.032011297,21.0561396984,163.484015546,0.0,24.9203635341,199.362908273,79.9587614475,77.7690410116,2.18972043591
 12/07  06:00:00,544.564048825,18.2313423182,136.396940307,0.0,49.8407270682,199.362908273,123.145037871,118.78013499,4.3649028808
 12/07  07:00:00,698.507709853,30.3148174886,204.595710571,0.0,49.8407270682,199.362908273,1089.85060103,1087.65893536,2.19166567135
 12/07  08:00:00,541.045350024,30.3148174886,0.0,0.0,149.522181205,199.362908273,2446.03898432,2437.29160258,8.74738174042
 12/07  09:00:00,1054.65835093,30.3148174886,0.0,0.0,448.566543614,448.566543614,1299.01900127,1283.62826762,15.3907336504
 12/07  10:00:00,1017.65287397,30.3148174886,0.0,0.0,448.566543614,448.566543614,954.723356081,937.11284186,17.610514221
 12/07  11:00:00,967.426483928,30.3148174886,0.0,0.0,448.566543614,448.566543614,727.766346132,712.349303244,15.417042888
 12/07  12:00:00,966.469097546,30.7016616004,0.0,0.0,448.566543614,448.566543614,568.453171976,548.570881394,19.882290582
 12/07  13:00:00,916.966403629,31.7269807134,0.0,0.0,448.566543614,398.725816546,492.015039838,465.403756207,26.6112836313
 12/07  14:00:00,966.38800752,31.7819918753,0.0,0.0,448.566543614,448.566543614,370.44810896,348.297690772,22.1504181887
 12/07  15:00:00,965.580514065,31.1320136024,0.0,0.0,448.566543614,448.566543614,344.931907823,329.546317642,15.385590181
 12/07  16:00:00,964.7187955,30.3321377347,0.0,0.0,448.566543614,448.566543614,338.274516467,325.090380385,13.184136082
 12/07  17:00:00,1013.59435517,30.3148174886,0.0,0.0,448.566543614,448.566543614,371.966739871,352.110267461,19.8564724105
 12/07  18:00:00,952.132133453,30.3148174886,0.0,0.0,348.885089477,398.725816546,475.426267027,464.466666272,10.9596007559
 12/07  19:00:00,752.898895285,30.3148174886,0.0,0.0,249.203635341,299.044362409,582.149693508,573.395706231,8.75398727637
 12/07  20:00:00,728.493931969,30.3148174886,0.0,0.0,249.203635341,299.044362409,626.958194391,620.402359759,6.55583463194
 12/07  21:00:00,579.131346793,30.3148174886,0.0,0.0,149.522181205,249.203635341,750.620905278,741.880630176,8.74027510248
 12/07  22:00:00,554.873264688,30.3148174886,0.0,0.0,149.522181205,249.203635341,859.285201791,854.920465452,4.36473633939
 12/07  23:00:00,349.356824633,0.0,0.0,0.0,49.8407270682,199.362908273,2.18994427049,0.0,2.18994427049
 12/07  24:00:00,299.992065431,0.0,0.0,0.0,24.9203635341,199.362908273,2.18979873785,0.0,2.18979873785
 12/08  01:00:00,287.769870124,0.0,0.0,0.0,24.9203635341,199.362908273,2.18998445399,0.0,2.18998445399
 12/08  02:00:00,325.594191507,2.05367770873,3.32740271712,0.0,24.9203635341,199.362908273,8.47928621331,6.2892474597,2.19003875362
 12/08  03:00:00,318.15104653,1.64294216698,2.60308959926,0.0,24.9203635341,199.362908273,8.51660923579,6.32658372514,2.19002551065
 12/08  04:00:00,324.549219567,2.05367770873,2.10443784614,0.0,24.9203635341,199.362908273,12.644627889,10.4547436094,2.18988427951
 12/08  05:00:00,326.699007514,1.64294216698,1.57168706523,0.0,24.9203635341,199.362908273,11.4915954152,9.30177607494,2.18981934029
 12/08  06:00:00,378.567580959,2.05367770873,1.07642790792,0.0,49.8407270682,199.362908273,19.0212597364,14.6559378153,4.36532192112
 12/08  07:00:00,700.448520281,30.3148174886,201.979555327,0.0,49.8407270682,199.362908273,694.511001804,692.319298221,2.19170358264
 12/08  08:00:00,537.281568113,30.3148174886,0.0,0.0,149.522181205,199.362908273,1268.12247388,1259.37475473,8.7477191518
 12/08  09:00:00,1050.89099132,30.3148174886,0.0,0.0,448.566543614,448.566543614,846.370981555,830.97911684,15.3918647143
 12/08  10:00:00,1014.02972305,30.3148174886,0.0,0.0,448.566543614,448.566543614,707.337967349,689.725758608,17.6122087416
 12/08  11:00:00,965.02771889,30.3148174886,0.0,0.0,448.566543614,448.566543614,634.132532086,618.716531296,15.41600079
 12/08  12:00:00,964.894042245,30.3148174886,0.0,0.0,448.566543614,448.566543614,562.831078019,540.740878935,22.0901990837
 12/08  13:00:00,914.987426562,30.3148174886,0.0,0.0,448.566543614,398.725816546,539.056533435,514.659103195,24.3974302399
 12/08  14:00:00,964.784366413,30.3148174886,0.0,0.0,448.566543614,448.566543614,525.655530754,503.503489221,22.1520415331
 12/08  15:00:00,964.78035593,30.3148174886,0.0,0.0,448.566543614,448.566543614,532.417193051,517.032471758,15.3847212933
 12/08  16:00:00,964.764807999,30.3148174886,0.0,0.0,448.566543614,448.566543614,526.811668203,511.429494027,15.3821741761
 12/08  17:00:00,1013.64946402,30.3148174886,0.0,0.0,448.566543614,448.566543614,526.785313789,509.131654428,17.6536593609
 12/08  18:00:00,952.146308583,30.3148174886,0.0,0.0,348.885089477,398.725816546,605.434373029,594.47584879,10.9585242388
 12/08  19:00:00,752.89525213,30.3148174886,0.0,0.0,249.203635341,299.044362409,696.590726031,685.653105947,10.9376200849
 12/08  20:00:00,728.533309762,30.3148174886,0.0,0.0,249.203635341,299.044362409,751.994741597,745.439805304,6.55493629283
 12/08  21:00:00,579.123453523,30.3148174886,0.0,0.0,149.522181205,249.203635341,821.225154681,814.664539517,6.56061516331
 12/08  22:00:00,554.785337618,30.3148174886,0.0,0.0,149.522181205,249.203635341,876.038366072,871.673452335,4.36491373723
 12/08  23:00:00,349.356826776,0.0,0.0,0.0,49.8407270682,199.362908273,2.18988188381,0.0,2.18988188381
 12/08  24:00:00,299.992067789,0.0,0.0,0.0,24.9203635341,199.362908273,2.19006469821,0.0,2.19006469821
 12/09  01:00:00,252.971144427,0.821471083491,1.25041290825,0.0,24.9203635341,149.522181205,5.23166532376,3.04173501609,2.18993030768
 12/09  02:00:00,268.630345421,1.64294216698,2.90977776302,0.0,24.9203635341,149.522181205,9.34716756209,7.15711298418,2.19005457791
 12/09  03:00:00,274.895256108,2.05367770873,2.28255502019,0.0,24.9203635341,149.522181205,13.9770390534,11.7870576969,2.18998135649
 12/09  04:00:00,263.931306677,1.64294216698,1.51813832542,0.0,24.9203635341,149.522181205,13.0417185845,10.8518739597,2.18984462473
 12/09  05:00:00,277.598339493,2.05367770873,0.628333550364,0.0,24.9203635341,149.522181205,24.9468797629,20.5869489936,4.35993076937
 12/09  06:00:00,282.871993177,1.64294216698,0.099682057563,0.0,24.9203635341,149.522181205,21.3849586899,19.1923504388,2.19260825116
 12/09  07:00:00,699.626992006,30.3148174886,204.468231186,0.0,49.8407270682,199.362908273,929.196696177,924.833424408,4.36327176916
 12/09  08:00:00,438.699671464,30.3148174886,0.0,0.0,49.8407270682,199.362908273,1889.92323648,1885.5533983,4.36983818105
 12/09  09:00:00,653.12011296,30.3148174886,0.0,0.0,249.203635341,249.203635341,1165.93326427,1159.37860666,6.55465760658
 12/09  10:00:00,615.745738801,30.3148174886,0.0,0.0,249.203635341,249.203635341,734.779726236,726.025727787,8.75399844919
 12/09  11:00:00,566.262779552,30.3148174886,0.0,0.0,249.203635341,249.203635341,480.891842512,472.143586578,8.74825593384
 12/09  12:00:00,566.177818297,30.5950896766,0.0,0.0,249.203635341,249.203635341,322.774970197,311.826812909,10.9481572879
 12/09  13:00:00,699.058730123,31.9579816679,78.1419143023,0.0,249.203635341,249.203635341,216.430539098,207.680124742,8.75041435644
 12/09  14:00:00,663.589803783,32.8027786801,39.3590552137,0.0,249.203635341,249.203635341,216.817561407,208.069807672,8.74775373566
 12/09  15:00:00,396.814198939,31.6740918351,25.2978211478,0.0,74.7610906023,174.442544739,317.380657012,310.824884301,6.55577271121
 12/09  16:00:00,338.479785225,30.523574518,4.6915498412,0.0,74.7610906023,174.442544739,353.388407202,346.838632971,6.54977423068
 12/09  17:00:00,365.541150872,30.3148174886,0.0,0.0,74.7610906023,174.442544739,458.282985633,453.907026522,4.37595911071
 12/09  18:00:00,378.976705673,30.3148174886,0.0,0.0,24.9203635341,149.522181205,753.170475663,748.807156866,4.363318797
 12/09  19:00:00,347.929886804,0.0,0.0,0.0,24.9203635341,149.522181205,2.19166249071,0.0,2.19166249071
 12/09  20:00:00,323.485491474,0.0,0.0,0.0,24.9203635341,149.522181205,4.36332514964,0.0,4.36332514964
 12/09  21:00:00,323.485491154,0.0,0.0,0.0,24.9203635341,149.522181205,2.19166458918,0.0,2.19166458918
 12/09  22:00:00,334.217395561,2.05367770873,0.38016700506,0.0,24.9203635341,149.522181205,12.2450889387,7.8779655463,4.36712339241
 12/09  23:00:00,302.801682361,1.64294216698,0.406430076625,0.0,24.9203635341,149.522181205,10.815975222,8.62593584482,2.19003937715
 12/09  24:00:00,282.488140476,2.05367770873,0.278225936553,0.0,24.9203635341,149.522181205,21.2419947622,16.8821644653,4.35983029695
 12/10  01:00:00,261.903873688,1.64294216698,0.166618902216,0.0,24.9203635341,149.522181205,16.0017110442,15.9817110442,0.02
 12/10  02:00:00,254.348017005,2.05367770873,0.024558600293,0.0,24.9203635341,149.522181205,32.9867837965,30.7976209464,2.18916285004
 12/10  03:00:00,271.933402046,5.68735831936,19.5953321059,0.0,24.9203635341,149.522181205,45.0855197759,42.8963515723,2.18916820362
 12/10  04:00:00,480.525744256,22.2757584706,168.652169026,0.0,24.9203635341,149.522181205,118.517331898,116.328319511,2.18901238794
 12/10  05:00:00,446.803127246,17.8206067765,136.397017513,0.0,24.9203635341,149.522181205,112.063733247,109.874553989,2.18917925804
 12/10  06:00:00,520.87975158,22.2757584706,170.496298543,0.0,24.9203635341,149.522181205,159.829641557,155.466566357,4.36307520071
 12/10  07:00:00,519.831337537,17.8206067765,136.397038863,0.0,24.9203635341,149.522181205,151.910698785,151.890698785,0.02
 12/10  08:00:00,575.46683201,22.2757584706,170.496298579,0.0,24.9203635341,149.522181205,223.844698911,221.655529174,2.18916973718
 12/10  09:00:00,492.902287343,17.8206067765,136.397038863,0.0,24.9203635341,149.522181205,129.108091491,126.918942547,2.18914894381
 12/10  10:00:00,506.560068789,22.2757584706,170.496298579,0.0,24.9203635341,149.522181205,123.915574142,121.726446312,2.18912783029
 12/10  11:00:00,360.389948569,13.7761906241,102.297779147,0.0,24.9203635341,149.522181205,65.6417204754,63.4525329167,2.18918755878
 12/10  12:00:00,361.891546286,14.1869261659,102.297779147,0.0,24.9203635341,149.522181205,64.8636296488,62.6727290304,2.19090061849
 12/10  13:00:00,243.578319499,2.0326647784,4.64488626791,0.0,24.9203635341,149.522181205,23.9996480617,19.6381429172,4.36150514447
 12/10  14:00:00,381.812410324,14.3133772028,102.237427172,0.0,24.9203635341,149.522181205,39.4873843983,35.1202982539,4.36708614446
 12/10  15:00:00,368.758035564,12.937869386,96.2841728146,0.0,24.9203635341,149.522181205,20.5678942272,18.3770145274,2.19087969986
 12/10  16:00:00,248.819487682,2.05367770873,2.88042657669,0.0,24.9203635341,149.522181205,14.2803731819,12.0911689574,2.18920422447
 12/10  17:00:00,290.525123849,1.64294216698,2.74106049313,0.0,24.9203635341,149.522181205,11.6843645102,9.49520805544,2.18915645478
 12/10  18:00:00,517.486977861,14.1869261659,103.038930717,0.0,24.9203635341,149.522181205,43.9375537195,41.7483908246,2.18916289495
 12/10  19:00:00,556.687693957,17.8206067765,133.430515733,0.0,24.9203635341,149.522181205,66.2917362368,64.1025672953,2.18916894149
 12/10  20:00:00,574.317960139,22.2757584706,168.199273508,0.0,24.9203635341,149.522181205,102.22153643,100.032576361,2.1889600689
 12/10  21:00:00,522.654715998,17.8206067765,132.664227452,0.0,24.9203635341,149.522181205,102.773212779,102.753212779,0.02
 12/10  22:00:00,544.759191249,22.2757584706,170.496298579,0.0,24.9203635341,149.522181205,153.664044204,149.300391432,4.3636527712
 12/10  23:00:00,470.523239395,17.8206067765,136.397038863,0.0,24.9203635341,149.522181205,145.804769982,143.615765801,2.18900418149
 12/10  24:00:00,494.261255484,22.2757584706,170.496298579,0.0,24.9203635341,149.522181205,211.684008248,209.494836653,2.18917159487
 12/11  01:00:00,482.951170939,17.8206067765,136.397038863,0.0,24.9203635341,199.362908273,183.492625187,181.302534815,2.19009037161
 12/11  02:00:00,531.484833439,22.2757584706,170.496298579,0.0,24.9203635341,199.362908273,241.935184889,239.745091702,2.19009318697
 12/11  03:00:00,482.514312269,17.8206067765,136.397038863,0.0,24.9203635341,199.362908273,216.809187277,214.619091167,2.19009610994
 12/11  04:00:00,530.940965628,22.2757584706,170.496298579,0.0,24.9203635341,199.362908273,295.614328048,293.42422891,2.19009913835
 12/11  05:00:00,494.989164836,17.8206067765,136.397038863,0.0,24.9203635341,199.362908273,247.282490117,245.092387918,2.19010219937
 12/11  06:00:00,593.954211914,22.2757584706,170.496298579,0.0,49.8407270682,199.362908273,298.197814743,293.832371407,4.3654433356
 12/11  07:00:00,701.744942661,30.3148174886,204.595558294,0.0,49.8407270682,199.362908273,1950.40942205,1946.0462204,4.36320164766
 12/11  08:00:00,538.800312993,30.3148174886,0.0,0.0,149.522181205,199.362908273,2461.53807352,2454.97153934,6.56653417103
 12/11  09:00:00,1052.02474052,30.3148174886,0.0,0.0,448.566543614,448.566543614,1455.31598497,1439.9220536,15.3939313649
 12/11  10:00:00,1014.97722087,30.3148174886,0.0,0.0,448.566543614,448.566543614,1139.1776793,1121.56411115,17.6135681442
 12/11  11:00:00,965.515281031,30.3148174886,0.0,0.0,448.566543614,448.566543614,837.114495796,819.494004748,17.6204910474
 12/11  12:00:00,965.147395548,30.3148174886,0.0,0.0,448.566543614,448.566543614,686.988944706,667.100984758,19.8879599482
 12/11  13:00:00,915.170708731,30.3148174886,0.0,0.0,448.566543614,398.725816546,647.885425732,623.486734619,24.398691113
 12/11  14:00:00,964.750315706,30.3148174886,0.0,0.0,448.566543614,448.566543614,488.682361695,464.311284168,24.3710775266
 12/11  15:00:00,964.69099168,30.3148174886,0.0,0.0,448.566543614,448.566543614,466.964742485,451.576281893,15.388460592
 12/11  16:00:00,964.730089942,30.3148174886,0.0,0.0,448.566543614,448.566543614,519.959038433,506.773432926,13.1856055061
 12/11  17:00:00,1013.735037,30.3148174886,0.0,0.0,448.566543614,448.566543614,631.346664076,611.486452964,19.8602111118
 12/11  18:00:00,952.236658929,30.3148174886,0.0,0.0,348.885089477,398.725816546,705.047043898,694.087352282,10.9596916159
 12/11  19:00:00,752.982221105,30.3148174886,0.0,0.0,249.203635341,299.044362409,798.978910606,788.040217993,10.9386926125
 12/11  20:00:00,728.67283626,30.3148174886,0.0,0.0,249.203635341,299.044362409,908.359244527,901.804384771,6.55485975617
 12/11  21:00:00,579.356998382,30.3148174886,0.0,0.0,149.522181205,249.203635341,1051.65897666,1045.09824106,6.56073560228
 12/11  22:00:00,555.001372762,30.3148174886,0.0,0.0,149.522181205,249.203635341,1101.55507135,1097.19014219,4.36492916074
 12/11  23:00:00,349.356834309,0.0,0.0,0.0,49.8407270682,199.362908273,2.19005253256,0.0,2.19005253256
 12/11  24:00:00,299.992075227,0.0,0.0,0.0,24.9203635341,199.362908273,2.19008741602,0.0,2.19008741602
 12/12  01:00:00,319.305049121,1.64294216698,2.70929838121,0.0,24.9203635341,199.362908273,9.08930924602,6.89934296887,2.18996627715
 12/12  02:00:00,325.428649517,2.05367770873,2.9469991753,0.0,24.9203635341,199.362908273,13.7077202364,11.5178775252,2.18984271121
 12/12  03:00:00,309.21840898,1.64294216698,0.890134878367,0.0,24.9203635341,199.362908273,16.2558583853,14.0658099869,2.1900483984
 12/12  04:00:00,319.276518959,2.05367770873,0.784002022275,0.0,24.9203635341,199.362908273,22.2992467226,17.939522592,4.35972413059
 12/12  05:00:00,535.274975892,21.0561396984,163.565768296,0.0,24.9203635341,199.362908273,95.4336690957,93.2435970502,2.19007204547
 12/12  06:00:00,544.80195565,18.2313423182,136.397011011,0.0,49.8407270682,199.362908273,101.314649923,99.1218886969,2.19276122583
 12/12  07:00:00,699.719249067,30.3148174886,204.595606442,0.0,49.8407270682,199.362908273,1315.18283756,1310.81932882,4.36350873216
 12/12  08:00:00,540.426247172,30.3148174886,0.0,0.0,149.522181205,199.362908273,2715.06861119,2706.31942123,8.74918995615
 12/12  09:00:00,1053.6112327,30.3148174886,0.0,0.0,448.566543614,448.566543614,1227.63852873,1212.24274323,15.3957855009
 12/12  10:00:00,1015.49066969,30.3148174886,0.0,0.0,448.566543614,448.566543614,741.659016567,726.24620251,15.4128140571
 12/12  11:00:00,965.373740687,30.3148174886,0.0,0.0,448.566543614,448.566543614,459.285740996,441.665878641,17.6198623549
 12/12  12:00:00,964.815228882,30.3281980309,0.0,0.0,448.566543614,448.566543614,329.224458443,309.337094656,19.8873637868
 12/12  13:00:00,914.907155317,30.4101473235,0.0,0.0,448.566543614,398.725816546,313.398286334,286.776206815,26.622079519
 12/12  14:00:00,964.715186998,30.5880678879,0.0,0.0,448.566543614,448.566543614,215.511365939,193.352538615,22.1588273247
 12/12  15:00:00,964.383856638,30.3148174886,0.0,0.0,448.566543614,448.566543614,194.13066294,178.743536025,15.3871269152
 12/12  16:00:00,964.387041396,30.3148174886,0.0,0.0,448.566543614,448.566543614,209.641106973,194.259466139,15.3816408343
 12/12  17:00:00,1013.3269767,30.3148174886,0.0,0.0,448.566543614,448.566543614,261.991587103,242.129832499,19.8617546038
 12/12  18:00:00,951.967371056,30.3148174886,0.0,0.0,348.885089477,398.725816546,462.507801984,451.545405666,10.9623963178
 12/12  19:00:00,752.872701651,30.3148174886,0.0,0.0,249.203635341,299.044362409,678.820359379,670.064508289,8.75585108986
 12/12  20:00:00,728.719947638,30.3148174886,0.0,0.0,249.203635341,299.044362409,870.262699004,863.70734694,6.55535206452
 12/12  21:00:00,579.486896518,30.3148174886,0.0,0.0,149.522181205,249.203635341,987.269132593,978.527988814,8.74114377957
 12/12  22:00:00,555.236315247,30.3148174886,0.0,0.0,149.522181205,249.203635341,1028.1420782,1025.9496673,2.19241089491
 12/12  23:00:00,349.356837252,0.0,0.0,0.0,49.8407270682,199.362908273,4.3599790736,0.0,4.3599790736
 12/12  24:00:00,299.992078059,0.0,0.0,0.0,24.9203635341,199.362908273,2.19006639751,0.0,2.19006639751
 12/13  01:00:00,309.831669532,1.23220662524,1.74743158977,0.0,24.9203635341,199.362908273,6.01775223119,3.82780108126,2.18995114994
 12/13  02:00:00,314.489073505,1.64294216698,1.58490837404,0.0,24.9203635341,199.362908273,9.1076400928,6.91780807025,2.18983202255
 12/13  03:00:00,321.48969226,2.05367770873,1.66373991735,0.0,24.9203635341,199.362908273,12.7543454707,10.5642367422,2.19010872857
 12/13  04:00:00,305.39324457,1.64294216698,0.336081689216,0.0,24.9203635341,199.362908273,16.8586313329,14.6687085722,2.1899227607
 12/13  05:00:00,315.138114355,2.05367770873,0.0569128373128,0.0,24.9203635341,199.362908273,19.3986513368,17.2088243173,2.18982701948
 12/13  06:00:00,351.039233652,1.64294216698,0.0,0.0,49.8407270682,199.362908273,28.3939940355,24.0284870249,4.36550701053
 12/13  07:00:00,698.76175889,30.3148174886,204.435422943,0.0,49.8407270682,199.362908273,838.871178695,836.679309258,2.19186943641
 12/13  08:00:00,539.032259973,30.3148174886,0.0,0.0,149.522181205,199.362908273,2055.36795545,2046.618667,8.74928845324
 12/13  09:00:00,1052.54562025,30.3148174886,0.0,0.0,448.566543614,448.566543614,1208.55882822,1193.1641698,15.3946584203
 12/13  10:00:00,1015.18645075,30.3148174886,0.0,0.0,448.566543614,448.566543614,883.24649202,865.630853155,17.6156388649
 12/13  11:00:00,965.749112716,30.3148174886,0.0,0.0,448.566543614,448.566543614,717.434840647,699.813938774,17.6209018733
 12/13  12:00:00,965.269567391,30.3148174886,0.0,0.0,448.566543614,448.566543614,560.326785112,540.440173147,19.886611965
 12/13  13:00:00,915.183343146,30.3148174886,0.0,0.0,448.566543614,398.725816546,495.390884221,470.988480149,24.402404072
 12/13  14:00:00,964.754213521,30.3148174886,0.0,0.0,448.566543614,448.566543614,383.537460769,359.161332116,24.3761286531
 12/13  15:00:00,964.542362762,30.3148174886,0.0,0.0,448.566543614,448.566543614,281.441761932,266.052347176,15.3894147562
 12/13  16:00:00,964.442374531,30.3148174886,0.0,0.0,448.566543614,448.566543614,235.082545568,219.698505489,15.3840400783
 12/13  17:00:00,1013.39738205,30.3148174886,0.0,0.0,448.566543614,448.566543614,300.574638484,282.9189966,17.6556418839
 12/13  18:00:00,951.897977083,30.3148174886,0.0,0.0,348.885089477,398.725816546,396.52745539,383.376883647,13.1505717431
 12/13  19:00:00,752.563502089,30.3148174886,0.0,0.0,249.203635341,299.044362409,441.121819305,432.365925328,8.755893977
 12/13  20:00:00,728.107536441,30.3148174886,0.0,0.0,249.203635341,299.044362409,454.738833019,448.183915222,6.55491779756
 12/13  21:00:00,578.63922257,30.3148174886,0.0,0.0,149.522181205,249.203635341,525.799629798,517.057930758,8.74169903936
 12/13  22:00:00,554.162067134,30.3148174886,0.0,0.0,149.522181205,249.203635341,510.202173483,508.009388762,2.19278472103
 12/13  23:00:00,349.356839556,0.0,0.0,0.0,49.8407270682,199.362908273,2.19011440967,0.0,2.19011440967
 12/13  24:00:00,299.992080358,0.0,0.0,0.0,24.9203635341,199.362908273,4.36000121674,0.0,4.36000121674
 12/14  01:00:00,287.769884981,0.0,0.0,0.0,24.9203635341,199.362908273,2.18983032449,0.0,2.18983032449
 12/14  02:00:00,296.963910406,0.410735541745,0.608777137919,0.0,24.9203635341,199.362908273,4.04448619553,1.85444118855,2.19004500699
 12/14  03:00:00,327.608619478,2.05367770873,4.97672329358,0.0,24.9203635341,199.362908273,11.8737026538,9.68360624625,2.19009640759
 12/14  04:00:00,318.825637924,1.64294216698,3.24917241493,0.0,24.9203635341,199.362908273,11.6311745885,9.44142940949,2.189745179
 12/14  05:00:00,339.080559703,2.05367770873,4.31811046811,0.0,24.9203635341,199.362908273,14.7351318826,12.5450175907,2.19011429186
 12/14  06:00:00,379.762246422,1.64294216698,2.6226339435,0.0,49.8407270682,199.362908273,15.9442125049,11.5786270108,4.3655854941
 12/14  07:00:00,714.198147479,30.3148174886,203.695750898,0.0,49.8407270682,199.362908273,909.461732814,907.269947652,2.19178516175
 12/14  08:00:00,544.955439366,30.3148174886,0.0,0.0,149.522181205,199.362908273,839.392749167,830.64362027,8.74912889696
 12/14  09:00:00,1050.17482962,30.3148174886,0.0,0.0,448.566543614,448.566543614,530.45456361,515.059509368,15.3950542411
 12/14  10:00:00,1013.43925077,30.3148174886,0.0,0.0,448.566543614,448.566543614,466.039786968,448.423524009,17.6162629583
 12/14  11:00:00,964.510206152,30.3148174886,0.0,0.0,448.566543614,448.566543614,428.273101729,410.651228518,17.6218732109
 12/14  12:00:00,964.459522826,30.3148174886,0.0,0.0,448.566543614,448.566543614,375.903407662,356.015106089,19.8883015722
 12/14  13:00:00,914.603605542,30.3148174886,0.0,0.0,448.566543614,398.725816546,366.38582429,339.764202833,26.6216214572
 12/14  14:00:00,964.399226845,30.3148174886,0.0,0.0,448.566543614,448.566543614,317.800428932,295.639365617,22.1610633142
 12/14  15:00:00,964.387382146,30.3148174886,0.0,0.0,448.566543614,448.566543614,312.137390152,296.747918422,15.3894717303
 12/14  16:00:00,964.366474872,30.3148174886,0.0,0.0,448.566543614,448.566543614,291.364086638,275.979678617,15.3844080206
 12/14  17:00:00,1013.22008402,30.3148174886,0.0,0.0,448.566543614,448.566543614,250.016995633,230.15300249,19.8639931426
 12/14  18:00:00,951.768073905,30.3148174886,0.0,0.0,348.885089477,398.725816546,417.806536023,406.843073091,10.9634629323
 12/14  19:00:00,752.580693177,30.3148174886,0.0,0.0,249.203635341,299.044362409,614.461621504,605.704786722,8.75683478223
 12/14  20:00:00,728.206355829,30.3148174886,0.0,0.0,249.203635341,299.044362409,671.962075377,665.405983726,6.55609165099
 12/14  21:00:00,578.831671287,30.3148174886,0.0,0.0,149.522181205,249.203635341,801.620506722,792.878188747,8.74231797496
 12/14  22:00:00,554.544242642,30.3148174886,0.0,0.0,149.522181205,249.203635341,902.396943921,898.031830176,4.36511374487
 12/14  23:00:00,349.356842,0.0,0.0,0.0,49.8407270682,199.362908273,2.19013136571,0.0,2.19013136571
 12/14  24:00:00,299.992082644,0.0,0.0,0.0,24.9203635341,199.362908273,2.1900170585,0.0,2.1900170585
 12/15  01:00:00,287.769887126,0.0,0.0,0.0,24.9203635341,199.362908273,2.1899095726,0.0,2.1899095726
 12/15  02:00:00,310.944072117,1.23220662524,2.24350989145,0.0,24.9203635341,199.362908273,7.62907616554,5.4389470102,2.19012915534
 12/15  03:00:00,325.601854734,2.05367770873,3.11504023501,0.0,24.9203635341,199.362908273,14.2052955921,12.0152768564,2.19001873571
 12/15  04:00:00,317.532855118,1.64294216698,2.00868361623,0.0,24.9203635341,199.362908273,14.097640785,11.9075326943,2.19010809072
 12/15  05:00:00,331.668144138,2.05367770873,1.25819926028,0.0,24.9203635341,199.362908273,22.0776315294,19.8875032477,2.19012828171
 12/15  06:00:00,373.965806194,1.64294216698,0.803049212124,0.0,49.8407270682,199.362908273,21.0373287348,16.6721351775,4.36519355733
 12/15  07:00:00,701.401023295,30.3148174886,204.500083106,0.0,49.8407270682,199.362908273,991.817205699,987.453605911,4.36359978742
 12/15  08:00:00,546.353493147,30.3148174886,0.0,0.0,149.522181205,199.362908273,1785.63665302,1776.88799265,8.7486603752
 12/15  09:00:00,1051.21999385,30.3148174886,0.0,0.0,448.566543614,448.566543614,976.421348855,961.022487992,15.3988608634
 12/15  10:00:00,1013.70308905,30.3148174886,0.0,0.0,448.566543614,448.566543614,425.22924023,409.813156997,15.4160832325
 12/15  11:00:00,964.483131918,30.3324550809,0.0,0.0,448.566543614,448.566543614,235.872999952,218.248705324,17.6242946288
 12/15  12:00:00,1130.79946951,32.2437610301,93.8870570487,0.0,448.566543614,448.566543614,161.394934982,139.295810883,22.0991240993
 12/15  13:00:00,1109.92444938,34.2095577915,109.326984479,0.0,448.566543614,398.725816546,160.540540503,136.129422252,24.4111182511
 12/15  14:00:00,1228.55937511,35.3329532794,169.935235318,0.0,448.566543614,448.566543614,136.82104943,112.445354686,24.3756947435
 12/15  15:00:00,1240.05727018,34.0841065805,182.38922631,0.0,448.566543614,448.566543614,106.011162013,90.6200208312,15.3911411821
 12/15  16:00:00,1177.16839092,30.667216971,123.087258284,0.0,448.566543614,448.566543614,114.005085229,100.815167147,13.1899180821
 12/15  17:00:00,1172.36019073,30.3148174886,75.3482717562,0.0,448.566543614,448.566543614,139.852713237,119.988152895,19.8645603415
 12/15  18:00:00,1064.12434657,30.3148174886,46.7669216614,0.0,348.885089477,398.725816546,167.67654022,156.716255581,10.9602846387
 12/15  19:00:00,838.518174378,30.3148174886,27.8333909199,0.0,249.203635341,299.044362409,224.930056423,213.990215461,10.9398409615
 12/15  20:00:00,795.414400574,30.3148174886,13.885707923,0.0,249.203635341,299.044362409,254.930467781,248.37409555,6.5563722311
 12/15  21:00:00,642.647245009,30.3148174886,11.4230327793,0.0,149.522181205,249.203635341,318.485644202,311.924191751,6.56145245068
 12/15  22:00:00,614.431861972,30.3148174886,8.70296760291,0.0,149.522181205,249.203635341,342.372598083,338.007602351,4.36499573259
 12/15  23:00:00,349.356843947,0.0,0.0,0.0,49.8407270682,199.362908273,2.19009661743,0.0,2.19009661743
 12/15  24:00:00,299.9920849,0.0,0.0,0.0,24.9203635341,199.362908273,2.18998655818,0.0,2.18998655818
 12/16  01:00:00,237.929162544,0.0,0.0,0.0,24.9203635341,149.522181205,2.18988103425,0.0,2.18988103425
 12/16  02:00:00,237.929162488,0.0,0.0,0.0,24.9203635341,149.522181205,4.36010527231,0.0,4.36010527231
 12/16  03:00:00,237.929162461,0.0,0.0,0.0,24.9203635341,149.522181205,2.18989341178,0.0,2.18989341178
 12/16  04:00:00,237.929162333,0.0,0.0,0.0,24.9203635341,149.522181205,2.19011844631,0.0,2.19011844631
 12/16  05:00:00,264.158851603,0.821471083491,0.0892235979409,0.0,24.9203635341,149.522181205,5.67605331523,3.48604086651,2.19001244872
 12/16  06:00:00,302.844837795,1.64294216698,0.392430602298,0.0,24.9203635341,149.522181205,12.4059631672,8.04025278775,4.36571037941
 12/16  07:00:00,700.670636009,30.3148174886,196.29924141,0.0,49.8407270682,199.362908273,781.397445939,779.205521846,2.1919240931
 12/16  08:00:00,445.366776072,30.3148174886,0.0,0.0,49.8407270682,199.362908273,966.860964978,960.315390709,6.54557426949
 12/16  09:00:00,651.457157684,30.3148174886,0.0,0.0,249.203635341,249.203635341,532.476630067,525.920427093,6.55620297417
 12/16  10:00:00,658.878969441,30.3148174886,31.3738694788,0.0,249.203635341,249.203635341,305.346129897,296.588914714,8.75721518258
 12/16  11:00:00,679.892379139,30.6357997362,52.595249076,0.0,249.203635341,249.203635341,262.82461677,254.07429868,8.75031808996
 12/16  12:00:00,716.370219493,32.949900496,79.8980221635,0.0,249.203635341,249.203635341,253.981903026,243.032243754,10.9496592724
 12/16  13:00:00,805.182443909,35.1146788773,148.281327894,0.0,249.203635341,249.203635341,235.751382678,226.998020287,8.75336239139
 12/16  14:00:00,865.622828668,35.9704226721,204.921799231,0.0,249.203635341,249.203635341,227.672938983,218.923012407,8.74992657515
 12/16  15:00:00,633.991095138,34.6079452158,223.565538124,0.0,74.7610906023,174.442544739,269.538008635,262.981322818,6.55668581622
 12/16  16:00:00,623.498643121,32.619974728,215.204855648,0.0,74.7610906023,174.442544739,261.118239769,254.567360047,6.55087972221
 12/16  17:00:00,590.107171691,30.5802925906,135.725655718,0.0,74.7610906023,174.442544739,284.72695219,278.173353813,6.55359837647
 12/16  18:00:00,502.155817612,30.3148174886,54.7963846034,0.0,24.9203635341,149.522181205,453.802106713,451.610463193,2.19164352002
 12/16  19:00:00,347.929910811,0.0,0.0,0.0,24.9203635341,149.522181205,4.36336379304,0.0,4.36336379304
 12/16  20:00:00,323.485514667,0.0,0.0,0.0,24.9203635341,149.522181205,2.19175076358,0.0,2.19175076358
 12/16  21:00:00,323.485515167,0.0,0.0,0.0,24.9203635341,149.522181205,4.36360857063,0.0,4.36360857063
 12/16  22:00:00,299.042087105,0.0,0.0,0.0,24.9203635341,149.522181205,4.3668440388,0.0,4.3668440388
 12/16  23:00:00,274.595755958,0.0,0.0,0.0,24.9203635341,149.522181205,2.18990858963,0.0,2.18990858963
 12/16  24:00:00,250.151360222,0.0,0.0,0.0,24.9203635341,149.522181205,2.19013386368,0.0,2.19013386368
 12/17  01:00:00,245.085612465,0.410735541745,0.115368948209,0.0,24.9203635341,149.522181205,3.8979524694,1.70872659922,2.18922587019
 12/17  02:00:00,273.8338875,2.05367770873,1.04736666598,0.0,24.9203635341,149.522181205,10.5881745885,8.39907484775,2.18909974077
 12/17  03:00:00,266.770954407,1.64294216698,0.989918695307,0.0,24.9203635341,149.522181205,10.4584719032,8.26922503423,2.18924686892
 12/17  04:00:00,274.209790908,2.05367770873,1.47316472148,0.0,24.9203635341,149.522181205,13.7866544171,11.5975341802,2.18912023683
 12/17  05:00:00,279.032896068,1.64294216698,1.07327970388,0.0,24.9203635341,149.522181205,12.0362603717,12.0162603717,0.02
 12/17  06:00:00,310.729394872,2.05367770873,1.38242930661,0.0,24.9203635341,149.522181205,20.9082271143,16.5443377434,4.3638893709
 12/17  07:00:00,351.94942107,1.64294216698,0.715536633965,0.0,24.9203635341,149.522181205,19.1608809508,16.9716189197,2.18926203108
 12/17  08:00:00,374.94600985,2.05367770873,0.880367617665,0.0,24.9203635341,149.522181205,23.8527776921,21.6635312999,2.1892463922
 12/17  09:00:00,322.264273706,1.64294216698,0.482711382211,0.0,24.9203635341,149.522181205,16.1321337768,13.9432776228,2.18885615393
 12/17  10:00:00,295.91399252,2.05367770873,1.21540066157,0.0,24.9203635341,149.522181205,11.4855522564,9.29639370444,2.18915855192
 12/17  11:00:00,240.181703769,1.64294216698,1.28719500775,0.0,24.9203635341,149.522181205,8.53634424485,6.34709303474,2.18925121011
 12/17  12:00:00,251.276944553,2.05367770873,2.6500904436,0.0,24.9203635341,149.522181205,9.11603957389,6.92541917606,2.19062039783
 12/17  13:00:00,493.020819259,22.2327603983,173.63689314,0.0,24.9203635341,149.522181205,5.21189373314,3.02089802035,2.19099571279
 12/17  14:00:00,444.291461515,17.5989728046,156.016878328,0.0,24.9203635341,149.522181205,4.36726278582,0.0,4.36726278582
 12/17  15:00:00,513.584714494,22.1388588074,205.835094554,0.0,24.9203635341,149.522181205,4.36215707213,0.0,4.36215707213
 12/17  16:00:00,455.931500454,16.597681902,169.20358202,0.0,24.9203635341,149.522181205,2.18907391121,0.0,2.18907391121
 12/17  17:00:00,259.999866926,0.0,0.0,0.0,24.9203635341,149.522181205,0.02,0.0,0.02
 12/17  18:00:00,414.15697507,1.77985401423,9.68686580139,0.0,24.9203635341,149.522181205,6.76996217276,4.58075030124,2.18921187152
 12/17  19:00:00,393.325760803,1.64294216698,7.26484410276,0.0,24.9203635341,149.522181205,8.30862560467,6.11953999202,2.18908561265
 12/17  20:00:00,367.262879372,2.05367770873,7.69653019969,0.0,24.9203635341,149.522181205,11.654668952,9.46543657092,2.18923238107
 12/17  21:00:00,357.291326865,1.64294216698,5.52060904152,0.0,24.9203635341,149.522181205,10.4716091838,8.28236510462,2.18924407915
 12/17  22:00:00,339.475028982,2.05367770873,5.5609535096,0.0,24.9203635341,149.522181205,16.429616936,12.0658282722,4.36378866386
 12/17  23:00:00,306.147697029,1.64294216698,3.72177844569,0.0,24.9203635341,149.522181205,12.9540199193,10.764768703,2.18925121633
 12/17  24:00:00,287.817508527,2.05367770873,2.95282786398,0.0,24.9203635341,149.522181205,18.8223207641,16.633195908,2.18912485606
 12/18  01:00:00,317.388373117,1.64294216698,1.86843606491,0.0,24.9203635341,199.362908273,16.4896290343,14.2997532383,2.18987579608
 12/18  02:00:00,318.276224238,2.05367770873,1.07463879784,0.0,24.9203635341,199.362908273,24.6057254476,22.4155467908,2.19017865678
 12/18  03:00:00,312.212567815,1.64294216698,0.645819512677,0.0,24.9203635341,199.362908273,21.8988970531,19.7088841663,2.19001288687
 12/18  04:00:00,310.798906418,2.05367770873,0.133522709702,0.0,24.9203635341,199.362908273,36.1973118173,34.0073967559,2.18991506144
 12/18  05:00:00,308.178350703,1.64294216698,0.0163154580233,0.0,24.9203635341,199.362908273,31.1630278861,28.9728761196,2.19015176644
 12/18  06:00:00,351.454706471,2.05367770873,0.0,0.0,49.8407270682,199.362908273,56.5418627652,52.1761746005,4.36568816465
 12/18  07:00:00,705.936979301,30.3148174886,204.545672191,0.0,49.8407270682,199.362908273,1311.50787753,1307.1443221,4.36355543215
 12/18  08:00:00,545.333524836,30.3148174886,0.0,0.0,149.522181205,199.362908273,1273.84284421,1267.27519874,6.56764547409
 12/18  09:00:00,1050.30753468,30.3148174886,0.0,0.0,448.566543614,448.566543614,651.377237795,633.78132602,17.5959117752
 12/18  10:00:00,1088.95684601,30.3148174886,49.5324613542,0.0,448.566543614,448.566543614,324.321408398,308.901675585,15.4197328132
 12/18  11:00:00,1076.73377311,30.8756438436,48.2875960724,0.0,448.566543614,448.566543614,232.152616016,214.526367392,17.6262486249
 12/18  12:00:00,1153.09808532,33.2526044291,103.018341831,0.0,448.566543614,448.566543614,214.002736611,191.900512766,22.1022238444
 12/18  13:00:00,1189.7823527,34.965762645,181.379291097,0.0,448.566543614,398.725816546,219.843526479,195.430469035,24.413057444
 12/18  14:00:00,1294.5885466,36.1744088112,234.644117076,0.0,448.566543614,448.566543614,178.154530117,153.772273772,24.3822563445
 12/18  15:00:00,1308.67982707,35.7021716215,248.723608885,0.0,448.566543614,448.566543614,128.134925759,112.741870995,15.3930547647
 12/18  16:00:00,1317.51017575,34.0961290802,258.947735678,0.0,448.566543614,448.566543614,91.5799040959,76.1932019086,15.3867021873
 12/18  17:00:00,1347.85257597,31.6528797652,243.01548387,0.0,448.566543614,448.566543614,98.7174015765,78.8506202688,19.8667813077
 12/18  18:00:00,1187.21524966,30.3148174886,145.965270383,0.0,348.885089477,398.725816546,170.99040804,160.025527831,10.9648802099
 12/18  19:00:00,915.65175447,30.3148174886,77.7273282158,0.0,249.203635341,299.044362409,234.920959066,226.164205602,8.75675346302
 12/18  20:00:00,855.064351384,30.3148174886,55.456200276,0.0,249.203635341,299.044362409,251.020272981,244.463244465,6.55702851586
 12/18  21:00:00,701.737153242,30.3148174886,51.7683804999,0.0,149.522181205,249.203635341,309.775831227,301.032965184,8.74286604299
 12/18  22:00:00,664.924857324,30.3148174886,44.0877093572,0.0,149.522181205,249.203635341,336.16236475,331.797033932,4.36533081813
 12/18  23:00:00,349.356850784,0.0,0.0,0.0,49.8407270682,199.362908273,2.19016190185,0.0,2.19016190185
 12/18  24:00:00,299.992091548,0.0,0.0,0.0,24.9203635341,199.362908273,2.19006433407,0.0,2.19006433407
 12/19  01:00:00,287.769895971,0.0,0.0,0.0,24.9203635341,199.362908273,2.18997252544,0.0,2.18997252544
 12/19  02:00:00,287.769896105,0.0,0.0,0.0,24.9203635341,199.362908273,2.18987860842,0.0,2.18987860842
 12/19  03:00:00,287.769896138,0.0,0.0,0.0,24.9203635341,199.362908273,2.19011849205,0.0,2.19011849205
 12/19  04:00:00,287.769896231,0.0,0.0,0.0,24.9203635341,199.362908273,4.359955804,0.0,4.359955804
 12/19  05:00:00,299.992094065,0.0,0.0,0.0,24.9203635341,199.362908273,2.19017102231,0.0,2.19017102231
 12/19  06:00:00,349.35830871,0.0,0.0,0.0,49.8407270682,199.362908273,2.19249840013,0.0,2.19249840013
 12/19  07:00:00,719.315959081,30.3148174886,200.56970141,0.0,49.8407270682,199.362908273,691.983049195,687.619152816,4.3638963789
 12/19  08:00:00,697.954907262,30.3148174886,80.0759785972,0.0,149.522181205,199.362908273,554.241782738,545.492542979,8.74923975953
 12/19  09:00:00,1134.67814322,30.3148174886,26.7360314234,0.0,448.566543614,448.566543614,274.363342404,258.961006073,15.402336331
 12/19  10:00:00,1138.68424364,30.3207527924,53.1833116182,0.0,448.566543614,448.566543614,173.056548174,155.436950942,17.6195972323
 12/19  11:00:00,1157.04514938,31.5008336243,102.276284147,0.0,448.566543614,448.566543614,155.860708393,138.230575725,17.6301326671
 12/19  12:00:00,1242.51687414,34.4273144293,184.146083789,0.0,448.566543614,448.566543614,157.320529554,137.42750748,19.8930220737
 12/19  13:00:00,1254.0243821,36.2746458102,242.941141561,0.0,448.566543614,398.725816546,169.298951181,142.666325179,26.6326260016
 12/19  14:00:00,1328.78608154,37.0725261343,266.330142897,0.0,448.566543614,448.566543614,122.377094455,97.9949928865,24.3821015684
 12/19  15:00:00,1348.02079404,35.6181402358,286.475520105,0.0,448.566543614,448.566543614,73.8299118279,58.4370269297,15.3928848982
 12/19  16:00:00,1355.03958271,34.5609241974,294.44125318,0.0,448.566543614,448.566543614,49.5148200266,36.3257451216,13.189074905
 12/19  17:00:00,1389.854197,31.7017639458,283.844810592,0.0,448.566543614,448.566543614,71.6012609918,51.7310057345,19.8702552573
 12/19  18:00:00,1224.34457222,30.3148174886,190.677612613,0.0,348.885089477,398.725816546,143.673869432,130.522628814,13.1512406179
 12/19  19:00:00,975.803061474,30.3148174886,133.475647714,0.0,249.203635341,299.044362409,202.238195867,193.481580222,8.75661564478
 12/19  20:00:00,924.925733025,30.3148174886,107.487814448,0.0,249.203635341,299.044362409,217.971088448,211.414671349,6.55641709963
 12/19  21:00:00,754.46411903,30.3148174886,86.9132521571,0.0,149.522181205,249.203635341,271.919037137,263.177127321,8.74190981643
 12/19  22:00:00,714.151211373,30.3148174886,72.469250974,0.0,149.522181205,249.203635341,296.050548233,293.858013016,2.192535217
 12/19  23:00:00,349.356853222,0.0,0.0,0.0,49.8407270682,199.362908273,4.36016057533,0.0,4.36016057533
 12/19  24:00:00,299.992094033,0.0,0.0,0.0,24.9203635341,199.362908273,2.18990592739,0.0,2.18990592739
 12/20  01:00:00,287.7698982,0.0,0.0,0.0,24.9203635341,199.362908273,2.1901532199,0.0,2.1901532199
 12/20  02:00:00,287.769898084,0.0,0.0,0.0,24.9203635341,199.362908273,2.19006332069,0.0,2.19006332069
 12/20  03:00:00,287.76989811,0.0,0.0,0.0,24.9203635341,199.362908273,2.18997352976,0.0,2.18997352976
 12/20  04:00:00,287.769898236,0.0,0.0,0.0,24.9203635341,199.362908273,2.19021809952,0.0,2.19021809952
 12/20  05:00:00,299.992096072,0.0,0.0,0.0,24.9203635341,199.362908273,2.19012841564,0.0,2.19012841564
 12/20  06:00:00,349.358312212,0.0,0.0,0.0,49.8407270682,199.362908273,4.36533055805,0.0,4.36533055805
 12/20  07:00:00,725.306823439,30.3148174886,204.776637565,0.0,49.8407270682,199.362908273,587.920734048,583.556928228,4.36380581974
 12/20  08:00:00,698.950614102,30.3148174886,81.9180863236,0.0,149.522181205,199.362908273,503.367033808,494.617090176,8.74994363184
 12/20  09:00:00,1131.59893771,30.3148174886,25.4954407995,0.0,448.566543614,448.566543614,329.55619048,314.154871709,15.4013187705
 12/20  10:00:00,1102.28971157,30.3148174886,30.780240469,0.0,448.566543614,448.566543614,291.306046577,273.68524814,17.6207984377
 12/20  11:00:00,1056.32122902,30.3148174886,32.7162163546,0.0,448.566543614,448.566543614,264.453355473,246.82717425,17.6261812238
 12/20  12:00:00,1063.4425952,30.3148174886,37.9743759295,0.0,448.566543614,448.566543614,241.379598126,221.485541555,19.8940565707
 12/20  13:00:00,1021.34999244,30.3148174886,43.5604623937,0.0,448.566543614,398.725816546,265.538354768,238.90731311,26.6310416585
 12/20  14:00:00,1078.60521679,30.3148174886,48.8375535241,0.0,448.566543614,448.566543614,214.38085149,190.382927392,23.997924098
 12/20  15:00:00,1096.36382345,30.3148174886,61.9652079225,0.0,448.566543614,448.566543614,193.458686588,179.879595848,13.5790907402
 12/20  16:00:00,1106.67739592,30.3148174886,69.0954388646,0.0,448.566543614,448.566543614,196.928645366,181.54206934,15.3865760257
 12/20  17:00:00,1152.30673253,30.3148174886,65.826544017,0.0,448.566543614,448.566543614,211.297880677,191.427595918,19.870284759
 12/20  18:00:00,1066.62649736,30.3148174886,54.6945153127,0.0,348.885089477,398.725816546,254.014376749,240.863183067,13.1511936819
 12/20  19:00:00,856.060191988,30.3148174886,40.6079521018,0.0,249.203635341,299.044362409,320.126787724,311.368839193,8.75794853073
 12/20  20:00:00,793.048331063,30.3148174886,18.9746372038,0.0,249.203635341,299.044362409,360.91602565,354.359590419,6.55643523114
 12/20  21:00:00,608.802875501,30.3148174886,4.56943658555,0.0,149.522181205,249.203635341,428.066966303,419.323855642,8.74311066164
 12/20  22:00:00,613.82084745,30.3148174886,8.33492253435,0.0,149.522181205,249.203635341,425.252888352,423.060337206,2.19255114573
 12/20  23:00:00,349.356855359,0.0,0.0,0.0,49.8407270682,199.362908273,4.36019214256,0.0,4.36019214256
 12/20  24:00:00,299.992096158,0.0,0.0,0.0,24.9203635341,199.362908273,2.18992762987,0.0,2.18992762987
 12/21  01:00:00,287.769900309,0.0,0.0,0.0,24.9203635341,199.362908273,2.19017959515,0.0,2.19017959515
 12/21  02:00:00,287.769900182,0.0,0.0,0.0,24.9203635341,199.362908273,2.19009364116,0.0,2.19009364116
 12/21  03:00:00,287.7699002,0.0,0.0,0.0,24.9203635341,199.362908273,2.19000779447,0.0,2.19000779447
 12/21  04:00:00,287.769900331,0.0,0.0,0.0,24.9203635341,199.362908273,2.18992204361,0.0,2.18992204361
 12/21  05:00:00,299.992098222,0.0,0.0,0.0,24.9203635341,199.362908273,2.1901716245,0.0,2.1901716245
 12/21  06:00:00,370.407769579,1.23220662524,0.163127013096,0.0,49.8407270682,199.362908273,11.174860455,6.80910311612,4.36575733884
 12/21  07:00:00,708.565981542,30.3148174886,196.892476958,0.0,49.8407270682,199.362908273,801.85367358,797.489742127,4.36393145322
 12/21  08:00:00,544.690047328,30.3148174886,0.0,0.0,149.522181205,199.362908273,669.028126674,660.277762619,8.75036405453
 12/21  09:00:00,1050.04764063,30.3148174886,0.0,0.0,448.566543614,448.566543614,451.605177425,436.204062827,15.4011145975
 12/21  10:00:00,1013.32653825,30.3148174886,0.0,0.0,448.566543614,448.566543614,385.70316121,368.080663864,17.6224973461
 12/21  11:00:00,964.409472779,30.3148174886,0.0,0.0,448.566543614,448.566543614,351.281473472,333.653295729,17.6281777429
 12/21  12:00:00,1080.53886437,30.3148174886,65.9914721259,0.0,448.566543614,448.566543614,310.709584846,290.812748248,19.8968365976
 12/21  13:00:00,999.197179758,30.3148174886,26.6192572813,0.0,448.566543614,398.725816546,312.794728429,286.159127864,26.6356005652
 12/21  14:00:00,1067.21711687,30.3148174886,40.74371207,0.0,448.566543614,448.566543614,250.204033368,225.818188558,24.3858448098
 12/21  15:00:00,1070.969042,30.3148174886,43.9144749409,0.0,448.566543614,448.566543614,232.713764389,217.32033295,15.3934314386
 12/21  16:00:00,1073.01982613,30.3148174886,44.9135715161,0.0,448.566543614,448.566543614,230.968525309,217.777144916,13.1913803934
 12/21  17:00:00,1118.2046547,30.3148174886,41.6754427073,0.0,448.566543614,448.566543614,247.52129228,227.646477184,19.874815096
 12/21  18:00:00,1040.16850356,30.3148174886,35.892152236,0.0,348.885089477,398.725816546,281.361316348,268.207208359,13.1541079894
 12/21  19:00:00,844.857640848,30.3148174886,32.5187118746,0.0,249.203635341,299.044362409,341.475909129,332.717930478,8.75797865069
 12/21  20:00:00,810.600894716,30.3148174886,25.3102108658,0.0,249.203635341,299.044362409,358.06155459,351.504579874,6.55697471534
 12/21  21:00:00,650.498117378,30.3148174886,17.6602321142,0.0,149.522181205,249.203635341,419.17683748,410.433790708,8.74304677111
 12/21  22:00:00,621.716011068,30.3148174886,14.6067448077,0.0,149.522181205,249.203635341,429.774477611,425.409104479,4.36537313219
 12/21  23:00:00,349.35685723,0.0,0.0,0.0,49.8407270682,199.362908273,2.19018224374,0.0,2.19018224374
 12/21  24:00:00,299.992097992,0.0,0.0,0.0,24.9203635341,199.362908273,2.19009667373,0.0,2.19009667373
 12/22  01:00:00,287.769902288,0.0,0.0,0.0,24.9203635341,199.362908273,2.19001660764,0.0,2.19001660764
 12/22  02:00:00,287.769902412,0.0,0.0,0.0,24.9203635341,199.362908273,2.1899345513,0.0,2.1899345513
 12/22  03:00:00,287.76990251,0.0,0.0,0.0,24.9203635341,199.362908273,2.19018861874,0.0,2.19018861874
 12/22  04:00:00,287.769902524,0.0,0.0,0.0,24.9203635341,199.362908273,4.36013154915,0.0,4.36013154915
 12/22  05:00:00,306.985373524,0.410735541745,0.0394174964013,0.0,24.9203635341,199.362908273,4.74659680898,2.55665373303,2.18994307595
 12/22  06:00:00,384.703504145,2.05367770873,0.528740193043,0.0,49.8407270682,199.362908273,14.7804125277,12.5875110429,2.19290148481
 12/22  07:00:00,702.934975015,30.3148174886,197.811340172,0.0,49.8407270682,199.362908273,862.741155689,858.377498162,4.36365752723
 12/22  08:00:00,544.980290847,30.3148174886,0.0,0.0,149.522181205,199.362908273,966.978974108,958.228612843,8.75036126461
 12/22  09:00:00,1050.24731184,30.3148174886,0.0,0.0,448.566543614,448.566543614,628.775838517,613.373797568,15.4020409488
 12/22  10:00:00,1013.49419203,30.3148174886,0.0,0.0,448.566543614,448.566543614,525.709652326,508.088612428,17.6210398983
 12/22  11:00:00,964.533947761,30.3148174886,0.0,0.0,448.566543614,448.566543614,445.525122457,427.895838066,17.6292843918
 12/22  12:00:00,964.395677895,30.3148174886,0.0,0.0,448.566543614,448.566543614,299.143919326,277.036855118,22.1070642083
 12/22  13:00:00,1105.88786055,31.2753171257,106.300831154,0.0,448.566543614,398.725816546,215.459083074,191.037037973,24.4220451008
 12/22  14:00:00,1229.48461209,33.7427129005,171.723774141,0.0,448.566543614,448.566543614,155.569474841,131.180087217,24.3893876237
 12/22  15:00:00,1303.23279309,34.0977940061,244.335186543,0.0,448.566543614,448.566543614,101.175787169,85.7805973109,15.3951898586
 12/22  16:00:00,1318.31120382,32.9344251834,260.257310732,0.0,448.566543614,448.566543614,72.2326662812,56.844970611,15.3876956702
 12/22  17:00:00,1356.97433765,30.9269176338,252.158395737,0.0,448.566543614,448.566543614,82.0648696543,62.189110469,19.8757591853
 12/22  18:00:00,1185.05204378,30.3148174886,151.794744021,0.0,348.885089477,398.725816546,146.684148372,135.719402402,10.9647459699
 12/22  19:00:00,904.350427042,30.3148174886,64.4379923813,0.0,249.203635341,299.044362409,216.278622911,205.337154652,10.9414682589
 12/22  20:00:00,824.644173695,30.3148174886,33.7357744743,0.0,249.203635341,299.044362409,247.58714333,241.02969843,6.55744490054
 12/22  21:00:00,649.951631791,30.3148174886,16.8313215395,0.0,149.522181205,249.203635341,332.730359115,323.988257767,8.74210134768
 12/22  22:00:00,553.99674781,30.3148174886,0.0,0.0,149.522181205,249.203635341,430.069216381,427.876417774,2.19279860649
 12/22  23:00:00,349.356859417,0.0,0.0,0.0,49.8407270682,199.362908273,2.19016924907,0.0,2.19016924907
 12/22  24:00:00,299.992100309,0.0,0.0,0.0,24.9203635341,199.362908273,4.36009085918,0.0,4.36009085918
 12/23  01:00:00,237.92917754,0.0,0.0,0.0,24.9203635341,149.522181205,2.18992971418,0.0,2.18992971418
 12/23  02:00:00,237.9291773,0.0,0.0,0.0,24.9203635341,149.522181205,2.19018837026,0.0,2.19018837026
 12/23  03:00:00,244.90120315,0.410735541745,0.0283280398633,0.0,24.9203635341,149.522181205,3.8830540468,1.69294381041,2.19011023639
 12/23  04:00:00,273.139692115,2.05367770873,0.414632876877,0.0,24.9203635341,149.522181205,12.1545585424,9.96432281903,2.1902357234
 12/23  05:00:00,278.303429201,1.64294216698,0.368285580711,0.0,24.9203635341,149.522181205,13.7823072417,11.5920989491,2.19020829258
 12/23  06:00:00,309.848699729,2.05367770873,0.533463025016,0.0,24.9203635341,149.522181205,21.340929655,16.9753509816,4.36557867339
 12/23  07:00:00,698.56947255,30.3148174886,199.293059785,0.0,49.8407270682,199.362908273,898.85778636,894.493984288,4.36380207214
 12/23  08:00:00,445.75098501,30.3148174886,0.0,0.0,49.8407270682,199.362908273,1325.82560285,1321.45477619,4.37082666186
 12/23  09:00:00,651.940395315,30.3148174886,0.0,0.0,249.203635341,249.203635341,887.398606733,880.842602333,6.55600440084
 12/23  10:00:00,614.812323955,30.3148174886,0.0,0.0,249.203635341,249.203635341,456.685312248,445.743122717,10.9421895319
 12/23  11:00:00,686.360263192,30.3175078704,69.8991307272,0.0,249.203635341,249.203635341,245.067697151,236.317931629,8.74976552254
 12/23  12:00:00,708.776085962,31.2402847292,65.4721716648,0.0,249.203635341,249.203635341,209.202101839,200.437393448,8.76470839146
 12/23  13:00:00,812.388337691,33.162486136,154.611138085,0.0,249.203635341,249.203635341,195.503676344,184.565592281,10.9380840633
 12/23  14:00:00,896.817231466,33.9696942063,237.54638241,0.0,249.203635341,249.203635341,185.219542867,176.469632121,8.74991074591
 12/23  15:00:00,665.665398591,32.7684698166,256.494193019,0.0,74.7610906023,174.442544739,203.198883351,196.642066645,6.55681670645
 12/23  16:00:00,666.587506805,31.4140988352,258.927018102,0.0,74.7610906023,174.442544739,205.556400429,199.005206533,6.55119389586
 12/23  17:00:00,667.658223036,30.3190325479,212.688867934,0.0,74.7610906023,174.442544739,242.267463965,235.71365939,6.55380457543
 12/23  18:00:00,588.101549281,30.3148174886,129.310984882,0.0,24.9203635341,149.522181205,377.371156801,375.179350161,2.19180664085
 12/23  19:00:00,347.929931773,0.0,0.0,0.0,24.9203635341,149.522181205,4.36397014736,0.0,4.36397014736
 12/23  20:00:00,323.485535577,0.0,0.0,0.0,24.9203635341,149.522181205,2.19200804566,0.0,2.19200804566
 12/23  21:00:00,323.485536362,0.0,0.0,0.0,24.9203635341,149.522181205,4.36375852196,0.0,4.36375852196
 12/23  22:00:00,299.042114145,0.0,0.0,0.0,24.9203635341,149.522181205,4.3676402347,0.0,4.3676402347
 12/23  23:00:00,274.59577068,0.0,0.0,0.0,24.9203635341,149.522181205,2.18994717286,0.0,2.18994717286
 12/23  24:00:00,250.151374991,0.0,0.0,0.0,24.9203635341,149.522181205,2.19020622551,0.0,2.19020622551
 12/24  01:00:00,266.878057088,1.23220662524,1.05700459695,0.0,24.9203635341,149.522181205,6.87183204246,4.68273909185,2.18909295061
 12/24  02:00:00,267.105310306,1.64294216698,1.33539463053,0.0,24.9203635341,149.522181205,9.77419010787,7.5849201222,2.18926998567
 12/24  03:00:00,274.498759271,2.05367770873,1.77989181783,0.0,24.9203635341,149.522181205,13.5415571674,11.3522474296,2.18930973782
 12/24  04:00:00,266.780004938,1.64294216698,1.07029835319,0.0,24.9203635341,149.522181205,14.084432699,11.8956590378,2.18877366125
 12/24  05:00:00,286.230753126,2.05367770873,1.35841624457,0.0,24.9203635341,149.522181205,17.9072906645,15.7180419689,2.18924869565
 12/24  06:00:00,303.009502276,1.64294216698,0.677765156596,0.0,24.9203635341,149.522181205,18.1402924344,15.9485701329,2.19172230147
 12/24  07:00:00,356.377236571,2.05367770873,0.829428565627,0.0,24.9203635341,149.522181205,23.232024244,21.0427176359,2.18930660806
 12/24  08:00:00,359.531838321,1.64294216698,0.252714090462,0.0,24.9203635341,149.522181205,25.2257627363,23.0364434934,2.1893192429
 12/24  09:00:00,327.721330132,2.05367770873,0.34047050416,0.0,24.9203635341,149.522181205,20.9627736201,18.7735259724,2.18924764766
 12/24  10:00:00,280.086742359,1.64294216698,0.204386168439,0.0,24.9203635341,149.522181205,17.3596985691,15.1704123089,2.18928626018
 12/24  11:00:00,243.84422777,2.05367770873,0.693376005968,0.0,24.9203635341,149.522181205,13.6594280999,11.4701015893,2.18932651062
 12/24  12:00:00,239.846645427,1.64294216698,0.987010186708,0.0,24.9203635341,149.522181205,9.77141305941,7.5802399628,2.19117309661
 12/24  13:00:00,252.9261889,2.05367770873,2.50186225321,0.0,24.9203635341,149.522181205,11.3329934047,6.97115687513,4.36183652954
 12/24  14:00:00,250.745347582,1.23220662524,2.00879308919,0.0,24.9203635341,149.522181205,8.31776602829,3.94995986152,4.36780616676
 12/24  15:00:00,454.68547658,18.3841777633,153.825592903,0.0,24.9203635341,149.522181205,4.82777452742,2.63666329388,2.19111123354
 12/24  16:00:00,330.181788219,8.08883230475,81.4588985362,0.0,24.9203635341,149.522181205,2.18931944077,0.0,2.18931944077
 12/24  17:00:00,282.558735115,0.616103312618,3.00736324588,0.0,24.9203635341,149.522181205,3.42922625466,1.23989550078,2.18933075388
 12/24  18:00:00,399.357425517,1.64294216698,7.81732562149,0.0,24.9203635341,149.522181205,6.80031220257,4.61108022064,2.18923198193
 12/24  19:00:00,402.413022518,2.05367770873,7.10863927681,0.0,24.9203635341,149.522181205,11.575073865,9.38573304064,2.18934082438
 12/24  20:00:00,356.21324365,1.64294216698,4.84519514758,0.0,24.9203635341,149.522181205,11.1898604035,9.00055029074,2.18931011279
 12/24  21:00:00,362.838628024,2.05367770873,4.56967258235,0.0,24.9203635341,149.522181205,15.5433695312,13.3543721048,2.18899742636
 12/24  22:00:00,329.847253542,1.64294216698,3.00649579002,0.0,24.9203635341,149.522181205,13.9381701978,11.7461365866,2.19203361127
 12/24  23:00:00,311.615451928,2.05367770873,2.33103735271,0.0,24.9203635341,149.522181205,20.7447441116,18.5554744206,2.18926969099
 12/24  24:00:00,279.315074748,1.64294216698,1.43036823697,0.0,24.9203635341,149.522181205,19.5196024397,17.3302646906,2.18933774908
 12/25  01:00:00,266.835686041,2.05367770873,0.782872530771,0.0,24.9203635341,149.522181205,30.4137845496,28.2246122893,2.18917226031
 12/25  02:00:00,260.759418239,1.64294216698,0.34226223496,0.0,24.9203635341,149.522181205,27.4319522421,25.2426394057,2.18931283645
 12/25  03:00:00,246.522152437,2.05367770873,0.0,0.0,24.9203635341,149.522181205,44.0538715522,41.8647109921,2.18916056004
 12/25  04:00:00,239.603137799,1.64294216698,0.0,0.0,24.9203635341,149.522181205,38.1898911496,36.0005492673,2.18934188223
 12/25  05:00:00,252.258626996,2.05367770873,0.0,0.0,24.9203635341,149.522181205,63.7013475309,61.5124230142,2.18892451666
 12/25  06:00:00,276.283741565,1.64294216698,0.0,0.0,24.9203635341,149.522181205,52.0177842517,49.8256809591,2.19210329263
 12/25  07:00:00,325.610517728,2.05367770873,0.0,0.0,24.9203635341,149.522181205,83.756122658,81.5668088562,2.18931380181
 12/25  08:00:00,438.26786134,9.73177447173,68.155206453,0.0,24.9203635341,149.522181205,87.9143582694,85.7251409446,2.18921732483
 12/25  09:00:00,348.335601273,6.0980938611,34.097689459,0.0,24.9203635341,149.522181205,88.6889315918,86.4995869532,2.18934463857
 12/25  10:00:00,261.67659264,1.64294216698,0.0,0.0,24.9203635341,149.522181205,39.1818945138,36.9930102755,2.18888423824
 12/25  11:00:00,238.136805834,2.05367770873,0.27522310176,0.0,24.9203635341,149.522181205,34.4207443632,32.231396878,2.18934748514
 12/25  12:00:00,244.818983115,1.79883121155,3.44333172844,0.0,24.9203635341,149.522181205,20.4680769193,16.1057567362,4.36232018315
 12/25  13:00:00,472.571997222,20.2142838176,166.959313721,0.0,24.9203635341,149.522181205,17.7027436766,15.5115940987,2.19114957787
 12/25  14:00:00,552.07483327,23.4232863337,230.686081996,0.0,24.9203635341,149.522181205,13.1381299591,8.77063572432,4.36749423474
 12/25  15:00:00,515.514693031,18.2536667477,201.344079441,0.0,24.9203635341,149.522181205,2.19117890287,0.0,2.19117890287
 12/25  16:00:00,546.829988803,20.2220807619,242.215085686,0.0,24.9203635341,149.522181205,2.18929418736,0.0,2.18929418736
 12/25  17:00:00,259.99988037,0.0,0.0,0.0,24.9203635341,149.522181205,2.18924489739,0.0,2.18924489739
 12/25  18:00:00,400.919133815,1.64294216698,9.36719842222,0.0,24.9203635341,149.522181205,6.39680504687,4.20751689444,2.18928815243
 12/25  19:00:00,421.522565031,2.05367770873,8.43925941769,0.0,24.9203635341,149.522181205,11.6406545996,9.45136907202,2.18928552763
 12/25  20:00:00,363.91373553,1.64294216698,5.11215618884,0.0,24.9203635341,149.522181205,11.3766385726,9.18754177333,2.18909679929
 12/25  21:00:00,364.807462901,2.05367770873,5.72335834555,0.0,24.9203635341,149.522181205,15.9327008566,13.7433517332,2.18934912344
 12/25  22:00:00,330.142581958,1.64294216698,3.28738363269,0.0,24.9203635341,149.522181205,15.5010712806,13.3090290729,2.19204220769
 12/25  23:00:00,312.905278058,2.05367770873,3.56418493982,0.0,24.9203635341,149.522181205,20.9166622792,18.7273169268,2.18934535238
 12/25  24:00:00,279.899806034,1.64294216698,1.9890775126,0.0,24.9203635341,149.522181205,19.8241939296,17.6350560277,2.18913790183
 12/26  01:00:00,324.814193811,2.05367770873,2.35076263445,0.0,24.9203635341,199.362908273,25.8704915647,21.5103951335,4.36009643126
 12/26  02:00:00,313.903675379,1.64294216698,1.01643832625,0.0,24.9203635341,199.362908273,22.5305622111,20.3402741812,2.19028802988
 12/26  03:00:00,321.123149931,2.05367770873,1.30432107951,0.0,24.9203635341,199.362908273,28.7031921054,26.5129725056,2.19021959981
 12/26  04:00:00,308.092958146,1.64294216698,0.42960502703,0.0,24.9203635341,199.362908273,28.3629700422,26.1728174435,2.19015259874
 12/26  05:00:00,329.777206115,2.05367770873,0.374741050512,0.0,24.9203635341,199.362908273,34.7184660379,32.5281754966,2.19029054127
 12/26  06:00:00,364.062293393,1.64294216698,0.0244108013322,0.0,49.8407270682,199.362908273,37.9674360064,33.6014555136,4.36598049286
 12/26  07:00:00,711.141088802,30.3148174886,204.560454801,0.0,49.8407270682,199.362908273,1236.87598547,1234.68392843,2.19205703637
 12/26  08:00:00,545.181507761,30.3148174886,0.0,0.0,149.522181205,199.362908273,1106.30582477,1095.37272388,10.9331008815
 12/26  09:00:00,1050.21487803,30.3148174886,0.0,0.0,448.566543614,448.566543614,571.115909219,555.712287181,15.4036220381
 12/26  10:00:00,1118.09184078,30.3153757403,62.2622832159,0.0,448.566543614,448.566543614,290.932449964,273.305944714,17.6265052504
 12/26  11:00:00,1124.02575016,31.3531287565,77.5999340936,0.0,448.566543614,448.566543614,213.390752937,195.756939847,17.6338130896
 12/26  12:00:00,1247.66148333,34.1984173603,190.124936527,0.0,448.566543614,448.566543614,197.646485186,177.745082563,19.9014026231
 12/26  13:00:00,1268.36745795,35.4296494756,258.448399421,0.0,448.566543614,398.725816546,195.88768386,169.237745333,26.649938527
 12/26  14:00:00,1352.0559196,34.3590685355,292.905310333,0.0,448.566543614,448.566543614,148.058477742,123.663925647,24.3945520959
 12/26  15:00:00,1378.05994564,35.6284994687,313.574449739,0.0,448.566543614,448.566543614,103.680058124,88.2839708996,15.3960872247
 12/26  16:00:00,1394.16326305,34.5365707347,323.588139998,0.0,448.566543614,448.566543614,66.6402225822,51.2507855068,15.3894370754
 12/26  17:00:00,1440.66751019,32.3165829899,323.418761514,0.0,448.566543614,448.566543614,70.7192943558,50.8446800396,19.8746143163
 12/26  18:00:00,1347.98638338,30.3586014331,302.784982267,0.0,348.885089477,398.725816546,130.361179655,117.207423243,13.1537564126
 12/26  19:00:00,1066.86561922,30.3148174886,214.564044179,0.0,249.203635341,299.044362409,200.508478288,191.749876735,8.75860155385
 12/26  20:00:00,951.946870534,30.3148174886,134.853803093,0.0,249.203635341,299.044362409,219.04643575,212.48946218,6.5569735695
 12/26  21:00:00,768.208883561,30.3148174886,101.129916145,0.0,149.522181205,249.203635341,273.461669598,264.718232521,8.74343707744
 12/26  22:00:00,719.32680133,30.3148174886,77.096317485,0.0,149.522181205,249.203635341,300.235632072,295.870139875,4.36549219694
 12/26  23:00:00,349.356867153,0.0,0.0,0.0,49.8407270682,199.362908273,2.19024040797,0.0,2.19024040797
 12/26  24:00:00,299.992107908,0.0,0.0,0.0,24.9203635341,199.362908273,2.19017363664,0.0,2.19017363664
 12/27  01:00:00,287.769912,0.0,0.0,0.0,24.9203635341,199.362908273,2.19011190985,0.0,2.19011190985
 12/27  02:00:00,287.769912123,0.0,0.0,0.0,24.9203635341,199.362908273,2.19004838774,0.0,2.19004838774
 12/27  03:00:00,287.769912351,0.0,0.0,0.0,24.9203635341,199.362908273,2.18998499011,0.0,2.18998499011
 12/27  04:00:00,287.769912278,0.0,0.0,0.0,24.9203635341,199.362908273,4.36045952175,0.0,4.36045952175
 12/27  05:00:00,299.992109899,0.0,0.0,0.0,24.9203635341,199.362908273,2.19013477186,0.0,2.19013477186
 12/27  06:00:00,349.358334434,0.0,0.0,0.0,49.8407270682,199.362908273,4.36557154984,0.0,4.36557154984
 12/27  07:00:00,709.041662781,30.3148174886,200.494241846,0.0,49.8407270682,199.362908273,717.296051509,715.104149291,2.19190221802
 12/27  08:00:00,544.828758652,30.3148174886,0.0,0.0,149.522181205,199.362908273,805.121232396,796.370249058,8.75098333863
 12/27  09:00:00,1050.07942842,30.3148174886,0.0,0.0,448.566543614,448.566543614,462.888947471,447.484485578,15.4044618924
 12/27  10:00:00,1112.87999638,30.3148174886,60.8500226378,0.0,448.566543614,448.566543614,228.059979384,210.432519365,17.6274600185
 12/27  11:00:00,1111.92092399,31.4020096163,71.1355073152,0.0,448.566543614,448.566543614,151.861979762,134.227157979,17.6348217822
 12/27  12:00:00,1245.41110239,34.4648007358,187.007440636,0.0,448.566543614,448.566543614,145.915286334,123.802993991,22.1122923435
 12/27  13:00:00,1265.33016734,36.6123792337,253.652388566,0.0,448.566543614,398.725816546,151.810358742,125.164793919,26.6455648231
 12/27  14:00:00,1341.44161445,37.5685753991,278.154183094,0.0,448.566543614,448.566543614,106.225053771,81.8305587366,24.3944950348
 12/27  15:00:00,1360.13450039,37.4802946452,296.276452472,0.0,448.566543614,448.566543614,58.9884491017,43.5902554518,15.3981936499
 12/27  16:00:00,1374.07224917,36.0690070397,311.195940016,0.0,448.566543614,448.566543614,41.6773314145,26.285755775,15.3915756394
 12/27  17:00:00,1424.08902501,33.259882215,315.122617749,0.0,448.566543614,448.566543614,48.6844717196,28.8062253026,19.8782464169
 12/27  18:00:00,1344.12297281,30.5023001238,300.408402207,0.0,348.885089477,398.725816546,90.4113338832,79.4457400721,10.9655938111
 12/27  19:00:00,1084.95703081,30.3148174886,241.625533124,0.0,249.203635341,299.044362409,158.015356562,147.071120336,10.9442362259
 12/27  20:00:00,1031.79345703,30.3148174886,213.52346668,0.0,249.203635341,299.044362409,174.533246734,167.976008836,6.55723789867
 12/27  21:00:00,804.913171511,30.3148174886,136.844515894,0.0,149.522181205,249.203635341,225.09456686,216.350905606,8.7436612542
 12/27  22:00:00,738.276682255,30.3148174886,95.2742895719,0.0,149.522181205,249.203635341,247.732466812,243.366888681,4.36557813084
 12/27  23:00:00,349.356869248,0.0,0.0,0.0,49.8407270682,199.362908273,2.19002194428,0.0,2.19002194428
 12/27  24:00:00,299.992109982,0.0,0.0,0.0,24.9203635341,199.362908273,2.19029856183,0.0,2.19029856183
 12/28  01:00:00,287.769913859,0.0,0.0,0.0,24.9203635341,199.362908273,2.19024089217,0.0,2.19024089217
 12/28  02:00:00,287.769913845,0.0,0.0,0.0,24.9203635341,199.362908273,2.19018085444,0.0,2.19018085444
 12/28  03:00:00,287.769913964,0.0,0.0,0.0,24.9203635341,199.362908273,2.19012092575,0.0,2.19012092575
 12/28  04:00:00,287.769914162,0.0,0.0,0.0,24.9203635341,199.362908273,4.36006243215,0.0,4.36006243215
 12/28  05:00:00,299.992111965,0.0,0.0,0.0,24.9203635341,199.362908273,2.19028212163,0.0,2.19028212163
 12/28  06:00:00,349.358337325,0.0,0.0,0.0,49.8407270682,199.362908273,2.19270037522,0.0,2.19270037522
 12/28  07:00:00,714.941313747,30.3148174886,201.912563803,0.0,49.8407270682,199.362908273,666.527364648,662.163535408,4.36382924031
 12/28  08:00:00,544.758523142,30.3148174886,0.0,0.0,149.522181205,199.362908273,730.278982445,721.527339283,8.7516431617
 12/28  09:00:00,1050.04194776,30.3148174886,0.0,0.0,448.566543614,448.566543614,423.016330925,407.610619254,15.4057116712
 12/28  10:00:00,1061.34227219,30.3222145928,34.0993072978,0.0,448.566543614,448.566543614,232.063918568,214.438079702,17.6258388652
 12/28  11:00:00,1106.61284882,31.2703933864,71.9829702051,0.0,448.566543614,448.566543614,155.133451041,137.499997317,17.6334537239
 12/28  12:00:00,1171.99503796,32.1387365583,122.465755048,0.0,448.566543614,448.566543614,133.010120137,110.897403069,22.1127170685
 12/28  13:00:00,1179.92281963,32.6676040322,172.715453741,0.0,448.566543614,398.725816546,145.808923999,119.162060704,26.6468632953
 12/28  14:00:00,1267.93192087,34.5074934335,208.916779678,0.0,448.566543614,448.566543614,114.708521189,90.3123798372,24.3961413517
 12/28  15:00:00,1282.74360491,32.7657258555,224.893243242,0.0,448.566543614,448.566543614,86.944832165,71.547807861,15.3970243041
 12/28  16:00:00,1294.04838197,32.0493587268,236.540599069,0.0,448.566543614,448.566543614,64.4927231825,49.1020582889,15.3906648936
 12/28  17:00:00,1327.29115065,31.2409799939,222.0009593,0.0,448.566543614,448.566543614,67.640858662,47.7660564364,19.8748022255
 12/28  18:00:00,1159.41516614,30.3148174886,126.798799157,0.0,348.885089477,398.725816546,133.566984412,120.41256785,13.154416562
 12/28  19:00:00,871.991435911,30.3148174886,53.4910690183,0.0,249.203635341,299.044362409,204.886884504,196.128312908,8.75857159613
 12/28  20:00:00,797.758523814,30.3148174886,16.026537678,0.0,249.203635341,299.044362409,246.534951445,239.977989469,6.55696197611
 12/28  21:00:00,578.384949353,30.3148174886,0.0,0.0,149.522181205,249.203635341,368.839395503,360.094741572,8.74465393123
 12/28  22:00:00,554.030776435,30.3148174886,0.0,0.0,149.522181205,249.203635341,474.959200937,470.593673013,4.36552792347
 12/28  23:00:00,349.356870821,0.0,0.0,0.0,49.8407270682,199.362908273,2.19025777375,0.0,2.19025777375
 12/28  24:00:00,299.992111594,0.0,0.0,0.0,24.9203635341,199.362908273,2.19019808071,0.0,2.19019808071
 12/29  01:00:00,287.769915606,0.0,0.0,0.0,24.9203635341,199.362908273,2.19014323857,0.0,2.19014323857
 12/29  02:00:00,287.769915734,0.0,0.0,0.0,24.9203635341,199.362908273,2.19008667957,0.0,2.19008667957
 12/29  03:00:00,287.76991597,0.0,0.0,0.0,24.9203635341,199.362908273,2.19003024054,0.0,2.19003024054
 12/29  04:00:00,287.769915923,0.0,0.0,0.0,24.9203635341,199.362908273,4.36057353389,0.0,4.36057353389
 12/29  05:00:00,321.00832124,1.23220662524,0.148157114979,0.0,24.9203635341,199.362908273,7.23548548364,5.04528332948,2.19020215416
 12/29  06:00:00,377.514013706,1.64294216698,0.340739497005,0.0,49.8407270682,199.362908273,12.6747607272,8.30874064602,4.36602008122
 12/29  07:00:00,701.195450238,30.3148174886,198.530186431,0.0,49.8407270682,199.362908273,728.463508434,726.271508453,2.19199998088
 12/29  08:00:00,545.020045678,30.3148174886,0.0,0.0,149.522181205,199.362908273,970.798144854,962.04767856,8.75046629451
 12/29  09:00:00,1050.31464175,30.3148174886,0.0,0.0,448.566543614,448.566543614,662.908630541,645.303775032,17.6048555092
 12/29  10:00:00,1013.51568853,30.3148174886,0.0,0.0,448.566543614,448.566543614,509.026848397,493.413434224,15.6134141725
 12/29  11:00:00,964.568813872,30.3148174886,0.0,0.0,448.566543614,448.566543614,451.962076215,432.316005028,19.6460711869
 12/29  12:00:00,964.520968258,30.3148174886,0.0,0.0,448.566543614,448.566543614,400.673031446,380.769598724,19.9034327226
 12/29  13:00:00,914.656154423,30.3148174886,0.0,0.0,448.566543614,398.725816546,382.31017205,355.656373594,26.6537984559
 12/29  14:00:00,964.432651139,30.3148174886,0.0,0.0,448.566543614,448.566543614,321.600114982,297.204112092,24.3960028898
 12/29  15:00:00,964.3872492,30.3148174886,0.0,0.0,448.566543614,448.566543614,280.067947087,264.668927892,15.3990191959
 12/29  16:00:00,964.365601627,30.3148174886,0.0,0.0,448.566543614,448.566543614,262.486843166,247.096028688,15.3908144781
 12/29  17:00:00,1013.25846822,30.3148174886,0.0,0.0,448.566543614,448.566543614,269.679129482,249.798488586,19.8806408961
 12/29  18:00:00,943.140950738,30.3148174886,0.0,0.0,348.885089477,398.725816546,298.001254618,284.843695207,13.1575594111
 12/29  19:00:00,752.385417177,30.3148174886,0.0,0.0,249.203635341,299.044362409,371.194275155,362.435033387,8.75924176836
 12/29  20:00:00,727.937532694,30.3148174886,0.0,0.0,249.203635341,299.044362409,375.977403529,367.240439902,8.7369636278
 12/29  21:00:00,578.446709201,30.3148174886,0.0,0.0,149.522181205,249.203635341,414.152052415,407.588649356,6.56340305843
 12/29  22:00:00,554.014933124,30.3148174886,0.0,0.0,149.522181205,249.203635341,436.787933231,432.422112685,4.3658205457
 12/29  23:00:00,349.356872419,0.0,0.0,0.0,49.8407270682,199.362908273,2.19024589999,0.0,2.19024589999
 12/29  24:00:00,299.992113469,0.0,0.0,0.0,24.9203635341,199.362908273,2.19018964074,0.0,2.19018964074
 12/30  01:00:00,237.929190513,0.0,0.0,0.0,24.9203635341,149.522181205,4.36022070217,0.0,4.36022070217
 12/30  02:00:00,237.929190529,0.0,0.0,0.0,24.9203635341,149.522181205,2.19003065729,0.0,2.19003065729
 12/30  03:00:00,237.929190364,0.0,0.0,0.0,24.9203635341,149.522181205,2.19031945855,0.0,2.19031945855
 12/30  04:00:00,237.929190232,0.0,0.0,0.0,24.9203635341,149.522181205,2.19026638508,0.0,2.19026638508
 12/30  05:00:00,293.131585238,2.05367770873,4.79012330804,0.0,24.9203635341,149.522181205,13.5849783872,11.3947650408,2.19021334641
 12/30  06:00:00,306.478894387,1.64294216698,4.04105569569,0.0,24.9203635341,149.522181205,14.412890982,10.0473040163,4.36558696567
 12/30  07:00:00,721.038722067,30.3148174886,205.693662931,0.0,49.8407270682,199.362908273,781.309464608,776.94557462,4.36388998752
 12/30  08:00:00,445.077741765,30.3148174886,0.0,0.0,49.8407270682,199.362908273,693.723747326,689.352604983,4.371142343
 12/30  09:00:00,651.459783357,30.3148174886,0.0,0.0,249.203635341,249.203635341,577.420927904,570.864074688,6.55685321571
 12/30  10:00:00,614.741440217,30.3148174886,0.0,0.0,249.203635341,249.203635341,524.303897986,513.35991718,10.943980806
 12/30  11:00:00,565.827900705,30.3148174886,0.0,0.0,249.203635341,249.203635341,499.142642643,490.390518802,8.75212384139
 12/30  12:00:00,646.178405905,30.3148174886,51.8503342661,0.0,249.203635341,249.203635341,438.607785941,427.655361536,10.9524244048
 12/30  13:00:00,653.678838412,30.3148174886,27.9306605709,0.0,249.203635341,249.203635341,393.021025753,384.265978124,8.75504762837
 12/30  14:00:00,639.894147062,30.3148174886,18.8431672604,0.0,249.203635341,249.203635341,383.636852586,374.885526506,8.75132607981
 12/30  15:00:00,389.881939789,30.3148174886,17.3590841027,0.0,74.7610906023,174.442544739,499.983641724,493.42623192,6.55740980321
 12/30  16:00:00,387.229492258,30.3148174886,15.4151219585,0.0,74.7610906023,174.442544739,556.579923507,550.028094001,6.55182950518
 12/30  17:00:00,435.029880272,30.3148174886,14.8596939197,0.0,74.7610906023,174.442544739,595.712109725,589.158013749,6.55409597606
 12/30  18:00:00,438.92453479,30.3148174886,14.289537747,0.0,24.9203635341,149.522181205,689.241799111,684.877756999,4.36404211193
 12/30  19:00:00,347.929949388,0.0,0.0,0.0,24.9203635341,149.522181205,2.19216363902,0.0,2.19216363902
 12/30  20:00:00,323.485554435,0.0,0.0,0.0,24.9203635341,149.522181205,4.36368153942,0.0,4.36368153942
 12/30  21:00:00,323.485553915,0.0,0.0,0.0,24.9203635341,149.522181205,2.19198376806,0.0,2.19198376806
 12/30  22:00:00,299.042137671,0.0,0.0,0.0,24.9203635341,149.522181205,4.36790080473,0.0,4.36790080473
 12/30  23:00:00,288.639979195,0.821471083491,0.128135262909,0.0,24.9203635341,149.522181205,9.29403369675,4.93368038551,4.36035331125
 12/30  24:00:00,278.454902074,1.64294216698,0.455606580852,0.0,24.9203635341,149.522181205,12.7272154616,10.5371181035,2.1900973581
 12/31  01:00:00,273.378808696,2.05367770873,0.684079729338,0.0,24.9203635341,149.522181205,19.0846378607,16.895285433,2.18935242765
 12/31  02:00:00,266.338466913,1.64294216698,0.612938222221,0.0,24.9203635341,149.522181205,17.4379588329,15.2488235715,2.18913526139
 12/31  03:00:00,273.223116,2.05367770873,0.598244901862,0.0,24.9203635341,149.522181205,25.0201986544,22.8308584777,2.1893401767
 12/31  04:00:00,263.491153432,1.64294216698,0.422119873708,0.0,24.9203635341,149.522181205,22.7930092352,20.6036314953,2.1893777399
 12/31  05:00:00,278.514687547,2.05367770873,0.235026113484,0.0,24.9203635341,149.522181205,35.9431354881,33.7539466123,2.18918887573
 12/31  06:00:00,297.208629755,1.64294216698,0.120103441723,0.0,24.9203635341,149.522181205,29.7426382697,27.5507244918,2.19191377792
 12/31  07:00:00,332.079013558,2.05367770873,0.000335160209543,0.0,24.9203635341,149.522181205,49.2747158035,47.0854163131,2.18929949036
 12/31  08:00:00,524.591689502,17.8206067765,125.712633953,0.0,24.9203635341,149.522181205,122.974928805,120.785535452,2.18939335288
 12/31  09:00:00,544.327536969,22.2757584706,170.496154829,0.0,24.9203635341,149.522181205,209.500894708,207.31153466,2.18936004787
 12/31  10:00:00,457.998125564,17.8206067765,136.397038815,0.0,24.9203635341,149.522181205,185.260900714,183.071546997,2.18935371712
 12/31  11:00:00,458.334908998,22.2757584706,170.496298578,0.0,24.9203635341,149.522181205,200.993438846,198.804047325,2.18939152054
 12/31  12:00:00,408.868830619,17.8206067765,136.397038863,0.0,24.9203635341,149.522181205,162.603320272,160.412501821,2.1908184514
 12/31  13:00:00,458.496213538,22.2757584706,170.496298579,0.0,24.9203635341,149.522181205,210.117150153,205.75477869,4.36237146271
 12/31  14:00:00,409.234900012,17.8206067765,136.397038863,0.0,24.9203635341,149.522181205,175.406126682,171.038075961,4.36805072119
 12/31  15:00:00,457.708011421,22.2757584706,170.496298579,0.0,24.9203635341,149.522181205,237.684862851,235.493611484,2.19125136669
 12/31  16:00:00,407.626308931,17.8206067765,136.397038863,0.0,24.9203635341,149.522181205,222.682355119,220.492984436,2.18937068298
 12/31  17:00:00,504.789277721,22.2757584706,170.496298579,0.0,24.9203635341,149.522181205,301.573239409,299.383831886,2.18940752298
 12/31  18:00:00,546.689134425,18.6000519993,140.547605735,0.0,24.9203635341,149.522181205,322.19752338,320.008248351,2.18927502911
 12/31  19:00:00,603.526156582,23.8346489163,174.437336284,0.0,24.9203635341,149.522181205,422.329681916,420.14031284,2.18936907556
 12/31  20:00:00,518.760458452,18.6779965216,136.397038863,0.0,24.9203635341,149.522181205,338.272023686,336.082617775,2.18940591026
 12/31  21:00:00,578.017964757,24.1464270054,174.198369225,0.0,24.9203635341,149.522181205,441.859386092,439.669999354,2.18938673756
 12/31  22:00:00,514.457114868,19.3794972222,143.591624547,0.0,24.9203635341,149.522181205,381.097170743,378.905016276,2.19215446788
 12/31  23:00:00,528.246727238,24.2243715277,174.03932913,0.0,24.9203635341,149.522181205,476.409224651,474.21983855,2.18938610123
 12/31  24:00:00,464.832819105,19.3794972222,143.382676125,0.0,24.9203635341,149.522181205,399.779652947,397.590285961,2.18936698669
